0 0.3992963940193492 0.79453125 0.03518029903254178 0.0578125
0 0.2796833773087071 0.71171875 0.03518029903254178 0.0390625
0 0.3144239226033421 0.6171875 0.030782761653474055 0.034375
0 0.2106420404573439 0.578125 0.030782761653474055 0.034375
0 0.7273526824978013 0.90625 0.03518029903254178 0.065625
0 0.7167985927880388 0.96875 0.040457343887423045 0.0625
0 0.27440633245382584 0.0765625 0.026385224274406333 0.021875
0 0.2911169744942832 0.0375 0.024626209322779244 0.025
0 0.2770448548812665 0.01171875 0.0158311345646438 0.0203125
0 0.22295514511873352 0.009375 0.02198768689533861 0.015625
0 0.15611257695690414 0.14453125 0.02198768689533861 0.0234375
0 0.16402814423922604 0.1296875 0.023746701846965697 0.021875
0 0.16974494283201408 0.1125 0.021108179419525065 0.021875
0 0.20932277924362355 0.02890625 0.022867194371152155 0.0203125
0 0.20360598065083554 0.04453125 0.023746701846965697 0.0203125
0 0.19393139841688653 0.06171875 0.02198768689533861 0.0234375
0 0.1864555848724714 0.0765625 0.022867194371152155 0.025
0 0.1759014951627089 0.09375 0.024626209322779244 0.021875
0 0.11081794195250659 0.12109375 0.01759014951627089 0.0296875
0 0.12884784520668427 0.1203125 0.016710642040457344 0.03125
0 0.13676341248900617 0.01640625 0.02198768689533861 0.0234375
0 0.30123131046613894 0.0140625 0.025505716798592787 0.021875