0 0.7581354441512753 0.9421875 0.03342128408091469 0.071875
0 0.4841688654353562 0.84921875 0.029023746701846966 0.0703125
0 0.3786279683377309 0.68359375 0.03430079155672823 0.0453125
0 0.38610378188214606 0.571875 0.028144239226033423 0.034375
0 0.2906772207563764 0.50859375 0.027264731750219876 0.0359375
0 0.27308707124010556 0.08203125 0.020228671943711522 0.0234375
0 0.28232189973614774 0.06953125 0.022867194371152155 0.0234375
0 0.2884784520668426 0.0546875 0.021108179419525065 0.021875
0 0.2955145118733509 0.0390625 0.022867194371152155 0.025
0 0.39006156552330695 0.04140625 0.023746701846965697 0.0296875
0 0.40897097625329815 0.01015625 0.022867194371152155 0.0171875
0 0.30606860158311344 0.025 0.021108179419525065 0.025
0 0.3148636763412489 0.0125 0.021108179419525065 0.021875
0 0.2497801231310466 0.05234375 0.019349164467897976 0.0296875
0 0.23306948109058928 0.05078125 0.0158311345646438 0.0328125