0 0.5052770448548812 0.30625 0.032541776605101144 0.040625
0 0.5584872471416007 0.36015625 0.02990325417766051 0.0484375
0 0.8830255057167986 0.6875 0.024626209322779244 0.059375
0 0.7788038698328935 0.9765625 0.02198768689533861 0.046875
0 0.28144239226033424 0.56328125 0.028144239226033423 0.0609375
0 0.24758135444151275 0.54921875 0.02198768689533861 0.0515625
0 0.08267370272647317 0.3875 0.03518029903254178 0.028125
0 0.4080914687774846 0.1109375 0.01759014951627089 0.046875
0 0.3201407211961302 0.2046875 0.022867194371152155 0.05625
0 0.19349164467897978 0.8390625 0.03342128408091469 0.075
0 0.1517150395778364 0.98203125 0.027264731750219876 0.0359375