0 0.449868073878628 0.3203125 0.027264731750219876 0.05
0 0.35092348284960423 0.36171875 0.0316622691292876 0.0578125
0 0.31398416886543534 0.61015625 0.0316622691292876 0.0578125
0 0.29199648197009676 0.69765625 0.02990325417766051 0.0546875
0 0.25857519788918204 0.2890625 0.03342128408091469 0.034375
0 0.5030782761653474 0.26328125 0.021108179419525065 0.0546875
0 0.6081794195250659 0.328125 0.030782761653474055 0.046875
0 0.6547933157431838 0.396875 0.029023746701846966 0.05
0 0.5470536499560247 0.06328125 0.022867194371152155 0.0453125
0 0.18909410729991205 0.81015625 0.0316622691292876 0.0609375
0 0.9608619173262972 0.87421875 0.029023746701846966 0.0671875