0 0.9331574318381706 0.69609375 0.03342128408091469 0.0390625
0 0.8254177660510115 0.64140625 0.030782761653474055 0.0515625
0 0.7691292875989446 0.68515625 0.027264731750219876 0.0578125
0 0.6649076517150396 0.425 0.026385224274406333 0.046875
0 0.6143359718557607 0.4125 0.025505716798592787 0.046875
0 0.335971855760774 0.203125 0.024626209322779244 0.040625
0 0.27352682497801234 0.2453125 0.014072119613016711 0.021875
0 0.18777484608619174 0.24765625 0.020228671943711522 0.0328125
0 0.06860158311345646 0.3390625 0.022867194371152155 0.04375
0 0.11037818821459983 0.3046875 0.018469656992084433 0.0375
0 0.12752858399296393 0.28984375 0.0158311345646438 0.0359375
0 0.4445910290237467 0.63984375 0.03430079155672823 0.0390625