0 0.7915567282321899 0.55234375 0.028144239226033423 0.0484375
0 0.8170624450307827 0.64375 0.03342128408091469 0.0375
0 0.7361477572559367 0.59453125 0.028144239226033423 0.0546875
0 0.6200527704485488 0.42109375 0.02990325417766051 0.0453125
0 0.5404573438874231 0.378125 0.027264731750219876 0.040625
0 0.2484608619173263 0.24765625 0.025505716798592787 0.0328125
0 0.1961301671064204 0.28828125 0.019349164467897976 0.0203125
0 0.030343007915567283 0.37109375 0.020228671943711522 0.0390625
0 0.11037818821459983 0.29921875 0.02198768689533861 0.0359375
0 0.047493403693931395 0.35390625 0.01759014951627089 0.0359375
0 0.3997361477572559 0.6515625 0.03605980650835532 0.046875
0 0.29771328056288476 0.84296875 0.04133685136323659 0.0515625