0 0.014951627088830254 0.328125 0.028144239226033423 0.040625
0 0.2673702726473175 0.63828125 0.028144239226033423 0.0328125
0 0.36895338610378187 0.55390625 0.03430079155672823 0.0453125
0 0.4094107299912049 0.60390625 0.030782761653474055 0.0453125
0 0.3482849604221636 0.75078125 0.02990325417766051 0.0453125
0 0.45910290237467016 0.66015625 0.0316622691292876 0.0453125
0 0.490325417766051 0.70234375 0.03605980650835532 0.0546875
0 0.4261213720316623 0.84296875 0.0395778364116095 0.0609375
0 0.4687774846086192 0.896875 0.03518029903254178 0.059375
0 0.5422163588390502 0.76015625 0.03605980650835532 0.0546875
0 0.5602462620932278 0.86328125 0.03342128408091469 0.0484375
0 0.6530343007915567 0.89140625 0.03781882145998241 0.0546875
0 0.5523306948109059 0.98515625 0.028144239226033423 0.0234375
0 0.8003518029903254 0.90078125 0.03518029903254178 0.0515625
0 0.8175021987686896 0.865625 0.025505716798592787 0.040625
0 0.8931398416886543 0.828125 0.029023746701846966 0.065625
0 0.39533861037818824 0.11484375 0.025505716798592787 0.0515625
0 0.43755496921723835 0.03046875 0.023746701846965697 0.0453125
0 0.9349164467897977 0.28125 0.021108179419525065 0.046875
0 0.9239226033421284 0.3234375 0.02198768689533861 0.04375