0 0.7484608619173263 0.17421875 0.01759014951627089 0.0234375
0 0.6666666666666666 0.1546875 0.0158311345646438 0.021875
0 0.7097625329815304 0.18046875 0.014072119613016711 0.0171875
0 0.7348284960422163 0.18515625 0.018469656992084433 0.0265625
0 0.7159190853122251 0.20703125 0.019349164467897976 0.0265625
0 0.6948109058927001 0.2265625 0.019349164467897976 0.028125
0 0.7282321899736148 0.19453125 0.019349164467897976 0.0265625
0 0.6517150395778364 0.16484375 0.0158311345646438 0.0203125
0 0.5914687774846086 0.2171875 0.014951627088830254 0.021875
0 0.6020228671943711 0.2125 0.016710642040457344 0.01875
0 0.6156552330694811 0.19453125 0.01759014951627089 0.0265625
0 0.6257695690413367 0.18671875 0.014951627088830254 0.0203125
0 0.6354441512752859 0.18046875 0.014951627088830254 0.0234375
0 0.6468777484608619 0.1734375 0.016710642040457344 0.021875
0 0.5989445910290238 0.12890625 0.01759014951627089 0.0203125
0 0.5769569041336852 0.18828125 0.01759014951627089 0.0171875
0 0.20932277924362358 0.18125 0.0158311345646438 0.025
0 0.12269129287598944 0.03984375 0.013192612137203167 0.0203125
0 0.2216358839050132 0.04921875 0.012313104661389622 0.0171875
0 0.2484608619173263 0.09453125 0.011433597185576077 0.0171875
0 0.5255057167985928 0.5703125 0.02198768689533861 0.0375
0 0.5963060686015831 0.6875 0.028144239226033423 0.046875
0 0.2708883025505717 0.51484375 0.026385224274406333 0.0296875
0 0.0426561125769569 0.65703125 0.02198768689533861 0.0453125
0 0.0870712401055409 0.61640625 0.019349164467897976 0.0390625
0 0.167985927880387 0.55390625 0.021108179419525065 0.0359375
0 0.1059806508355321 0.603125 0.018469656992084433 0.04375
0 0.9507475813544415 0.0328125 0.0158311345646438 0.015625
0 0.8544415127528584 0.0078125 0.013192612137203167 0.0125
0 0.8927000879507476 0.03203125 0.012313104661389622 0.0203125
0 0.9010554089709762 0.03984375 0.009674582233948988 0.0140625
0 0.9287598944591029 0.059375 0.012313104661389622 0.015625
0 0.9485488126649076 0.06953125 0.013192612137203167 0.0171875
0 0.9379947229551451 0.065625 0.011433597185576077 0.015625
0 0.9569041336851363 0.0765625 0.012313104661389622 0.015625
0 0.8759894459102904 0.021875 0.012313104661389622 0.01875
0 0.8641160949868074 0.0140625 0.011433597185576077 0.015625