0 0.579155672823219 0.01640625 0.025505716798592787 0.0296875
0 0.5505716798592788 0.06875 0.024626209322779244 0.040625
0 0.5035180299032542 0.1640625 0.023746701846965697 0.040625
0 0.4569041336851363 0.24453125 0.027264731750219876 0.0515625
0 0.0158311345646438 0.3328125 0.02990325417766051 0.05
0 0.06992084432717678 0.4140625 0.029023746701846966 0.04375
0 0.3179419525065963 0.64453125 0.029023746701846966 0.0484375
0 0.4098504837291117 0.6984375 0.03518029903254178 0.053125
0 0.30299032541776605 0.77734375 0.029023746701846966 0.0453125
0 0.380386983289358 0.9015625 0.032541776605101144 0.053125
0 0.4476693051890941 0.7546875 0.02990325417766051 0.046875
0 0.4472295514511873 0.98828125 0.029023746701846966 0.0234375
0 0.49648197009674583 0.8265625 0.032541776605101144 0.053125
0 0.5272647317502199 0.8765625 0.03605980650835532 0.0625
0 0.579155672823219 0.94921875 0.03781882145998241 0.0640625
0 0.9916446789797714 0.54375 0.016710642040457344 0.05625