0 0.976693051890941 0.42421875 0.02198768689533861 0.0453125
0 0.9656992084432717 0.47109375 0.022867194371152155 0.0515625
0 0.5325417766051012 0.0140625 0.023746701846965697 0.025
0 0.5070360598065083 0.0640625 0.025505716798592787 0.05
0 0.4630606860158311 0.16953125 0.023746701846965697 0.0453125
0 0.41996481970096744 0.259375 0.027264731750219876 0.05625
0 0.03605980650835532 0.48359375 0.0316622691292876 0.0390625
0 0.39533861037818824 0.715625 0.03605980650835532 0.046875
0 0.29243623570800353 0.8140625 0.030782761653474055 0.04375
0 0.35356200527704484 0.74375 0.02990325417766051 0.046875
0 0.43799472295514513 0.76796875 0.0316622691292876 0.0484375
0 0.37686895338610377 0.92578125 0.032541776605101144 0.0484375
0 0.4894459102902375 0.82890625 0.032541776605101144 0.0484375
0 0.5219876868953386 0.8734375 0.03781882145998241 0.05625
0 0.5769569041336852 0.93515625 0.03869832893579595 0.0578125