0 0.0839929639401935 0.48046875 0.032541776605101144 0.0359375
0 0.11345646437994723 0.49921875 0.0316622691292876 0.0359375
0 0.43535620052770446 0.12890625 0.02990325417766051 0.0359375
0 0.5123131046613896 0.13203125 0.03430079155672823 0.0421875
0 0.480650835532102 0.1703125 0.030782761653474055 0.040625
0 0.5105540897097626 0.19296875 0.030782761653474055 0.0359375
0 0.8518029903254177 0.028125 0.020228671943711522 0.053125
0 0.4080914687774846 0.53515625 0.03518029903254178 0.0421875
0 0.4340369393139842 0.66484375 0.027264731750219876 0.0703125
0 0.45602462620932277 0.68125 0.029023746701846966 0.065625
0 0.4762532981530343 0.93828125 0.027264731750219876 0.0703125
0 0.5532102022867195 0.94921875 0.024626209322779244 0.0640625
0 0.5976253298153035 0.928125 0.023746701846965697 0.075