0 0.09454705364995603 0.0125 0.020228671943711522 0.021875
0 0.14511873350923485 0.14765625 0.024626209322779244 0.0484375
0 0.18293755496921724 0.24609375 0.022867194371152155 0.0453125
0 0.27792436235708 0.3140625 0.022867194371152155 0.04375
0 0.8359718557607739 0.01875 0.018469656992084433 0.034375
0 0.7176781002638524 0.07109375 0.026385224274406333 0.0359375
0 0.683377308707124 0.11484375 0.02990325417766051 0.0421875
0 0.6209322779243623 0.1890625 0.02990325417766051 0.040625
0 0.5633245382585752 0.25078125 0.030782761653474055 0.0484375
0 0.34432717678100266 0.6859375 0.025505716798592787 0.046875
0 0.4551451187335092 0.6609375 0.029023746701846966 0.059375
0 0.39841688654353563 0.840625 0.026385224274406333 0.05625
0 0.4837291116974494 0.73515625 0.028144239226033423 0.0546875
0 0.5206684256816183 0.82734375 0.02990325417766051 0.0609375
0 0.5426561125769569 0.8890625 0.0316622691292876 0.06875
0 0.4529463500439754 0.971875 0.03518029903254178 0.053125
0 0.5817941952506597 0.971875 0.03430079155672823 0.053125