0 0.04133685136323659 0.065625 0.026385224274406333 0.053125
0 0.12005277044854881 0.16640625 0.023746701846965697 0.0453125
0 0.10378188214599825 0.209375 0.028144239226033423 0.05
0 0.17326297273526825 0.20234375 0.022867194371152155 0.0421875
0 0.14555848724714163 0.303125 0.025505716798592787 0.046875
0 0.673702726473175 0.0421875 0.028144239226033423 0.040625
0 0.6407211961301671 0.09140625 0.027264731750219876 0.0453125
0 0.5822339489885664 0.17421875 0.026385224274406333 0.0390625
0 0.5290237467018469 0.2421875 0.029023746701846966 0.046875
0 0.44239226033421286 0.671875 0.0316622691292876 0.05625
0 0.33289357959542654 0.7203125 0.027264731750219876 0.053125
0 0.47405452946350046 0.740625 0.028144239226033423 0.05625
0 0.3970976253298153 0.86328125 0.029023746701846966 0.0578125
0 0.5162708883025505 0.8234375 0.02990325417766051 0.059375
0 0.5426561125769569 0.88046875 0.03518029903254178 0.0640625
0 0.45646437994722955 0.97578125 0.02990325417766051 0.0453125
0 0.5879507475813545 0.965625 0.03605980650835532 0.06875