0 0.5294635004397538 0.01484375 0.026385224274406333 0.0265625
0 0.5061565523306948 0.06328125 0.029023746701846966 0.0578125
0 0.4630606860158311 0.1703125 0.023746701846965697 0.046875
0 0.4204045734388742 0.25859375 0.026385224274406333 0.0515625
0 0.03518029903254178 0.48671875 0.0316622691292876 0.0421875
0 0.9758135444151276 0.4265625 0.020228671943711522 0.046875
0 0.965259454705365 0.47109375 0.023746701846965697 0.0515625
0 0.39533861037818824 0.7171875 0.03430079155672823 0.05
0 0.29243623570800353 0.815625 0.030782761653474055 0.04375
0 0.4366754617414248 0.76875 0.030782761653474055 0.046875
0 0.4102902374670185 0.8171875 0.032541776605101144 0.05
0 0.376429199648197 0.92578125 0.03342128408091469 0.0515625
0 0.4890061565523307 0.82890625 0.03342128408091469 0.0515625
0 0.5219876868953386 0.8734375 0.03781882145998241 0.053125
0 0.5760773966578716 0.93515625 0.040457343887423045 0.0578125