0 0.07871591908531222 0.37578125 0.03430079155672823 0.0421875
0 0.21240105540897097 0.4296875 0.03605980650835532 0.04375
0 0.29507475813544415 0.4921875 0.03430079155672823 0.04375
0 0.272207563764292 0.54765625 0.03605980650835532 0.0484375
0 0.36455584872471414 0.5515625 0.03605980650835532 0.04375
0 0.3992963940193492 0.63984375 0.03518029903254178 0.0453125
0 0.45910290237467016 0.63046875 0.03869832893579595 0.0484375
0 0.4678979771328056 0.67421875 0.036939313984168866 0.0453125
0 0.45074758135444154 0.7 0.03430079155672823 0.046875
0 0.4841688654353562 0.72734375 0.03430079155672823 0.0453125
0 0.5378188214599824 0.69140625 0.03781882145998241 0.0515625
0 0.8641160949868074 0.54453125 0.023746701846965697 0.0609375