0 0.07959542656112577 0.41796875 0.03605980650835532 0.0421875
0 0.17150395778364116 0.49375 0.036939313984168866 0.04375
0 0.14160070360598065 0.53984375 0.036939313984168866 0.0421875
0 0.2673702726473175 0.63671875 0.03518029903254178 0.0453125
0 0.3007915567282322 0.6359375 0.03342128408091469 0.053125
0 0.32849604221635886 0.628125 0.0395778364116095 0.05
0 0.3175021987686895 0.69609375 0.03518029903254178 0.0453125
0 0.3500439753737907 0.72265625 0.03518029903254178 0.0453125
0 0.40853122251539137 0.6875 0.03781882145998241 0.053125
0 0.7396657871591908 0.53984375 0.024626209322779244 0.0609375
0 0.9727352682497801 0.80078125 0.02990325417766051 0.0390625