0 0.010554089709762533 0.21875 0.019349164467897976 0.03125
0 0.026385224274406333 0.2578125 0.0316622691292876 0.0375
0 0.1627088830255057 0.49140625 0.02990325417766051 0.0390625
0 0.35883905013192613 0.59296875 0.03518029903254178 0.0453125
0 0.415127528583993 0.6328125 0.03518029903254178 0.04375
0 0.46921723834652596 0.678125 0.03605980650835532 0.046875
0 0.4859278803869833 0.7546875 0.03605980650835532 0.046875
0 0.5457343887423043 0.7421875 0.0395778364116095 0.05
0 0.538698328935796 0.81484375 0.03605980650835532 0.0484375
0 0.5743183817062445 0.8421875 0.03518029903254178 0.04375
0 0.6015831134564644 0.8265625 0.036939313984168866 0.05
0 0.6297273526824977 0.80546875 0.03869832893579595 0.0515625
0 0.9560246262093228 0.64609375 0.024626209322779244 0.0640625