0 0.5277044854881267 0.06953125 0.022867194371152155 0.0390625
0 0.5030782761653474 0.12890625 0.024626209322779244 0.0484375
0 0.4604221635883905 0.2296875 0.02198768689533861 0.04375
0 0.4164467897977132 0.31640625 0.025505716798592787 0.0515625
0 0.032541776605101144 0.54140625 0.0316622691292876 0.0421875
0 0.3905013192612138 0.771875 0.036939313984168866 0.05
0 0.43271767810026385 0.825 0.02990325417766051 0.04375
0 0.484608619173263 0.88671875 0.03342128408091469 0.0515625
0 0.5175901495162709 0.93046875 0.03781882145998241 0.0546875
0 0.465259454705365 0.94765625 0.0316622691292876 0.0484375
0 0.2862796833773087 0.87109375 0.030782761653474055 0.0421875
0 0.37159190853122254 0.98046875 0.03430079155672823 0.0390625
0 0.5725593667546174 0.98125 0.040457343887423045 0.0375
0 0.9700967458223395 0.48046875 0.021108179419525065 0.0484375
0 0.9595426561125769 0.52578125 0.022867194371152155 0.0484375