0 0.029463500439753737 0.16640625 0.03430079155672823 0.0453125
0 0.11477572559366754 0.26640625 0.032541776605101144 0.0453125
0 0.018469656992084436 0.3515625 0.03518029903254178 0.05
0 0.08091468777484609 0.434375 0.040457343887423045 0.04375
0 0.31838170624450307 0.6625 0.03518029903254178 0.05625
0 0.23966578715919085 0.26328125 0.030782761653474055 0.0515625
0 0.2532981530343008 0.2359375 0.03342128408091469 0.04375
0 0.3192612137203166 0.3890625 0.028144239226033423 0.059375
0 0.5140721196130167 0.4390625 0.027264731750219876 0.05
0 0.5343007915567283 0.3953125 0.027264731750219876 0.05625
0 0.5725593667546174 0.32421875 0.026385224274406333 0.0546875
0 0.637203166226913 0.14921875 0.027264731750219876 0.0515625
0 0.689094107299912 0.19296875 0.023746701846965697 0.0515625