0 0.0158311345646438 0.05 0.02990325417766051 0.0375
0 0.04793315743183817 0.08984375 0.027264731750219876 0.0359375
0 0.08883025505716799 0.1328125 0.024626209322779244 0.034375
0 0.113896218117854 0.16640625 0.030782761653474055 0.0421875
0 0.15655233069481092 0.21015625 0.0316622691292876 0.0453125
0 0.047053649956024624 0.27265625 0.03605980650835532 0.0484375
0 0.08047493403693931 0.3109375 0.032541776605101144 0.046875
0 0.15083553210202286 0.39765625 0.03430079155672823 0.0484375
0 0.24538258575197888 0.31015625 0.0316622691292876 0.0421875
0 0.218117854001759 0.48515625 0.03869832893579595 0.0484375
0 0.370712401055409 0.309375 0.032541776605101144 0.05
0 0.3839050131926121 0.28125 0.03430079155672823 0.05
0 0.4542656112576957 0.43671875 0.027264731750219876 0.0609375
0 0.46262093227792433 0.71484375 0.03518029903254178 0.0609375
0 0.7664907651715039 0.1859375 0.027264731750219876 0.053125
0 0.7075637642919965 0.36484375 0.025505716798592787 0.0546875
0 0.6701846965699209 0.43671875 0.026385224274406333 0.0546875
0 0.6517150395778364 0.48515625 0.026385224274406333 0.0546875