0 0.2119613016710642 0.12734375 0.0158311345646438 0.0484375
0 0.20976253298153033 0.20390625 0.016710642040457344 0.0609375
0 0.2040457343887423 0.3390625 0.0158311345646438 0.046875
0 0.19525065963060687 0.4609375 0.01759014951627089 0.0625
0 0.32849604221635886 0.8796875 0.03781882145998241 0.03125
0 0.38214599824098505 0.8734375 0.032541776605101144 0.03125
0 0.4450307827616535 0.865625 0.03342128408091469 0.03125
0 0.4859278803869833 0.86328125 0.0395778364116095 0.0328125
0 0.548372911169745 0.85390625 0.0395778364116095 0.0296875
0 0.6776605101143359 0.840625 0.0395778364116095 0.03125
0 0.6974494283201407 0.0765625 0.0158311345646438 0.04375
0 0.7022867194371152 0.12109375 0.018469656992084433 0.0453125
0 0.8342128408091469 0.54609375 0.020228671943711522 0.0640625