0 0.025945470536499562 0.35859375 0.029023746701846966 0.0359375
0 0.07299912049252419 0.3875 0.0316622691292876 0.03125
0 0.10158311345646438 0.4046875 0.032541776605101144 0.0375
0 0.13940193491644678 0.4328125 0.032541776605101144 0.0375
0 0.16358839050131926 0.47578125 0.0316622691292876 0.0390625
0 0.3038698328935796 0.71953125 0.032541776605101144 0.0421875
0 0.532981530343008 0.84921875 0.03518029903254178 0.0484375
0 0.5769569041336852 0.88125 0.036939313984168866 0.046875
0 0.6314863676341249 0.928125 0.03869832893579595 0.05
0 0.6464379947229552 0.9921875 0.019349164467897976 0.015625
0 0.7159190853122251 0.98515625 0.04397537379067722 0.0296875
0 0.3021108179419525 0.93828125 0.027264731750219876 0.0671875