0 0.032541776605101144 0.1484375 0.0316622691292876 0.040625
0 0.06640281442392261 0.1890625 0.027264731750219876 0.0375
0 0.1090589270008795 0.23671875 0.02990325417766051 0.0421875
0 0.13368513632365875 0.26953125 0.03342128408091469 0.0453125
0 0.1772207563764292 0.3171875 0.032541776605101144 0.046875
0 0.26868953386103783 0.421875 0.032541776605101144 0.046875
0 0.007036059806508356 0.3078125 0.012313104661389622 0.034375
0 0.055848724714160074 0.29765625 0.03430079155672823 0.0484375
0 0.06596306068601583 0.384375 0.03869832893579595 0.053125
0 0.10026385224274406 0.4265625 0.03518029903254178 0.053125
0 0.1723834652594547 0.5140625 0.03342128408091469 0.05
0 0.2423043095866315 0.60546875 0.03605980650835532 0.0484375
0 0.3988566402814424 0.42109375 0.03430079155672823 0.0546875
0 0.41204925241864554 0.390625 0.03430079155672823 0.05
0 0.4837291116974494 0.5578125 0.02990325417766051 0.071875
0 0.4947229551451187 0.85078125 0.03605980650835532 0.0640625
0 0.6886543535620053 0.6046875 0.026385224274406333 0.059375
0 0.7075637642919965 0.55234375 0.029023746701846966 0.0578125
0 0.7445030782761654 0.47578125 0.025505716798592787 0.0578125
0 0.8051890941072998 0.28828125 0.027264731750219876 0.0578125
0 0.9010554089709762 0.025 0.027264731750219876 0.046875