0 0.028583992963940194 0.36875 0.027264731750219876 0.034375
0 0.13720316622691292 0.4046875 0.03342128408091469 0.04375
0 0.22427440633245382 0.471875 0.03342128408091469 0.04375
0 0.22471416007036057 0.5453125 0.03781882145998241 0.04375
0 0.3043095866314864 0.53828125 0.036939313984168866 0.0484375
0 0.35224274406332456 0.640625 0.03430079155672823 0.046875
0 0.4124890061565523 0.62890625 0.03869832893579595 0.0484375
0 0.4080914687774846 0.66328125 0.03518029903254178 0.0484375
0 0.40325417766051014 0.70078125 0.03430079155672823 0.0421875
0 0.4366754617414248 0.72578125 0.03430079155672823 0.0453125
0 0.4920844327176781 0.68984375 0.03781882145998241 0.0515625
0 0.8197009674582233 0.5453125 0.024626209322779244 0.0625