0 0.027704485488126648 0.0953125 0.030782761653474055 0.040625
0 0.06068601583113457 0.13359375 0.028144239226033423 0.0390625
0 0.010554089709762533 0.18984375 0.019349164467897976 0.0421875
0 0.10290237467018469 0.18046875 0.02990325417766051 0.0390625
0 0.1279683377308707 0.21171875 0.03430079155672823 0.0453125
0 0.1706244503078276 0.259375 0.03342128408091469 0.046875
0 0.06068601583113457 0.3234375 0.036939313984168866 0.053125
0 0.09410729991204925 0.365625 0.03342128408091469 0.05
0 0.16534740545294635 0.44921875 0.03518029903254178 0.0484375
0 0.2598944591029024 0.3609375 0.032541776605101144 0.046875
0 0.23350923482849603 0.54140625 0.03781882145998241 0.0515625
0 0.38742304309586634 0.36015625 0.032541776605101144 0.0515625
0 0.40105540897097625 0.32890625 0.03518029903254178 0.0484375
0 0.4736147757255937 0.4890625 0.027264731750219876 0.0625
0 0.48197009674582236 0.77578125 0.03518029903254178 0.0671875
0 0.7273526824978013 0.4140625 0.026385224274406333 0.059375
0 0.6917326297273527 0.48828125 0.027264731750219876 0.0546875
0 0.6728232189973615 0.53984375 0.026385224274406333 0.0578125