0 0.028144239226033423 0.36640625 0.0316622691292876 0.0453125
0 0.22867194371152155 0.78359375 0.0316622691292876 0.0609375
0 0.15567282321899736 0.36796875 0.03518029903254178 0.0515625
0 0.1706244503078276 0.3375 0.03518029903254178 0.05
0 0.23306948109058928 0.49453125 0.0316622691292876 0.0609375
0 0.5074758135444152 0.559375 0.028144239226033423 0.05625
0 0.43491644678979774 0.5453125 0.025505716798592787 0.05625
0 0.4547053649956025 0.49609375 0.026385224274406333 0.0546875
0 0.4969217238346526 0.4234375 0.026385224274406333 0.05625
0 0.5646437994722955 0.2390625 0.028144239226033423 0.053125
0 0.006156552330694811 0.55703125 0.010554089709762533 0.0328125