0 0.01759014951627089 0.49609375 0.03342128408091469 0.0484375
0 0.051890941072999124 0.32265625 0.0316622691292876 0.0421875
0 0.17766051011433598 0.3203125 0.0316622691292876 0.046875
0 0.19217238346525944 0.28984375 0.03430079155672823 0.0453125
0 0.2559366754617414 0.44609375 0.02990325417766051 0.0578125
0 0.2519788918205805 0.7265625 0.03605980650835532 0.053125
0 0.4542656112576957 0.496875 0.025505716798592787 0.053125
0 0.47405452946350046 0.446875 0.028144239226033423 0.053125
0 0.51363236587511 0.37890625 0.026385224274406333 0.0546875
0 0.5646437994722955 0.41640625 0.026385224274406333 0.0546875
0 0.5826737027264732 0.19609375 0.025505716798592787 0.0546875