0 0.024626209322779244 0.4078125 0.0316622691292876 0.0375
0 0.04573438874230431 0.44921875 0.02990325417766051 0.0359375
0 0.17546174142480211 0.684375 0.029023746701846966 0.040625
0 0.3834652594547054 0.7953125 0.03518029903254178 0.046875
0 0.37423043095866315 0.85546875 0.025505716798592787 0.0359375
0 0.4331574318381706 0.8296875 0.03605980650835532 0.046875
0 0.4859278803869833 0.8765625 0.0395778364116095 0.05
0 0.5026385224274407 0.95546875 0.03605980650835532 0.0484375
0 0.5650835532102023 0.94453125 0.04133685136323659 0.0515625
0 0.6455584872471416 0.990625 0.028144239226033423 0.015625
0 0.9850483729111698 0.8390625 0.022867194371152155 0.065625