0 0.6503957783641161 0.4125 0.023746701846965697 0.059375
0 0.19085312225153916 0.4609375 0.03342128408091469 0.046875
0 0.19041336851363236 0.51015625 0.03605980650835532 0.0421875
0 0.24802110817941952 0.49765625 0.03869832893579595 0.0484375
0 0.3245382585751979 0.55546875 0.036939313984168866 0.0453125
0 0.23702726473175023 0.5625 0.032541776605101144 0.040625
0 0.2691292875989446 0.5875 0.03342128408091469 0.0375
0 0.25285839929639403 0.97265625 0.04309586631486367 0.0484375
0 0.5936675461741425 0.77734375 0.03342128408091469 0.0421875
0 0.07080035180299032 0.4203125 0.03430079155672823 0.0375
0 0.8715919085312225 0.64921875 0.02990325417766051 0.0359375