0 0.08487247141600704 0.38515625 0.032541776605101144 0.0453125
0 0.12049252418645559 0.42890625 0.028144239226033423 0.0390625
0 0.16534740545294635 0.48359375 0.0316622691292876 0.0453125
0 0.19217238346525944 0.52109375 0.03430079155672823 0.0515625
0 0.23878627968337732 0.57421875 0.03430079155672823 0.0515625
0 0.33641160949868076 0.6921875 0.03430079155672823 0.05
0 0.051890941072999124 0.56328125 0.0316622691292876 0.0453125
0 0.12137203166226913 0.65 0.03869832893579595 0.059375
0 0.15875109938434478 0.69921875 0.03605980650835532 0.0546875
0 0.23614775725593667 0.79609375 0.03605980650835532 0.0515625
0 0.2858399296394019 0.771875 0.036939313984168866 0.05625
0 0.3113456464379947 0.89921875 0.03869832893579595 0.0484375
0 0.47537379067722074 0.69453125 0.03430079155672823 0.0578125
0 0.48856640281442393 0.66015625 0.03605980650835532 0.0546875
0 0.5686015831134564 0.8484375 0.029023746701846966 0.078125
0 0.9032541776605101 0.54921875 0.024626209322779244 0.0609375
0 0.8438874230430958 0.76015625 0.027264731750219876 0.0578125
0 0.8065083553210202 0.84765625 0.02990325417766051 0.0609375
0 0.7889182058047493 0.90546875 0.026385224274406333 0.0609375
0 0.5677220756376429 0.6328125 0.027264731750219876 0.059375