0 0.06156552330694811 0.3703125 0.02990325417766051 0.0375
0 0.10861917326297274 0.4 0.030782761653474055 0.034375
0 0.1376429199648197 0.4171875 0.032541776605101144 0.040625
0 0.1759014951627089 0.44453125 0.03342128408091469 0.0390625
0 0.20008795074758134 0.4875 0.032541776605101144 0.0375
0 0.34564643799472294 0.734375 0.03342128408091469 0.04375
0 0.34740545294635006 0.9578125 0.028144239226033423 0.06875
0 0.5769569041336852 0.859375 0.03518029903254178 0.0375
0 0.6213720316622691 0.896875 0.03781882145998241 0.046875
0 0.6767810026385225 0.94453125 0.0395778364116095 0.0515625
0 0.7559366754617414 0.9921875 0.029023746701846966 0.015625