0 0.20888302550571677 0.0890625 0.02198768689533861 0.05
0 0.23790677220756376 0.190625 0.020228671943711522 0.046875
0 0.2999120492524187 0.18828125 0.021108179419525065 0.0453125
0 0.9067722075637643 0.08984375 0.022867194371152155 0.0359375
0 0.9014951627088831 0.0203125 0.024626209322779244 0.03125
0 0.8777484608619174 0.0390625 0.02990325417766051 0.0375
0 0.7801231310466139 0.11875 0.026385224274406333 0.034375
0 0.741424802110818 0.15390625 0.02990325417766051 0.0390625
0 0.6741424802110818 0.21796875 0.030782761653474055 0.0390625
0 0.6121372031662269 0.2671875 0.0316622691292876 0.04375
0 0.3671943711521548 0.65625 0.023746701846965697 0.053125
0 0.47845206684256814 0.653125 0.026385224274406333 0.059375
0 0.5004397537379067 0.7328125 0.024626209322779244 0.05625
0 0.41072999120492526 0.8203125 0.026385224274406333 0.059375
0 0.5321020228671943 0.83203125 0.028144239226033423 0.0609375
0 0.5492524186455585 0.8984375 0.029023746701846966 0.071875
0 0.455584872471416 0.965625 0.03342128408091469 0.06875
0 0.5787159190853123 0.98046875 0.026385224274406333 0.0359375