0 0.006156552330694811 0.02109375 0.010554089709762533 0.0359375
0 0.027704485488126648 0.05546875 0.025505716798592787 0.0328125
0 0.0681618293755497 0.09921875 0.025505716798592787 0.0359375
0 0.09366754617414248 0.1328125 0.032541776605101144 0.04375
0 0.13500439753737906 0.1765625 0.032541776605101144 0.046875
0 0.025505716798592787 0.23671875 0.036939313984168866 0.0515625
0 0.059366754617414245 0.27890625 0.03605980650835532 0.0484375
0 0.1279683377308707 0.3609375 0.03605980650835532 0.05
0 0.22295514511873352 0.275 0.032541776605101144 0.04375
0 0.34784520668425684 0.275 0.032541776605101144 0.053125
0 0.3605980650835532 0.2453125 0.03342128408091469 0.05
0 0.43007915567282323 0.4015625 0.028144239226033423 0.0625
0 0.4371152154793316 0.6734375 0.03518029903254178 0.059375
0 0.6248900615655233 0.4484375 0.025505716798592787 0.05625
0 0.644678979771328 0.39921875 0.028144239226033423 0.0546875
0 0.6816182937554969 0.32890625 0.026385224274406333 0.0515625
0 0.7418645558487248 0.15390625 0.027264731750219876 0.0546875
0 0.862796833773087 0.01171875 0.019349164467897976 0.0203125