0 0.0158311345646438 0.37265625 0.02990325417766051 0.0453125
0 0.10554089709762535 0.45234375 0.036939313984168866 0.0453125
0 0.10993843447669305 0.528125 0.036939313984168866 0.04375
0 0.2343887423043096 0.62265625 0.03430079155672823 0.0453125
0 0.25857519788918204 0.60859375 0.03342128408091469 0.0546875
0 0.29507475813544415 0.6125 0.0395778364116095 0.05
0 0.3737906772207564 0.675 0.03869832893579595 0.046875
0 0.28408091468777485 0.68203125 0.03518029903254178 0.0453125
0 0.31706244503078274 0.70859375 0.03430079155672823 0.0421875
0 0.706684256816183 0.52578125 0.023746701846965697 0.0609375
0 0.9357959542656112 0.784375 0.0316622691292876 0.04375