0 0.005277044854881267 0.19609375 0.008795074758135445 0.0265625
0 0.08003518029903255 0.2890625 0.02990325417766051 0.04375
0 0.04617414248021108 0.46171875 0.03605980650835532 0.0453125
0 0.20580474934036938 0.28828125 0.0316622691292876 0.0515625
0 0.2198768689533861 0.259375 0.03518029903254178 0.046875
0 0.2854001759014952 0.4140625 0.029023746701846966 0.059375
0 0.28100263852242746 0.68984375 0.03430079155672823 0.0546875
0 0.4810905892700088 0.4640625 0.024626209322779244 0.053125
0 0.5008795074758136 0.4140625 0.027264731750219876 0.053125
0 0.5400175901495162 0.34609375 0.028144239226033423 0.0546875
0 0.6257695690413368 0.29453125 0.025505716798592787 0.0484375
0 0.6068601583113457 0.16640625 0.026385224274406333 0.0515625