0 0.012752858399296392 0.21796875 0.023746701846965697 0.0328125
0 0.1442392260334213 0.453125 0.0316622691292876 0.04375
0 0.32277924362357074 0.53984375 0.03518029903254178 0.0421875
0 0.33992963940193494 0.62109375 0.030782761653474055 0.0453125
0 0.38786279683377306 0.5875 0.03518029903254178 0.04375
0 0.4445910290237467 0.63515625 0.03605980650835532 0.0453125
0 0.4656992084432718 0.71484375 0.03430079155672823 0.0453125
0 0.5241864555848724 0.70234375 0.03869832893579595 0.0484375
0 0.5175901495162709 0.77265625 0.03605980650835532 0.0453125
0 0.5518909410729991 0.80234375 0.03430079155672823 0.0453125
0 0.5633245382585752 0.76953125 0.03781882145998241 0.0453125
0 0.6072999120492524 0.76484375 0.0395778364116095 0.0484375
0 0.9318381706244503 0.60859375 0.023746701846965697 0.0609375