0 0.13192612137203166 0.5078125 0.036939313984168866 0.05
0 0.11609498680738786 0.540625 0.03518029903254178 0.053125
0 0.12752858399296393 0.784375 0.036939313984168866 0.053125
0 0.3161829375549692 0.91484375 0.03781882145998241 0.0453125
0 0.4313984168865435 0.8078125 0.025505716798592787 0.06875
0 0.4001759014951627 0.725 0.02990325417766051 0.0625
0 0.4226033421284081 0.66796875 0.030782761653474055 0.0609375
0 0.46437994722955145 0.58984375 0.028144239226033423 0.0578125
0 0.5369393139841688 0.39296875 0.029023746701846966 0.0578125
0 0.6561125769569042 0.11484375 0.024626209322779244 0.0515625
0 0.6723834652594547 0.0578125 0.023746701846965697 0.046875