0 0.5545294635004397 0.546875 0.032541776605101144 0.046875
0 0.3302550571679859 0.5390625 0.029023746701846966 0.028125
0 0.040457343887423045 0.25 0.03518029903254178 0.021875
0 0.03342128408091469 0.3046875 0.03869832893579595 0.03125
0 0.034740545294635 0.35 0.03605980650835532 0.025
0 0.08619173262972735 0.37265625 0.03869832893579595 0.0265625
0 0.08795074758135445 0.39921875 0.0316622691292876 0.0234375
0 0.08663148636763414 0.42421875 0.032541776605101144 0.0234375
0 0.1759014951627089 0.4296875 0.028144239226033423 0.028125
0 0.03210202286719437 0.378125 0.03781882145998241 0.028125
0 0.028583992963940194 0.4078125 0.0395778364116095 0.025
0 0.027264731750219876 0.43515625 0.040457343887423045 0.0265625
0 0.03825857519788918 0.27421875 0.03605980650835532 0.0265625
0 0.706684256816183 0.696875 0.0395778364116095 0.0625
0 0.8597185576077396 0.9328125 0.03781882145998241 0.059375
0 0.9133685136323659 0.91015625 0.03781882145998241 0.0578125
0 0.9498680738786279 0.959375 0.03869832893579595 0.065625
0 0.9859278803869833 0.4421875 0.026385224274406333 0.0625
0 0.9696569920844327 0.27265625 0.02198768689533861 0.0421875
0 0.8711521547933158 0.23515625 0.02198768689533861 0.0453125
0 0.909410729991205 0.15546875 0.024626209322779244 0.0390625
0 0.9643799472295514 0.03359375 0.023746701846965697 0.0390625
0 0.9472295514511874 0.07265625 0.022867194371152155 0.0484375
0 0.4758135444151275 0.89765625 0.03342128408091469 0.0671875