0 0.27924362357080035 0.0234375 0.018469656992084433 0.03125
0 0.2598944591029024 0.04453125 0.02198768689533861 0.0390625
0 0.3434476693051891 0.015625 0.020228671943711522 0.028125
0 0.48548812664907653 0.13671875 0.01759014951627089 0.0359375
0 0.4313984168865435 0.26484375 0.018469656992084433 0.0390625
0 0.5206684256816183 0.2484375 0.01759014951627089 0.034375
0 0.021547933157431837 0.56484375 0.016710642040457344 0.0484375
0 0.13236587510993844 0.6421875 0.016710642040457344 0.053125
0 0.15127528583992964 0.65703125 0.01759014951627089 0.0546875
0 0.1706244503078276 0.67109375 0.01759014951627089 0.0546875
0 0.19129287598944592 0.68515625 0.016710642040457344 0.0578125
0 0.21503957783641162 0.6984375 0.027264731750219876 0.05
0 0.06904133685136324 0.7703125 0.03605980650835532 0.059375
0 0.0901495162708883 0.7828125 0.032541776605101144 0.0625
0 0.1437994722955145 0.82421875 0.027264731750219876 0.0609375
0 0.14995602462620933 0.98671875 0.023746701846965697 0.0265625
0 0.46130167106420406 0.87734375 0.03430079155672823 0.0484375
0 0.5109938434476693 0.90703125 0.036939313984168866 0.0453125
0 0.5576077396657871 0.93828125 0.03869832893579595 0.0484375
0 0.6081794195250659 0.9734375 0.0395778364116095 0.05