0 0.3781882145998241 0.41484375 0.0316622691292876 0.0421875
0 0.2198768689533861 0.2234375 0.019349164467897976 0.03125
0 0.26297273526824977 0.97109375 0.03342128408091469 0.0578125
0 0.35312225153913807 0.74375 0.03430079155672823 0.065625
0 0.5206684256816183 0.50859375 0.026385224274406333 0.0578125
0 0.4969217238346526 0.421875 0.028144239226033423 0.059375
0 0.5158311345646438 0.35546875 0.025505716798592787 0.0515625
0 0.5699208443271768 0.23359375 0.026385224274406333 0.0546875
0 0.6978891820580475 0.165625 0.025505716798592787 0.05
0 0.7189973614775725 0.10625 0.025505716798592787 0.053125
0 0.6820580474934037 0.10078125 0.025505716798592787 0.0515625
0 0.7515391380826737 0.009375 0.02198768689533861 0.015625