0 0.7612137203166226 0.00859375 0.018469656992084433 0.0140625
0 0.7392260334212841 0.06015625 0.023746701846965697 0.0515625
0 0.7911169744942832 0.028125 0.023746701846965697 0.05
0 0.669744942832014 0.08828125 0.023746701846965697 0.0515625
0 0.6213720316622692 0.2 0.023746701846965697 0.05
0 0.6037818821459983 0.26171875 0.025505716798592787 0.0546875
0 0.5861917326297273 0.3953125 0.029023746701846966 0.059375
0 0.4762532981530343 0.56015625 0.030782761653474055 0.0640625
0 0.39577836411609496 0.77578125 0.028144239226033423 0.0640625
0 0.35048372911169745 0.86171875 0.032541776605101144 0.0640625
0 0.3258575197889182 0.921875 0.030782761653474055 0.06875
0 0.030782761653474055 0.984375 0.03518029903254178 0.03125
0 0.04793315743183817 0.67734375 0.0395778364116095 0.0546875
0 0.031222515391380826 0.71484375 0.03605980650835532 0.0578125