0 0.048812664907651716 0.525 0.032541776605101144 0.046875
0 0.17678100263852242 0.52109375 0.03342128408091469 0.0546875
0 0.19261213720316625 0.48984375 0.036939313984168866 0.0484375
0 0.014951627088830254 0.7109375 0.028144239226033423 0.053125
0 0.27440633245382584 0.85546875 0.04221635883905013 0.0484375
0 0.22955145118733508 0.9578125 0.03342128408091469 0.075
0 0.43931398416886547 0.82734375 0.032541776605101144 0.0609375
0 0.4621811785400176 0.70546875 0.027264731750219876 0.0609375
0 0.48328935795954264 0.6515625 0.029023746701846966 0.059375
0 0.5378188214599824 0.646875 0.027264731750219876 0.059375
0 0.5246262093227793 0.5734375 0.027264731750219876 0.05625
0 0.5936675461741425 0.37578125 0.028144239226033423 0.0546875
0 0.7080035180299032 0.10390625 0.024626209322779244 0.0515625
0 0.7238346525945472 0.046875 0.022867194371152155 0.046875