0 0.03430079155672823 0.878125 0.040457343887423045 0.05625
0 0.018469656992084436 0.9140625 0.03518029903254178 0.0625
0 0.43799472295514513 0.96953125 0.036939313984168866 0.0609375
0 0.4001759014951627 0.9734375 0.0316622691292876 0.053125
0 0.4824098504837291 0.74609375 0.032541776605101144 0.0671875
0 0.6147757255936676 0.4234375 0.026385224274406333 0.059375
0 0.6495162708883025 0.41484375 0.029023746701846966 0.0640625
0 0.6319261213720316 0.35546875 0.025505716798592787 0.0546875
0 0.683377308707124 0.23671875 0.024626209322779244 0.0546875
0 0.7537379067722075 0.20390625 0.024626209322779244 0.0515625
0 0.7805628847845205 0.13203125 0.025505716798592787 0.0515625
0 0.8082673702726473 0.16953125 0.024626209322779244 0.0515625
0 0.8276165347405453 0.1078125 0.022867194371152155 0.053125
0 0.820580474934037 0.01796875 0.022867194371152155 0.0328125
0 0.8570800351802991 0.0109375 0.020228671943711522 0.01875