0 0.41952506596306066 0.03046875 0.022867194371152155 0.0296875
0 0.3909410729991205 0.1421875 0.018469656992084433 0.0375
0 0.4520668425681618 0.17890625 0.010554089709762533 0.0328125
0 0.3447669305189094 0.28125 0.019349164467897976 0.040625
0 0.16842568161829374 0.0671875 0.020228671943711522 0.034375
0 0.14907651715039577 0.09296875 0.020228671943711522 0.0421875
0 0.23526824978012312 0.046875 0.018469656992084433 0.03125
0 0.23878627968337732 0.38515625 0.016710642040457344 0.0421875
0 0.24934036939313983 0.4 0.02198768689533861 0.04375
0 0.06068601583113457 0.7421875 0.019349164467897976 0.053125
0 0.08135444151275285 0.74921875 0.020228671943711522 0.0546875
0 0.10466138962181179 0.7609375 0.021108179419525065 0.059375
0 0.12620932277924363 0.76953125 0.018469656992084433 0.0578125
0 0.1534740545294635 0.778125 0.030782761653474055 0.05
0 0.010554089709762533 0.8890625 0.019349164467897976 0.06875
0 0.025505716798592787 0.9 0.03342128408091469 0.071875
0 0.08839050131926121 0.928125 0.027264731750219876 0.065625
0 0.42216358839050133 0.8859375 0.03518029903254178 0.040625
0 0.4744942832014072 0.9 0.03605980650835532 0.0375
0 0.5224274406332454 0.9171875 0.03869832893579595 0.0375
0 0.5743183817062446 0.9390625 0.03869832893579595 0.040625
0 0.6152154793315743 0.98046875 0.0395778364116095 0.0359375