0 0.7827616534740546 0.16484375 0.021108179419525065 0.0390625
0 0.7612137203166227 0.21015625 0.020228671943711522 0.0359375
0 0.7352682497801232 0.26171875 0.021108179419525065 0.0421875
0 0.7154793315743184 0.296875 0.025505716798592787 0.04375
0 0.6860158311345647 0.353125 0.022867194371152155 0.040625
0 0.6543535620052771 0.2125 0.026385224274406333 0.046875
0 0.6297273526824978 0.25546875 0.024626209322779244 0.0453125
0 0.6948109058927001 0.1359375 0.021108179419525065 0.0375
0 0.7387862796833773 0.05625 0.022867194371152155 0.040625
0 0.579155672823219 0.35078125 0.027264731750219876 0.0484375
0 0.5259454705364995 0.4375 0.026385224274406333 0.053125
0 0.6244503078276166 0.48359375 0.024626209322779244 0.0484375
0 0.6152154793315743 0.6828125 0.030782761653474055 0.05625
0 0.6341248900615655 0.71015625 0.02990325417766051 0.0609375
0 0.370712401055409 0.87265625 0.03605980650835532 0.0609375
0 0.13060686015831136 0.7875 0.032541776605101144 0.059375