0 0.6671064204045735 0.684375 0.030782761653474055 0.05625
0 0.6855760773966578 0.71171875 0.030782761653474055 0.0609375
0 0.5408970976253298 0.65546875 0.028144239226033423 0.0609375
0 0.5729991204925242 0.4375 0.025505716798592787 0.046875
0 0.6728232189973615 0.48359375 0.024626209322779244 0.0484375
0 0.6253298153034301 0.3515625 0.026385224274406333 0.046875
0 0.6732629727352683 0.259375 0.027264731750219876 0.04375
0 0.697009674582234 0.21640625 0.025505716798592787 0.0453125
0 0.7335092348284961 0.35859375 0.024626209322779244 0.0453125
0 0.7590149516270889 0.3015625 0.022867194371152155 0.04375
0 0.8043095866314863 0.2140625 0.020228671943711522 0.0375
0 0.8245382585751979 0.171875 0.020228671943711522 0.0375
0 0.7365875109938435 0.13984375 0.018469656992084433 0.0359375
0 0.7770448548812665 0.2671875 0.02198768689533861 0.040625
0 0.7796833773087071 0.059375 0.02198768689533861 0.040625
0 0.1868953386103782 0.7828125 0.03430079155672823 0.059375