0 0.060246262093227795 0.4953125 0.032541776605101144 0.046875
0 0.1882145998240985 0.49375 0.03342128408091469 0.053125
0 0.20316622691292877 0.46171875 0.03518029903254178 0.0484375
0 0.02198768689533861 0.68203125 0.03869832893579595 0.0515625
0 0.22955145118733508 0.88828125 0.03342128408091469 0.0703125
0 0.32629727352682497 0.84921875 0.040457343887423045 0.0359375
0 0.44547053649956025 0.9453125 0.020228671943711522 0.075
0 0.47405452946350046 0.75234375 0.02990325417766051 0.0578125
0 0.4727352682497801 0.67578125 0.029023746701846966 0.0609375
0 0.49340369393139843 0.62421875 0.028144239226033423 0.0578125
0 0.5664028144239226 0.56328125 0.026385224274406333 0.0578125
0 0.5334212840809147 0.54609375 0.025505716798592787 0.0546875
0 0.6020228671943711 0.35390625 0.027264731750219876 0.0546875
0 0.7159190853122251 0.08359375 0.024626209322779244 0.0515625
0 0.7299912049252418 0.02734375 0.021108179419525065 0.0453125