0 0.4758135444151275 0.1359375 0.019349164467897976 0.034375
0 0.4212840809146878 0.265625 0.021108179419525065 0.040625
0 0.4947229551451187 0.28984375 0.018469656992084433 0.0359375
0 0.008795074758135445 0.55546875 0.0158311345646438 0.0546875
0 0.11917326297273527 0.6390625 0.016710642040457344 0.053125
0 0.1363236587510994 0.65234375 0.0158311345646438 0.0515625
0 0.15699208443271764 0.66640625 0.016710642040457344 0.0546875
0 0.17678100263852242 0.68359375 0.0158311345646438 0.0546875
0 0.2009674582233949 0.69453125 0.027264731750219876 0.0484375
0 0.05452946350043975 0.76328125 0.036939313984168866 0.0578125
0 0.07519788918205805 0.7765625 0.032541776605101144 0.059375
0 0.1284080914687775 0.8203125 0.028144239226033423 0.059375
0 0.13324538258575197 0.98515625 0.025505716798592787 0.0296875
0 0.44591029023746703 0.878125 0.03518029903254178 0.046875
0 0.4951627088830255 0.9078125 0.036939313984168866 0.04375
0 0.5417766051011433 0.940625 0.03869832893579595 0.05
0 0.5919085312225154 0.9765625 0.03869832893579595 0.046875
0 0.33509234828496043 0.0140625 0.019349164467897976 0.025
0 0.2519788918205805 0.04296875 0.02198768689533861 0.0390625
0 0.2700087950747581 0.02109375 0.0158311345646438 0.0328125