0 0.787598944591029 0.37890625 0.032541776605101144 0.0546875
0 0.8073878627968337 0.40546875 0.0316622691292876 0.0609375
0 0.6358839050131926 0.32109375 0.028144239226033423 0.0515625
0 0.751099384344767 0.02734375 0.028144239226033423 0.0515625
0 0.6956904133685137 0.1234375 0.028144239226033423 0.053125
0 0.7972735268249779 0.17265625 0.027264731750219876 0.0484375
0 0.8671943711521549 0.03671875 0.026385224274406333 0.0484375
0 0.6481970096745823 0.875 0.03342128408091469 0.05625
0 0.6772207563764292 0.925 0.03342128408091469 0.059375
0 0.5831134564643801 0.86484375 0.040457343887423045 0.0734375
0 0.31838170624450307 0.4640625 0.0316622691292876 0.05625
0 0.08487247141600704 0.44765625 0.030782761653474055 0.0328125
0 0.21284080914687775 0.83203125 0.036939313984168866 0.0640625