0 0.45822339489885666 0.7796875 0.03342128408091469 0.059375
0 0.21284080914687772 0.77265625 0.02990325417766051 0.0359375
0 0.04793315743183817 0.6421875 0.030782761653474055 0.028125
0 0.9226033421284081 0.68125 0.02990325417766051 0.05625
0 0.9437115215479331 0.70625 0.02990325417766051 0.059375
0 0.9080914687774846 0.48359375 0.023746701846965697 0.0484375
0 0.8073878627968337 0.4390625 0.024626209322779244 0.053125
0 0.8496042216358839 0.3484375 0.024626209322779244 0.046875
0 0.9085312225153914 0.21796875 0.026385224274406333 0.0484375
0 0.8900615655233071 0.25859375 0.024626209322779244 0.0421875
0 0.9722955145118733 0.234375 0.02198768689533861 0.04375
0 0.974934036939314 0.06015625 0.02198768689533861 0.0390625
0 0.9410729991204925 0.13828125 0.01759014951627089 0.0390625
0 0.9784520668425681 0.29921875 0.02198768689533861 0.0421875
0 0.9920844327176781 0.26640625 0.0158311345646438 0.0359375
0 0.9569041336851363 0.35625 0.024626209322779244 0.046875