0 0.03825857519788918 0.78359375 0.0395778364116095 0.0546875
0 0.020668425681618294 0.82109375 0.03781882145998241 0.0609375
0 0.3465259454705365 0.96953125 0.03342128408091469 0.0609375
0 0.39489885664028146 0.88359375 0.0316622691292876 0.0671875
0 0.4762532981530343 0.6578125 0.032541776605101144 0.065625
0 0.5290237467018469 0.63515625 0.030782761653474055 0.0640625
0 0.6068601583113457 0.3484375 0.028144239226033423 0.05625
0 0.6244503078276166 0.284375 0.024626209322779244 0.053125
0 0.6741424802110818 0.16875 0.023746701846965697 0.053125
0 0.712401055408971 0.1453125 0.026385224274406333 0.05625
0 0.7440633245382586 0.1390625 0.026385224274406333 0.053125
0 0.7695690413368513 0.06796875 0.024626209322779244 0.0515625
0 0.7968337730870713 0.1046875 0.024626209322779244 0.05
0 0.8161829375549692 0.046875 0.024626209322779244 0.05
0 0.7889182058047494 0.01015625 0.019349164467897976 0.0171875