0 0.032541776605101144 0.51640625 0.04221635883905013 0.0296875
0 0.03386103781882146 0.5453125 0.03430079155672823 0.028125
0 0.03210202286719437 0.571875 0.03430079155672823 0.025
0 0.1266490765171504 0.58359375 0.026385224274406333 0.0265625
0 0.29023746701846964 0.70703125 0.02990325417766051 0.0328125
0 0.5285839929639402 0.71171875 0.03342128408091469 0.0578125
0 0.9815303430079155 0.6125 0.028144239226033423 0.0625
0 0.9947229551451188 0.6421875 0.010554089709762533 0.053125
0 0.9032541776605101 0.29296875 0.024626209322779244 0.0453125
0 0.862796833773087 0.37890625 0.026385224274406333 0.0484375
0 0.9626209322779243 0.41953125 0.023746701846965697 0.0453125
0 0.9890061565523307 0.08828125 0.018469656992084433 0.0359375
0 0.9586631486367634 0.1609375 0.022867194371152155 0.04375
0 0.9410729991204925 0.20625 0.024626209322779244 0.04375