0 0.7387862796833773 0.01875 0.026385224274406333 0.034375
0 0.6710642040457344 0.03828125 0.022867194371152155 0.0515625
0 0.6231310466138962 0.1484375 0.023746701846965697 0.05
0 0.6051011433597185 0.2078125 0.026385224274406333 0.05625
0 0.6125769569041337 0.27265625 0.029023746701846966 0.0609375
0 0.4788918205804749 0.4984375 0.030782761653474055 0.059375
0 0.40061565523306947 0.70625 0.029023746701846966 0.059375
0 0.3562005277044855 0.790625 0.0316622691292876 0.059375
0 0.3324538258575198 0.84765625 0.02990325417766051 0.0671875
0 0.05804749340369393 0.6125 0.03869832893579595 0.05
0 0.04133685136323659 0.64765625 0.03518029903254178 0.0578125
0 0.006156552330694811 0.92578125 0.010554089709762533 0.0421875
0 0.08443271767810026 0.9734375 0.036939313984168866 0.053125