0 0.8693931398416886 0.68828125 0.029023746701846966 0.0578125
0 0.8909410729991206 0.715625 0.026385224274406333 0.059375
0 0.8597185576077396 0.490625 0.023746701846965697 0.05
0 0.7603342128408092 0.44375 0.023746701846965697 0.053125
0 0.8043095866314862 0.35546875 0.025505716798592787 0.0484375
0 0.8456464379947229 0.26484375 0.025505716798592787 0.0390625
0 0.864995602462621 0.221875 0.025505716798592787 0.04375
0 0.8966578715919086 0.31640625 0.023746701846965697 0.0484375
0 0.9313984168865436 0.309375 0.022867194371152155 0.04375
0 0.9481090589270009 0.275 0.019349164467897976 0.0375
0 0.9349164467897977 0.0703125 0.021108179419525065 0.0375
0 0.8979771328056289 0.14609375 0.021108179419525065 0.0359375
0 0.9102902374670184 0.3640625 0.022867194371152155 0.04375
0 0.969217238346526 0.22109375 0.01759014951627089 0.0359375
0 0.9876868953386104 0.1796875 0.019349164467897976 0.040625
0 0.40281442392260336 0.7859375 0.03342128408091469 0.059375
0 0.15391380826737028 0.7734375 0.0316622691292876 0.03125