0 0.2805628847845207 0.0859375 0.021108179419525065 0.040625
0 0.1613896218117854 0.159375 0.023746701846965697 0.040625
0 0.1723834652594547 0.17578125 0.024626209322779244 0.0390625
0 0.008355321020228672 0.4953125 0.014951627088830254 0.053125
0 0.030782761653474055 0.51015625 0.026385224274406333 0.0453125
0 0.26517150395778366 0.69140625 0.03430079155672823 0.0453125
0 0.22207563764291996 0.83828125 0.03781882145998241 0.0359375
0 0.31090589270008795 0.72109375 0.03430079155672823 0.0421875
0 0.3540017590149516 0.75234375 0.03781882145998241 0.0453125
0 0.40105540897097625 0.7875 0.036939313984168866 0.046875
0 0.4318381706244503 0.84296875 0.036939313984168866 0.0484375