0 0.6108179419525066 0.43828125 0.025505716798592787 0.0515625
0 0.6297273526824978 0.5609375 0.028144239226033423 0.053125
0 0.7110817941952506 0.48515625 0.025505716798592787 0.0453125
0 0.6613896218117854 0.35078125 0.024626209322779244 0.0484375
0 0.7084432717678101 0.6859375 0.030782761653474055 0.05625
0 0.7273526824978014 0.7109375 0.02990325417766051 0.0625
0 0.7313104661389622 0.21875 0.027264731750219876 0.04375
0 0.7093227792436236 0.26015625 0.025505716798592787 0.0421875
0 0.8122251539138082 0.2703125 0.018469656992084433 0.0375
0 0.7946350043975374 0.30234375 0.023746701846965697 0.0421875
0 0.7695690413368513 0.35859375 0.022867194371152155 0.0453125
0 0.8100263852242743 0.06640625 0.021108179419525065 0.0421875
0 0.7708883025505717 0.14140625 0.020228671943711522 0.0359375
0 0.8570800351802991 0.175 0.020228671943711522 0.0375
0 0.8364116094986808 0.2171875 0.019349164467897976 0.034375
0 0.23087071240105542 0.7796875 0.03430079155672823 0.05625