0 0.6437994722955145 0.86875 0.03342128408091469 0.05625
0 0.6754617414248021 0.91640625 0.03518029903254178 0.0640625
0 0.5804749340369393 0.86484375 0.040457343887423045 0.0734375
0 0.5800351802990326 0.39765625 0.029023746701846966 0.0546875
0 0.6750219876868954 0.1171875 0.027264731750219876 0.059375
0 0.7286719437115216 0.0234375 0.029023746701846966 0.04375
0 0.7783641160949868 0.15859375 0.026385224274406333 0.0484375
0 0.8430079155672823 0.02421875 0.027264731750219876 0.0453125
0 0.7735268249780123 0.3671875 0.030782761653474055 0.059375
0 0.7928759894459103 0.3890625 0.029023746701846966 0.0625
0 0.3073878627968338 0.48125 0.03430079155672823 0.05625
0 0.20800351802990324 0.85390625 0.03430079155672823 0.0671875
0 0.06992084432717678 0.47890625 0.030782761653474055 0.0328125