0 0.31266490765171506 0.5265625 0.027264731750219876 0.034375
0 0.06948109058927 0.36328125 0.03869832893579595 0.0296875
0 0.07080035180299032 0.3859375 0.030782761653474055 0.025
0 0.07036059806508356 0.41015625 0.03342128408091469 0.0265625
0 0.15875109938434476 0.41875 0.023746701846965697 0.025
0 0.0237467018469657 0.265625 0.03518029903254178 0.03125
0 0.017150395778364115 0.2921875 0.032541776605101144 0.025
0 0.018469656992084436 0.33984375 0.03518029903254178 0.0234375
0 0.01802990325417766 0.365625 0.03430079155672823 0.028125
0 0.0158311345646438 0.39453125 0.02990325417766051 0.0265625
0 0.016710642040457344 0.42265625 0.0316622691292876 0.0296875
0 0.5426561125769569 0.54140625 0.0316622691292876 0.0515625
0 0.6420404573438874 0.621875 0.03869832893579595 0.059375
0 0.455584872471416 0.88046875 0.0316622691292876 0.0640625
0 0.8232189973614775 0.89609375 0.040457343887423045 0.0578125
0 0.890061565523307 0.89296875 0.036939313984168866 0.0546875
0 0.9261213720316622 0.93984375 0.03869832893579595 0.0578125
0 0.9872471416007036 0.4515625 0.025505716798592787 0.053125
0 0.9661389621811786 0.42890625 0.029023746701846966 0.0546875
0 0.9498680738786279 0.2578125 0.022867194371152155 0.04375
0 0.8522427440633246 0.2234375 0.024626209322779244 0.05
0 0.8922603342128408 0.14296875 0.02198768689533861 0.0421875
0 0.93051890941073 0.0609375 0.024626209322779244 0.0375
0 0.9920844327176781 0.14609375 0.0158311345646438 0.0390625
0 0.9476693051890941 0.021875 0.023746701846965697 0.040625