0 0.03210202286719437 0.93203125 0.04133685136323659 0.0578125
0 0.017150395778364115 0.96875 0.032541776605101144 0.0625
0 0.48548812664907653 0.79765625 0.0316622691292876 0.0671875
0 0.6262093227792436 0.53203125 0.02990325417766051 0.0640625
0 0.6187335092348285 0.46640625 0.027264731750219876 0.0578125
0 0.6376429199648197 0.40078125 0.026385224274406333 0.0546875
0 0.6877748460861918 0.2765625 0.026385224274406333 0.05625
0 0.7594547053649956 0.24296875 0.025505716798592787 0.0546875
0 0.7867194371152155 0.16875 0.025505716798592787 0.053125
0 0.8139841688654353 0.2078125 0.023746701846965697 0.05
0 0.8324538258575198 0.14765625 0.025505716798592787 0.0546875
0 0.8359718557607739 0.0203125 0.02198768689533861 0.0375
0 0.8654353562005277 0.03359375 0.024626209322779244 0.0484375