0 0.025065963060686015 0.57890625 0.0395778364116095 0.0546875
0 0.013632365875109938 0.61171875 0.025505716798592787 0.0578125
0 0.08795074758135445 0.75859375 0.036939313984168866 0.0703125
0 0.0395778364116095 0.92109375 0.03869832893579595 0.0578125
0 0.3016710642040457 0.8171875 0.02990325417766051 0.0625
0 0.32629727352682497 0.759375 0.02990325417766051 0.059375
0 0.3729111697449428 0.67734375 0.02990325417766051 0.0640625
0 0.4529463500439754 0.47265625 0.02990325417766051 0.0609375
0 0.5817941952506597 0.18359375 0.027264731750219876 0.0515625
0 0.5993843447669305 0.1234375 0.023746701846965697 0.046875
0 0.6477572559366754 0.021875 0.023746701846965697 0.040625