0 0.6710642040457344 0.01484375 0.019349164467897976 0.0265625
0 0.6270888302550571 0.1078125 0.022867194371152155 0.05
0 0.609938434476693 0.16640625 0.027264731750219876 0.0546875
0 0.63896218117854 0.16953125 0.027264731750219876 0.0578125
0 0.48548812664907653 0.45078125 0.0316622691292876 0.0578125
0 0.40897097625329815 0.6546875 0.02990325417766051 0.059375
0 0.3636763412489007 0.73359375 0.030782761653474055 0.0578125
0 0.3403693931398417 0.7921875 0.02990325417766051 0.0625
0 0.13544415127528583 0.965625 0.036939313984168866 0.046875
0 0.06992084432717678 0.5640625 0.03781882145998241 0.053125
0 0.053210202286719445 0.596875 0.03605980650835532 0.05625