0 0.2497801231310466 0.56640625 0.026385224274406333 0.0265625
0 0.38698328935795956 0.9265625 0.03342128408091469 0.0625
0 0.4890061565523307 0.5296875 0.03518029903254178 0.053125
0 0.5048372911169745 0.61328125 0.02990325417766051 0.0515625
0 0.01759014951627089 0.40234375 0.03342128408091469 0.0234375
0 0.015391380826737027 0.428125 0.029023746701846966 0.021875
0 0.014951627088830254 0.453125 0.028144239226033423 0.021875
0 0.9063324538258575 0.46484375 0.029023746701846966 0.0546875
0 0.9265611257695691 0.48671875 0.025505716798592787 0.0546875
0 0.8922603342128408 0.29375 0.023746701846965697 0.040625
0 0.7968337730870713 0.259375 0.022867194371152155 0.046875
0 0.8372911169744943 0.18046875 0.022867194371152155 0.0421875
0 0.8737906772207564 0.10078125 0.02198768689533861 0.0390625
0 0.8927000879507476 0.06171875 0.021108179419525065 0.0390625
0 0.9393139841688655 0.184375 0.022867194371152155 0.040625
0 0.9582233948988567 0.1328125 0.02198768689533861 0.0375
0 0.9731750219876869 0.103125 0.018469656992084433 0.0375
0 0.9916446789797714 0.053125 0.016710642040457344 0.034375
0 0.7387862796833774 0.91328125 0.036939313984168866 0.0609375
0 0.8254177660510115 0.934375 0.03781882145998241 0.0625
0 0.8614775725593667 0.9765625 0.0395778364116095 0.046875