0 0.0839929639401935 0.528125 0.03781882145998241 0.05
0 0.06728232189973615 0.5609375 0.03430079155672823 0.053125
0 0.006156552330694811 0.7046875 0.010554089709762533 0.040625
0 0.18997361477572558 0.9515625 0.03869832893579595 0.040625
0 0.3526824978012313 0.75234375 0.02990325417766051 0.0640625
0 0.376429199648197 0.696875 0.0316622691292876 0.0625
0 0.420844327176781 0.615625 0.030782761653474055 0.059375
0 0.49560246262093227 0.41640625 0.030782761653474055 0.0578125
0 0.6174142480211082 0.1359375 0.024626209322779244 0.053125
0 0.635004397537379 0.0765625 0.022867194371152155 0.046875
0 0.6693051890941073 0.08203125 0.026385224274406333 0.0546875