0 0.3381706244503078 0.5578125 0.027264731750219876 0.03125
0 0.04573438874230431 0.265625 0.03518029903254178 0.021875
0 0.04353562005277045 0.2890625 0.03605980650835532 0.025
0 0.03781882145998241 0.31796875 0.036939313984168866 0.0296875
0 0.0395778364116095 0.36796875 0.036939313984168866 0.0234375
0 0.03869832893579595 0.3921875 0.036939313984168866 0.028125
0 0.032981530343007916 0.4234375 0.04133685136323659 0.028125
0 0.030782761653474055 0.45 0.04573438874230431 0.028125
0 0.09234828496042216 0.38828125 0.03869832893579595 0.0265625
0 0.0932277924362357 0.4140625 0.0316622691292876 0.025
0 0.09366754617414248 0.4390625 0.032541776605101144 0.025
0 0.1838170624450308 0.4484375 0.024626209322779244 0.025
0 0.5637642919964819 0.56484375 0.0316622691292876 0.0484375
0 0.48548812664907653 0.92265625 0.0316622691292876 0.0640625
0 0.7576956904133685 0.7828125 0.04133685136323659 0.06875
0 0.9270008795074758 0.940625 0.036939313984168866 0.059375
0 0.8874230430958663 0.975 0.03869832893579595 0.05
0 0.9643799472295514 0.97734375 0.04133685136323659 0.0453125
0 0.8830255057167986 0.25625 0.022867194371152155 0.046875
0 0.9793315743183817 0.29140625 0.02198768689533861 0.0421875
0 0.9920844327176781 0.46796875 0.0158311345646438 0.0515625
0 0.920844327176781 0.17265625 0.022867194371152155 0.0421875
0 0.9573438874230431 0.0890625 0.023746701846965697 0.04375
0 0.974934036939314 0.05 0.025505716798592787 0.04375