0 0.21723834652594548 0.25859375 0.026385224274406333 0.0328125
0 0.38258575197889183 0.45546875 0.0316622691292876 0.0390625
0 0.3579595426561126 0.79296875 0.0316622691292876 0.0671875
0 0.4890061565523307 0.64765625 0.02990325417766051 0.0578125
0 0.5021987686895338 0.459375 0.028144239226033423 0.059375
0 0.5224274406332454 0.3921875 0.024626209322779244 0.05625
0 0.5756376429199648 0.27109375 0.023746701846965697 0.0546875
0 0.6785400175901495 0.1609375 0.025505716798592787 0.053125
0 0.7053649956024626 0.20078125 0.024626209322779244 0.0515625
0 0.7260334212840809 0.13984375 0.025505716798592787 0.0546875
0 0.7308707124010554 0.03046875 0.026385224274406333 0.0515625
0 0.762532981530343 0.0265625 0.024626209322779244 0.05