0 0.3755496921723835 0.0828125 0.03342128408091469 0.040625
0 0.5822339489885664 0.10390625 0.026385224274406333 0.0578125
0 0.37730870712401055 0.22421875 0.0316622691292876 0.0421875
0 0.4542656112576957 0.74140625 0.023746701846965697 0.0640625
0 0.4375549692172384 0.8046875 0.029023746701846966 0.0625
0 0.39841688654353563 0.903125 0.028144239226033423 0.06875
0 0.9006156552330695 0.640625 0.03869832893579595 0.046875
0 0.9841688654353562 0.71875 0.0316622691292876 0.046875
0 0.9133685136323659 0.840625 0.03430079155672823 0.034375
0 0.7774846086191732 0.87734375 0.040457343887423045 0.0515625
0 0.7686895338610378 0.91953125 0.04221635883905013 0.0515625