0 0.016710642040457344 0.4296875 0.0316622691292876 0.046875
0 0.14204045734388743 0.428125 0.03430079155672823 0.05625
0 0.15787159190853123 0.39765625 0.03605980650835532 0.0515625
0 0.2211961301671064 0.559375 0.030782761653474055 0.0625
0 0.21459982409850484 0.85546875 0.036939313984168866 0.0609375
0 0.45338610378188215 0.734375 0.030782761653474055 0.06875
0 0.42436235708003517 0.609375 0.027264731750219876 0.059375
0 0.44591029023746703 0.55859375 0.028144239226033423 0.0546875
0 0.4872471416007036 0.48203125 0.02990325417766051 0.0546875
0 0.5562884784520669 0.29375 0.029023746701846966 0.05625
0 0.673702726473175 0.0265625 0.024626209322779244 0.05