0 0.5057167985927881 0.5109375 0.036939313984168866 0.04375
0 0.5474934036939314 0.4484375 0.03605980650835532 0.034375
0 0.6020228671943711 0.63203125 0.03781882145998241 0.0359375
0 0.41952506596306066 0.45546875 0.040457343887423045 0.0296875
0 0.3562005277044855 0.4609375 0.040457343887423045 0.03125
0 0.31618293755496923 0.45859375 0.03430079155672823 0.0328125
0 0.25065963060686014 0.46171875 0.0316622691292876 0.0265625
0 0.1961301671064204 0.46171875 0.03869832893579595 0.0328125
0 0.2515391380826737 0.6484375 0.03518029903254178 0.028125
0 0.3496042216358839 0.64140625 0.04133685136323659 0.0296875
0 0.40281442392260336 0.6375 0.036939313984168866 0.034375
0 0.14467897977132807 0.65234375 0.03605980650835532 0.0265625
0 0.03562005277044855 0.01953125 0.020228671943711522 0.0359375
0 0.9740545294635005 0.10546875 0.016710642040457344 0.0640625
0 0.9753737906772207 0.171875 0.0158311345646438 0.0625
0 0.723834652594547 0.1578125 0.0158311345646438 0.071875
0 0.6701846965699209 0.26328125 0.028144239226033423 0.0328125
0 0.669744942832014 0.309375 0.030782761653474055 0.03125
0 0.8139841688654353 0.34375 0.020228671943711522 0.06875
0 0.776165347405453 0.5984375 0.0395778364116095 0.034375
0 0.9815303430079155 0.015625 0.021108179419525065 0.028125