0 0.46613896218117856 0.6671875 0.036939313984168866 0.05625
0 0.5919085312225154 0.3609375 0.028144239226033423 0.059375
0 0.5743183817062445 0.396875 0.026385224274406333 0.05625
0 0.37686895338610377 0.26171875 0.029023746701846966 0.0328125
0 0.24406332453825857 0.08984375 0.023746701846965697 0.0328125
0 0.1090589270008795 0.03359375 0.040457343887423045 0.0296875
0 0.16754617414248021 0.0203125 0.029023746701846966 0.03125
0 0.16358839050131924 0.04453125 0.02990325417766051 0.0296875
0 0.11213720316622691 0.009375 0.04133685136323659 0.015625
0 0.016710642040457344 0.0171875 0.0316622691292876 0.03125
0 0.9828496042216359 0.1875 0.032541776605101144 0.05
0 0.890061565523307 0.884375 0.0316622691292876 0.06875
0 0.9190853122251539 0.94765625 0.03342128408091469 0.0671875