0 0.5646437994722955 0.509375 0.02990325417766051 0.059375
0 0.5510114335971856 0.553125 0.029023746701846966 0.053125
0 0.053210202286719445 0.0890625 0.03605980650835532 0.025
0 0.04969217238346526 0.11640625 0.03781882145998241 0.0296875
0 0.0426561125769569 0.14765625 0.03781882145998241 0.0328125
0 0.04309586631486367 0.2015625 0.03518029903254178 0.028125
0 0.040897097625329816 0.23046875 0.03781882145998241 0.0265625
0 0.03562005277044855 0.2640625 0.04309586631486367 0.03125
0 0.03386103781882146 0.29296875 0.04133685136323659 0.0328125
0 0.09366754617414248 0.23671875 0.04133685136323659 0.0265625
0 0.09542656112576957 0.2640625 0.030782761653474055 0.028125
0 0.09410729991204925 0.29140625 0.03342128408091469 0.0234375
0 0.18117854001759015 0.31875 0.022867194371152155 0.025
0 0.33641160949868076 0.46640625 0.029023746701846966 0.0265625
0 0.46437994722955156 0.87265625 0.03518029903254178 0.0578125
0 0.9423922603342129 0.2234375 0.030782761653474055 0.053125
0 0.9151275285839929 0.96875 0.0395778364116095 0.0625