0 0.41952506596306066 0.88203125 0.03518029903254178 0.0609375
0 0.48768689533861037 0.903125 0.032541776605101144 0.05625
0 0.5290237467018469 0.78203125 0.030782761653474055 0.0515625
0 0.55584872471416 0.79609375 0.03518029903254178 0.0515625
0 0.6956904133685137 0.74140625 0.026385224274406333 0.0515625
0 0.7519788918205804 0.40859375 0.019349164467897976 0.0390625
0 0.755057167985928 0.35625 0.02198768689533861 0.040625
0 0.7554969217238348 0.31640625 0.022867194371152155 0.0328125
0 0.8350923482849604 0.20625 0.020228671943711522 0.03125
0 0.8148636763412489 0.23203125 0.020228671943711522 0.0328125
0 0.9678979771328057 0.02890625 0.013192612137203167 0.0234375
0 0.9507475813544415 0.0515625 0.021108179419525065 0.03125
0 0.9283201407211962 0.08125 0.018469656992084433 0.028125
0 0.9151275285839929 0.09921875 0.014951627088830254 0.0234375
0 0.8856640281442393 0.184375 0.022867194371152155 0.034375
0 0.49868073878627966 0.41796875 0.026385224274406333 0.0421875
0 0.40281442392260336 0.23671875 0.021108179419525065 0.0328125
0 0.28100263852242746 0.0140625 0.016710642040457344 0.025
0 0.27660510114335973 0.0484375 0.014951627088830254 0.0375
0 0.32629727352682497 0.08046875 0.01759014951627089 0.0265625
0 0.30255057167985927 0.20546875 0.019349164467897976 0.0359375
0 0.4331574318381706 0.98046875 0.0395778364116095 0.0390625
0 0.8148636763412489 0.728125 0.0395778364116095 0.059375