0 0.8865435356200527 0.36640625 0.024626209322779244 0.0359375
0 0.9771328056288479 0.43125 0.026385224274406333 0.03125
0 0.9832893579595426 0.27109375 0.026385224274406333 0.0265625
0 0.969217238346526 0.575 0.0316622691292876 0.040625
0 0.9850483729111698 0.59765625 0.02990325417766051 0.0453125
0 0.8293755496921724 0.91796875 0.0316622691292876 0.0609375
0 0.8579595426561126 0.97265625 0.032541776605101144 0.0546875
0 0.5378188214599824 0.5109375 0.02198768689533861 0.040625
0 0.49868073878627966 0.38203125 0.022867194371152155 0.0453125
0 0.05101143359718558 0.00859375 0.0316622691292876 0.0140625
0 0.158311345646438 0.01953125 0.024626209322779244 0.0203125
0 0.09586631486367635 0.184375 0.028144239226033423 0.025
0 0.19085312225153914 0.1171875 0.028144239226033423 0.021875
0 0.18601583113456466 0.13125 0.029023746701846966 0.021875
0 0.1772207563764292 0.1484375 0.027264731750219876 0.021875
0 0.1706244503078276 0.17734375 0.026385224274406333 0.0203125
0 0.16666666666666666 0.19453125 0.029023746701846966 0.0234375
0 0.15919085312225154 0.2140625 0.0316622691292876 0.025
0 0.15391380826737028 0.23203125 0.0316622691292876 0.0265625
0 0.20624450307827616 0.21015625 0.029023746701846966 0.0171875
0 0.20316622691292877 0.2265625 0.022867194371152155 0.015625
0 0.20008795074758134 0.24375 0.023746701846965697 0.0125
0 0.12313104661389622 0.10390625 0.028144239226033423 0.0234375
0 0.079155672823219 0.21875 0.021108179419525065 0.01875
0 0.040897097625329816 0.18671875 0.025505716798592787 0.0203125
0 0.051451187335092345 0.17109375 0.027264731750219876 0.0203125
0 0.055408970976253295 0.1515625 0.024626209322779244 0.021875
0 0.06464379947229551 0.1203125 0.027264731750219876 0.021875
0 0.10949868073878628 0.01796875 0.025505716798592787 0.0203125
0 0.1011433597185576 0.0328125 0.024626209322779244 0.021875
0 0.09498680738786279 0.04609375 0.026385224274406333 0.0203125
0 0.09278803869832894 0.06015625 0.027264731750219876 0.0203125
0 0.08795074758135445 0.07578125 0.024626209322779244 0.0234375
0 0.0773966578715919 0.084375 0.026385224274406333 0.025
0 0.03518029903254178 0.03125 0.026385224274406333 0.021875
0 0.027704485488126648 0.046875 0.023746701846965697 0.01875
0 0.02198768689533861 0.06015625 0.024626209322779244 0.0203125
0 0.014511873350923483 0.07734375 0.027264731750219876 0.0203125
0 0.00967458223394899 0.09296875 0.01759014951627089 0.0203125
0 0.007475813544415127 0.10859375 0.013192612137203167 0.0234375
0 0.2642919964819701 0.27421875 0.020228671943711522 0.0203125
0 0.36895338610378187 0.40390625 0.023746701846965697 0.0234375
0 0.43491644678979774 0.7203125 0.032541776605101144 0.046875