0 0.3496042216358839 0.3671875 0.027264731750219876 0.028125
0 0.5149516270888302 0.45234375 0.025505716798592787 0.0515625
0 0.4252418645558487 0.7515625 0.03781882145998241 0.05
0 0.6706244503078276 0.84140625 0.029023746701846966 0.0671875
0 0.8434476693051891 0.9734375 0.0316622691292876 0.053125
0 0.9256816182937555 0.32109375 0.029023746701846966 0.0421875
0 0.036499560246262094 0.0890625 0.030782761653474055 0.03125
0 0.020228671943711522 0.1359375 0.028144239226033423 0.025
0 0.12313104661389622 0.0859375 0.0316622691292876 0.025
0 0.11917326297273527 0.10625 0.03430079155672823 0.025
0 0.1090589270008795 0.13125 0.03342128408091469 0.025
0 0.1059806508355321 0.153125 0.03605980650835532 0.028125
0 0.12884784520668427 0.04140625 0.03430079155672823 0.0265625
0 0.13852242744063326 0.0203125 0.03430079155672823 0.028125
0 0.1627088830255057 0.12421875 0.03518029903254178 0.0265625
0 0.16051011433597184 0.1453125 0.027264731750219876 0.028125
0 0.15743183817062445 0.1671875 0.028144239226033423 0.025
0 0.22955145118733508 0.2078125 0.022867194371152155 0.021875