0 0.8948988566402815 0.3484375 0.020228671943711522 0.071875
0 0.9274406332453826 0.5734375 0.0395778364116095 0.0375
0 0.6798592788038699 0.64140625 0.040457343887423045 0.0359375
0 0.6253298153034301 0.45390625 0.036939313984168866 0.0359375
0 0.5277044854881267 0.52421875 0.03869832893579595 0.0328125
0 0.4973614775725594 0.46328125 0.0395778364116095 0.0328125
0 0.4366754617414248 0.46796875 0.0395778364116095 0.0296875
0 0.39489885664028146 0.4640625 0.03518029903254178 0.028125
0 0.33157431838170626 0.47109375 0.03518029903254178 0.0265625
0 0.27704485488126657 0.46875 0.03869832893579595 0.028125
0 0.2260334212840809 0.65859375 0.036939313984168866 0.0296875
0 0.33289357959542654 0.65546875 0.032541776605101144 0.0296875
0 0.43007915567282323 0.64765625 0.04221635883905013 0.0328125
0 0.4815303430079156 0.64375 0.03781882145998241 0.034375
0 0.8021108179419525 0.16640625 0.01759014951627089 0.0671875
0 0.11785400175901495 0.02734375 0.021108179419525065 0.0515625