0 0.5307827616534742 0.66796875 0.030782761653474055 0.0484375
0 0.5571679859278804 0.6796875 0.03430079155672823 0.05625
0 0.48768689533861037 0.7890625 0.032541776605101144 0.059375
0 0.4388742304309587 0.86484375 0.03342128408091469 0.0546875
0 0.4001759014951627 0.9234375 0.03342128408091469 0.05625
0 0.3460861917326297 0.934375 0.0395778364116095 0.059375
0 0.29683377308707126 0.984375 0.03781882145998241 0.03125
0 0.4920844327176781 0.296875 0.023746701846965697 0.0375
0 0.5686015831134564 0.3875 0.025505716798592787 0.04375
0 0.5993843447669304 0.3921875 0.025505716798592787 0.04375
0 0.34520668425681617 0.03515625 0.018469656992084433 0.0328125
0 0.2959542656112577 0.06015625 0.020228671943711522 0.0390625
0 0.6970096745822341 0.49296875 0.032541776605101144 0.0484375
0 0.7629727352682497 0.28203125 0.02198768689533861 0.0390625
0 0.7638522427440633 0.228125 0.023746701846965697 0.040625
0 0.7664907651715039 0.18515625 0.023746701846965697 0.0359375
0 0.8504837291116975 0.10703125 0.026385224274406333 0.0359375
0 0.8544415127528584 0.06484375 0.020228671943711522 0.0359375
0 0.8315743183817063 0.09375 0.020228671943711522 0.0375
0 0.8210202286719437 0.615625 0.03605980650835532 0.05