0 0.2827616534740545 0.47421875 0.0395778364116095 0.0296875
0 0.33421284080914687 0.475 0.03342128408091469 0.028125
0 0.3997361477572559 0.46796875 0.03430079155672823 0.0328125
0 0.4397537379067722 0.4734375 0.03869832893579595 0.03125
0 0.5017590149516271 0.46484375 0.03781882145998241 0.0296875
0 0.4947229551451187 0.53203125 0.03781882145998241 0.0359375
0 0.43447669305189096 0.65078125 0.04221635883905013 0.0328125
0 0.6301671064204045 0.45859375 0.03605980650835532 0.0296875
0 0.6855760773966578 0.64609375 0.04133685136323659 0.0328125
0 0.48548812664907653 0.6484375 0.03869832893579595 0.03125
0 0.23175021987686895 0.6640625 0.03430079155672823 0.03125
0 0.33641160949868076 0.66015625 0.03430079155672823 0.0265625
0 0.8078276165347404 0.1671875 0.016710642040457344 0.06875
0 0.9006156552330695 0.34921875 0.021108179419525065 0.0703125
0 0.9661389621811786 0.5640625 0.03781882145998241 0.034375
0 0.12269129287598944 0.03046875 0.020228671943711522 0.0578125