0 0.3737906772207564 0.14453125 0.0158311345646438 0.0328125
0 0.3579595426561126 0.15234375 0.0158311345646438 0.0328125
0 0.3175021987686895 0.14296875 0.01759014951627089 0.0328125
0 0.49780123131046616 0.346875 0.022867194371152155 0.0375
0 0.5334212840809148 0.39453125 0.020228671943711522 0.0359375
0 0.5839929639401935 0.42578125 0.024626209322779244 0.0359375
0 0.6292875989445911 0.45 0.025505716798592787 0.034375
0 0.662269129287599 0.46640625 0.022867194371152155 0.0359375
0 0.7273526824978014 0.565625 0.02990325417766051 0.0375
0 0.7638522427440633 0.53671875 0.029023746701846966 0.0359375
0 0.7154793315743184 0.228125 0.018469656992084433 0.028125
0 0.7770448548812664 0.21640625 0.018469656992084433 0.0296875
0 0.7884784520668425 0.1421875 0.016710642040457344 0.03125
0 0.7695690413368513 0.1609375 0.01759014951627089 0.03125
0 0.86103781882146 0.05859375 0.012313104661389622 0.0234375
0 0.8733509234828496 0.04375 0.0158311345646438 0.021875
0 0.8931398416886543 0.02265625 0.018469656992084433 0.0265625
0 0.9349164467897977 0.021875 0.021108179419525065 0.028125
0 0.9089709762532981 0.00859375 0.014951627088830254 0.0140625
0 0.5400175901495162 0.58828125 0.026385224274406333 0.0421875
0 0.5162708883025505 0.5796875 0.026385224274406333 0.040625
0 0.22427440633245382 0.9703125 0.040457343887423045 0.053125
0 0.980650835532102 0.76171875 0.03869832893579595 0.0546875