0 0.7915567282321899 0.8875 0.021108179419525065 0.071875
0 0.7115215479331575 0.08046875 0.01759014951627089 0.0640625
0 0.714160070360598 0.1484375 0.0158311345646438 0.0625
0 0.5510114335971856 0.32421875 0.020228671943711522 0.0703125
0 0.45602462620932277 0.14140625 0.013192612137203167 0.0671875
0 0.3988566402814424 0.24921875 0.0395778364116095 0.0296875
0 0.3992963940193492 0.29453125 0.040457343887423045 0.0328125
0 0.436235708003518 0.4671875 0.03518029903254178 0.053125
0 0.047053649956024624 0.453125 0.03781882145998241 0.025
0 0.08883025505716799 0.453125 0.03869832893579595 0.028125
0 0.1517150395778364 0.44609375 0.04133685136323659 0.0296875
0 0.28188214599824096 0.43671875 0.03781882145998241 0.0296875
0 0.25857519788918204 0.6125 0.040457343887423045 0.040625
0 0.33641160949868076 0.6234375 0.03781882145998241 0.034375
0 0.08135444151275285 0.63359375 0.044854881266490766 0.0328125
0 0.1345646437994723 0.63125 0.04221635883905013 0.03125
0 0.9898856640281443 0.71484375 0.020228671943711522 0.0296875