0 0.2832014072119613 0.85703125 0.036939313984168866 0.0484375
0 0.5162708883025505 0.525 0.024626209322779244 0.0375
0 0.5391380826737028 0.534375 0.028144239226033423 0.040625
0 0.5052770448548812 0.3015625 0.025505716798592787 0.034375
0 0.5395778364116095 0.35 0.020228671943711522 0.040625
0 0.6363236587510994 0.37734375 0.023746701846965697 0.0328125
0 0.6002638522427439 0.35546875 0.027264731750219876 0.0328125
0 0.6051011433597185 0.39609375 0.024626209322779244 0.0421875
0 0.7093227792436236 0.48828125 0.025505716798592787 0.0390625
0 0.7642919964819701 0.48125 0.02990325417766051 0.0375
0 0.7678100263852242 0.16875 0.019349164467897976 0.025
0 0.718117854001759 0.1671875 0.020228671943711522 0.028125
0 0.7915567282321899 0.07578125 0.01759014951627089 0.0296875
0 0.7735268249780123 0.096875 0.018469656992084433 0.028125
0 0.31266490765171506 0.07578125 0.016710642040457344 0.0328125
0 0.36895338610378187 0.10546875 0.016710642040457344 0.0328125
0 0.37994722955145116 0.08828125 0.01759014951627089 0.0296875
0 0.9793315743183817 0.7078125 0.0395778364116095 0.05625
0 0.15259454705364994 0.98984375 0.027264731750219876 0.0203125