0 0.013632365875109938 0.096875 0.025505716798592787 0.03125
0 0.08047493403693931 0.1671875 0.0395778364116095 0.03125
0 0.08575197889182058 0.14140625 0.03781882145998241 0.0296875
0 0.09454705364995603 0.11484375 0.03605980650835532 0.0296875
0 0.09850483729111698 0.090625 0.03342128408091469 0.025
0 0.1046613896218118 0.04453125 0.03518029903254178 0.0296875
0 0.11345646437994723 0.01875 0.03518029903254178 0.028125
0 0.1424802110817942 0.13359375 0.036939313984168866 0.0296875
0 0.14028144239226034 0.15703125 0.027264731750219876 0.0265625
0 0.1358839050131926 0.1796875 0.032541776605101144 0.03125
0 0.21284080914687775 0.22578125 0.021108179419525065 0.0265625
0 0.3403693931398417 0.40078125 0.028144239226033423 0.0265625
0 0.4780123131046614 0.3953125 0.02198768689533861 0.05
0 0.39270008795074757 0.12421875 0.023746701846965697 0.0515625
0 0.5963060686015831 0.7 0.026385224274406333 0.0625
0 0.41952506596306066 0.8125 0.03869832893579595 0.053125
0 0.6864555848724714 0.92578125 0.032541776605101144 0.0671875
0 0.9437115215479331 0.35078125 0.02990325417766051 0.0484375