0 0.5281442392260334 0.47265625 0.023746701846965697 0.0484375
0 0.46745822339489884 0.27265625 0.020228671943711522 0.0484375
0 0.3575197889182058 0.36875 0.025505716798592787 0.025
0 0.056288478452066845 0.1125 0.0316622691292876 0.028125
0 0.040457343887423045 0.1546875 0.028144239226033423 0.028125
0 0.08487247141600704 0.01796875 0.032541776605101144 0.0296875
0 0.15919085312225154 0.0328125 0.02990325417766051 0.021875
0 0.1534740545294635 0.05 0.030782761653474055 0.01875
0 0.14467897977132807 0.06953125 0.030782761653474055 0.0265625
0 0.13984168865435356 0.11015625 0.02990325417766051 0.0265625
0 0.12225153913808268 0.171875 0.036939313984168866 0.025
0 0.1266490765171504 0.1515625 0.03342128408091469 0.03125
0 0.13368513632365875 0.128125 0.0316622691292876 0.025
0 0.17766051011433598 0.14453125 0.03518029903254178 0.0265625
0 0.17502198768689534 0.16484375 0.026385224274406333 0.0265625
0 0.17150395778364114 0.18359375 0.02990325417766051 0.0234375
0 0.2405452946350044 0.22265625 0.020228671943711522 0.0203125
0 0.012752858399296392 0.07578125 0.023746701846965697 0.0234375
0 0.011433597185576077 0.09609375 0.021108179419525065 0.0234375
0 0.021108179419525065 0.0359375 0.02990325417766051 0.021875
0 0.040897097625329816 0.0078125 0.02198768689533861 0.0125
0 0.4287598944591029 0.7296875 0.03605980650835532 0.053125
0 0.7075637642919965 0.8984375 0.032541776605101144 0.065625
0 0.9898856640281443 0.565625 0.020228671943711522 0.040625
0 0.8412489006156552 0.94921875 0.03605980650835532 0.0640625
0 0.864995602462621 0.98828125 0.025505716798592787 0.0234375
0 0.9138082673702727 0.32734375 0.026385224274406333 0.0421875