0 0.32981530343007914 0.80625 0.036939313984168866 0.05
0 0.20888302550571677 0.946875 0.03781882145998241 0.053125
0 0.5197889182058048 0.3171875 0.024626209322779244 0.034375
0 0.5162708883025505 0.52734375 0.026385224274406333 0.0421875
0 0.5404573438874231 0.53671875 0.027264731750219876 0.0390625
0 0.56948109058927 0.315625 0.023746701846965697 0.0375
0 0.5479331574318381 0.36875 0.0158311345646438 0.040625
0 0.38830255057167984 0.10390625 0.018469656992084433 0.0359375
0 0.3865435356200528 0.128125 0.016710642040457344 0.025
0 0.3153034300791557 0.0765625 0.014951627088830254 0.034375
0 0.7651715039577837 0.48125 0.028144239226033423 0.040625
0 0.6864555848724714 0.4609375 0.025505716798592787 0.040625
0 0.6319261213720315 0.4296875 0.027264731750219876 0.040625
0 0.6072999120492524 0.34296875 0.023746701846965697 0.0328125
0 0.7185576077396658 0.16484375 0.01759014951627089 0.0265625
0 0.7554969217238346 0.18515625 0.019349164467897976 0.0265625
0 0.7752858399296394 0.09609375 0.018469656992084433 0.0296875
0 0.7941952506596306 0.07578125 0.019349164467897976 0.0296875
0 0.8843447669305189 0.015625 0.018469656992084433 0.028125
0 0.980650835532102 0.70546875 0.036939313984168866 0.0484375