0 0.5175901495162709 0.5359375 0.027264731750219876 0.040625
0 0.5417766051011433 0.54140625 0.024626209322779244 0.0390625
0 0.5426561125769569 0.44140625 0.01759014951627089 0.0453125
0 0.5817941952506597 0.39765625 0.027264731750219876 0.0421875
0 0.6015831134564644 0.3609375 0.024626209322779244 0.0375
0 0.7304309586631488 0.225 0.020228671943711522 0.028125
0 0.7211961301671064 0.165625 0.019349164467897976 0.025
0 0.5171503957783641 0.2328125 0.019349164467897976 0.028125
0 0.4683377308707124 0.1875 0.020228671943711522 0.03125
0 0.45162708883025504 0.22421875 0.020228671943711522 0.0328125
0 0.4173262972735268 0.14765625 0.018469656992084433 0.0328125
0 0.42700087950747584 0.69609375 0.029023746701846966 0.0484375
0 0.33641160949868076 0.81484375 0.032541776605101144 0.0484375
0 0.14116094986807387 0.965625 0.044854881266490766 0.05
0 0.18777484608619174 0.971875 0.0395778364116095 0.05625
0 0.737467018469657 0.565625 0.032541776605101144 0.046875
0 0.7695690413368513 0.4921875 0.03342128408091469 0.040625
0 0.7774846086191731 0.10078125 0.019349164467897976 0.0296875
0 0.7963940193491644 0.07890625 0.016710642040457344 0.0265625
0 0.8007915567282322 0.109375 0.020228671943711522 0.028125
0 0.9837291116974495 0.7171875 0.032541776605101144 0.05625