0 0.9164467897977133 0.328125 0.02990325417766051 0.046875
0 0.26517150395778366 0.071875 0.025505716798592787 0.05
0 0.2612137203166227 0.01953125 0.024626209322779244 0.0359375
0 0.3051890941072999 0.484375 0.028144239226033423 0.03125
0 0.05013192612137203 0.0921875 0.03518029903254178 0.025
0 0.04529463500439754 0.11640625 0.03605980650835532 0.0265625
0 0.036939313984168866 0.14296875 0.03869832893579595 0.0296875
0 0.03386103781882146 0.19609375 0.03605980650835532 0.0265625
0 0.028583992963940194 0.2234375 0.03781882145998241 0.028125
0 0.02198768689533861 0.253125 0.040457343887423045 0.028125
0 0.020668425681618294 0.28359375 0.0395778364116095 0.0265625
0 0.08135444151275285 0.234375 0.0395778364116095 0.028125
0 0.08003518029903255 0.2609375 0.03342128408091469 0.028125
0 0.07783641160949868 0.28671875 0.03430079155672823 0.0234375
0 0.16226912928759896 0.321875 0.02198768689533861 0.028125
0 0.41116974494283204 0.90234375 0.0395778364116095 0.0671875