0 0.6644678979771328 0.08125 0.016710642040457344 0.065625
0 0.6662269129287599 0.146875 0.014951627088830254 0.0625
0 0.5048372911169745 0.3265625 0.021108179419525065 0.06875
0 0.4072119613016711 0.146875 0.008795074758135445 0.071875
0 0.35224274406332456 0.25546875 0.0395778364116095 0.0359375
0 0.35312225153913807 0.29609375 0.04133685136323659 0.0328125
0 0.41468777484608615 0.44765625 0.03781882145998241 0.0328125
0 0.23702726473175023 0.44296875 0.03781882145998241 0.0328125
0 0.29155672823219 0.62734375 0.04133685136323659 0.0296875
0 0.20052770448548812 0.62734375 0.040457343887423045 0.0328125
0 0.10861917326297274 0.45234375 0.04133685136323659 0.0328125
0 0.044854881266490766 0.46015625 0.040457343887423045 0.0328125
0 0.08883025505716799 0.63671875 0.040457343887423045 0.0328125
0 0.03781882145998241 0.6421875 0.04573438874230431 0.034375
0 0.011873350923482849 0.45703125 0.02198768689533861 0.0265625
0 0.7467018469656992 0.9453125 0.0158311345646438 0.075
0 0.9547053649956024 0.71328125 0.04309586631486367 0.0328125