0 0.820580474934037 0.87734375 0.01759014951627089 0.0734375
0 0.7440633245382586 0.08359375 0.0158311345646438 0.0609375
0 0.7445030782761655 0.15 0.016710642040457344 0.059375
0 0.45822339489885666 0.49453125 0.028144239226033423 0.0640625
0 0.5813544415127528 0.3234375 0.019349164467897976 0.06875
0 0.43095866314863673 0.25078125 0.03869832893579595 0.0328125
0 0.4313984168865435 0.29375 0.0395778364116095 0.03125
0 0.4894459102902375 0.14296875 0.016710642040457344 0.0703125
0 0.31398416886543534 0.4375 0.03869832893579595 0.03125
0 0.2941952506596306 0.603125 0.03605980650835532 0.05
0 0.36895338610378187 0.62265625 0.0395778364116095 0.0328125
0 0.0158311345646438 0.45703125 0.02990325417766051 0.0296875
0 0.017150395778364115 0.64375 0.032541776605101144 0.025
0 0.07695690413368514 0.45078125 0.03781882145998241 0.0296875
0 0.11961301671064203 0.4515625 0.040457343887423045 0.03125
0 0.18337730870712401 0.4453125 0.0395778364116095 0.03125
0 0.11257695690413369 0.63359375 0.04573438874230431 0.0328125
0 0.1644678979771328 0.63125 0.04221635883905013 0.03125