0 0.3043095866314864 0.49140625 0.028144239226033423 0.0296875
0 0.22867194371152155 0.0125 0.022867194371152155 0.021875
0 0.35224274406332456 0.259375 0.023746701846965697 0.046875
0 0.048812664907651716 0.096875 0.03605980650835532 0.025
0 0.04397537379067722 0.1234375 0.036939313984168866 0.025
0 0.03518029903254178 0.14921875 0.036939313984168866 0.0265625
0 0.032981530343007916 0.2015625 0.03781882145998241 0.025
0 0.029463500439753737 0.22890625 0.0395778364116095 0.0265625
0 0.021108179419525065 0.26015625 0.040457343887423045 0.0234375
0 0.020228671943711522 0.2890625 0.03869832893579595 0.025
0 0.08135444151275285 0.240625 0.04133685136323659 0.025
0 0.08003518029903255 0.265625 0.0316622691292876 0.025
0 0.07695690413368514 0.29296875 0.032541776605101144 0.0234375
0 0.16490765171503957 0.328125 0.029023746701846966 0.028125
0 0.4098504837291117 0.9140625 0.040457343887423045 0.0625
0 0.9173262972735268 0.33203125 0.02990325417766051 0.0546875