0 0.7260334212840809 0.2421875 0.020228671943711522 0.034375
0 0.7242744063324539 0.175 0.020228671943711522 0.028125
0 0.7792436235708003 0.13828125 0.021108179419525065 0.0328125
0 0.7985927880386983 0.08359375 0.014072119613016711 0.0296875
0 0.7814423922603342 0.10546875 0.018469656992084433 0.0265625
0 0.5686015831134564 0.325 0.020228671943711522 0.034375
0 0.43579595426561124 0.14609375 0.02198768689533861 0.0328125
0 0.42656112576956906 0.16875 0.019349164467897976 0.034375
0 0.48636763412489004 0.2 0.019349164467897976 0.028125
0 0.4810905892700088 0.2734375 0.021108179419525065 0.0375
0 0.6156552330694811 0.4546875 0.028144239226033423 0.04375
0 0.5325417766051012 0.48203125 0.02198768689533861 0.0453125
0 0.5180299032541776 0.55078125 0.028144239226033423 0.0390625
0 0.5417766051011433 0.5578125 0.028144239226033423 0.04375
0 0.4463500439753738 0.6890625 0.032541776605101144 0.046875
0 0.36323658751099386 0.80234375 0.0316622691292876 0.0484375
0 0.19876868953386104 0.93359375 0.04221635883905013 0.0484375
0 0.23131046613896217 0.95 0.03869832893579595 0.046875
0 0.3131046613896218 0.08671875 0.01759014951627089 0.0328125
0 0.7713280562884784 0.50390625 0.0316622691292876 0.0484375
0 0.7827616534740546 0.6359375 0.028144239226033423 0.05