0 0.5532102022867195 0.60703125 0.026385224274406333 0.0640625
0 0.4551451187335092 0.35625 0.023746701846965697 0.05
0 0.3658751099384345 0.0765625 0.022867194371152155 0.05
0 0.3368513632365875 0.42421875 0.028144239226033423 0.0296875
0 0.1345646437994723 0.14765625 0.03869832893579595 0.0296875
0 0.13192612137203166 0.1703125 0.02990325417766051 0.03125
0 0.1284080914687775 0.19453125 0.0316622691292876 0.0328125
0 0.20624450307827616 0.24375 0.02198768689533861 0.028125
0 0.008795074758135445 0.11015625 0.0158311345646438 0.0296875
0 0.07211961301671065 0.17890625 0.040457343887423045 0.0328125
0 0.0773966578715919 0.15390625 0.03869832893579595 0.0296875
0 0.0853122251539138 0.125 0.03518029903254178 0.025
0 0.09058927000879508 0.1 0.03342128408091469 0.025
0 0.09630606860158311 0.05234375 0.03430079155672823 0.0296875
0 0.10510114335971855 0.02734375 0.03430079155672823 0.0265625
0 0.11081794195250659 0.0109375 0.03869832893579595 0.01875
0 0.41688654353562005 0.846875 0.040457343887423045 0.05625
0 0.6451187335092349 0.8578125 0.030782761653474055 0.065625
0 0.9507475813544415 0.36953125 0.02990325417766051 0.0484375