0 0.34432717678100266 0.39921875 0.027264731750219876 0.0265625
0 0.021547933157431837 0.1078125 0.032541776605101144 0.03125
0 0.011433597185576077 0.1578125 0.021108179419525065 0.028125
0 0.052330694810905895 0.0078125 0.03781882145998241 0.0125
0 0.11213720316622691 0.103125 0.032541776605101144 0.028125
0 0.10642040457343888 0.125 0.03518029903254178 0.028125
0 0.09674582233948988 0.15078125 0.036939313984168866 0.0296875
0 0.0932277924362357 0.17578125 0.03869832893579595 0.0296875
0 0.15303430079155672 0.14453125 0.03518029903254178 0.0265625
0 0.1503957783641161 0.165625 0.028144239226033423 0.028125
0 0.14687774846086193 0.18984375 0.028144239226033423 0.0265625
0 0.11829375549692173 0.0578125 0.03781882145998241 0.028125
0 0.1266490765171504 0.03671875 0.03518029903254178 0.0296875
0 0.13236587510993844 0.01640625 0.032541776605101144 0.0265625
0 0.22031662269129287 0.23125 0.020228671943711522 0.025
0 0.41864555848724716 0.18828125 0.024626209322779244 0.0515625
0 0.49912049252418644 0.44453125 0.023746701846965697 0.0515625
0 0.4217238346525945 0.7953125 0.03605980650835532 0.05
0 0.6354441512752859 0.7953125 0.030782761653474055 0.065625
0 0.9362357080035181 0.35 0.030782761653474055 0.05