0 0.2436235708003518 0.98359375 0.03518029903254178 0.0328125
0 0.29507475813544415 0.98046875 0.032541776605101144 0.0390625
0 0.3460861917326297 0.9265625 0.03781882145998241 0.0625
0 0.39841688654353563 0.91484375 0.03518029903254178 0.0546875
0 0.43799472295514513 0.85625 0.03518029903254178 0.059375
0 0.48768689533861037 0.77890625 0.03430079155672823 0.0546875
0 0.5299032541776605 0.659375 0.03430079155672823 0.04375
0 0.5562884784520669 0.67109375 0.032541776605101144 0.0515625
0 0.44986807387862804 0.21953125 0.02198768689533861 0.0484375
0 0.5576077396657871 0.371875 0.026385224274406333 0.05
0 0.6481970096745822 0.46015625 0.028144239226033423 0.0484375
0 0.7563764291996482 0.5796875 0.03518029903254178 0.053125
0 0.816622691292876 0.609375 0.03781882145998241 0.053125
0 0.7638522427440633 0.18046875 0.02198768689533861 0.0359375
0 0.7612137203166227 0.2265625 0.025505716798592787 0.04375
0 0.7594547053649956 0.28203125 0.02198768689533861 0.0421875
0 0.8566402814423922 0.096875 0.024626209322779244 0.0375
0 0.8500439753737907 0.06484375 0.018469656992084433 0.0359375
0 0.8293755496921724 0.09140625 0.022867194371152155 0.0359375
0 0.2955145118733509 0.06171875 0.021108179419525065 0.0421875