0 0.29991204925241866 0.04140625 0.0158311345646438 0.0265625
0 0.3043095866314864 0.11953125 0.0158311345646438 0.0328125
0 0.37115215479331576 0.19921875 0.019349164467897976 0.0296875
0 0.3016710642040457 0.22265625 0.019349164467897976 0.0421875
0 0.5162708883025505 0.46171875 0.022867194371152155 0.0484375
0 0.530782761653474 0.81015625 0.032541776605101144 0.0546875
0 0.558047493403694 0.8234375 0.032541776605101144 0.053125
0 0.48812664907651715 0.934375 0.036939313984168866 0.05625
0 0.38786279683377306 0.9609375 0.036939313984168866 0.059375
0 0.7576956904133685 0.3765625 0.023746701846965697 0.040625
0 0.7563764291996482 0.42890625 0.022867194371152155 0.0390625
0 0.974934036939314 0.0421875 0.011433597185576077 0.021875
0 0.955584872471416 0.065625 0.018469656992084433 0.03125
0 0.934476693051891 0.0921875 0.016710642040457344 0.028125
0 0.920844327176781 0.11015625 0.014072119613016711 0.0234375
0 0.8812664907651716 0.2140625 0.022867194371152155 0.0375
0 0.837730870712401 0.22421875 0.018469656992084433 0.0328125
0 0.8192612137203166 0.24765625 0.016710642040457344 0.0328125
0 0.7568161829375549 0.3328125 0.02198768689533861 0.0375
0 0.8188214599824098 0.753125 0.03518029903254178 0.05625
0 0.8962181178540017 0.96484375 0.03869832893579595 0.0578125
0 0.7550571679859279 0.85703125 0.03430079155672823 0.0609375