0 0.9375549692172384 0.7109375 0.040457343887423045 0.028125
0 0.6477572559366754 0.078125 0.018469656992084433 0.065625
0 0.6499560246262093 0.146875 0.0158311345646438 0.059375
0 0.48812664907651715 0.32578125 0.022867194371152155 0.0671875
0 0.33421284080914687 0.2546875 0.040457343887423045 0.03125
0 0.33465259454705365 0.29921875 0.0395778364116095 0.0296875
0 0.4045734388742304 0.44375 0.04221635883905013 0.028125
0 0.21943711521547934 0.44140625 0.03781882145998241 0.0296875
0 0.27308707124010556 0.62578125 0.04133685136323659 0.0328125
0 0.08970976253298153 0.45546875 0.04397537379067722 0.0296875
0 0.026385224274406333 0.46328125 0.040457343887423045 0.0328125
0 0.022867194371152155 0.6421875 0.04397537379067722 0.0375
0 0.07211961301671065 0.6390625 0.04573438874230431 0.034375
0 0.1789797713280563 0.63046875 0.0395778364116095 0.0328125
0 0.7299912049252419 0.97734375 0.019349164467897976 0.0453125