0 0.5246262093227793 0.3234375 0.020228671943711522 0.06875
0 0.6864555848724714 0.0796875 0.014951627088830254 0.065625
0 0.6877748460861918 0.14453125 0.012313104661389622 0.0609375
0 0.4283201407211961 0.1421875 0.012313104661389622 0.06875
0 0.3720316622691293 0.25078125 0.040457343887423045 0.0296875
0 0.3733509234828496 0.29765625 0.0395778364116095 0.0359375
0 0.42172383465259455 0.453125 0.03781882145998241 0.04375
0 0.2563764291996482 0.440625 0.0395778364116095 0.034375
0 0.12620932277924363 0.44921875 0.04133685136323659 0.0328125
0 0.06288478452066842 0.45546875 0.04133685136323659 0.0328125
0 0.02198768689533861 0.45546875 0.036939313984168866 0.0265625
0 0.05452946350043975 0.6359375 0.04573438874230431 0.03125
0 0.10817941952506598 0.634375 0.04221635883905013 0.03125
0 0.22559366754617413 0.61953125 0.0395778364116095 0.0390625
0 0.31090589270008795 0.62265625 0.0395778364116095 0.0359375
0 0.7647317502198768 0.9109375 0.018469656992084433 0.071875
0 0.974934036939314 0.7125 0.0395778364116095 0.03125