0 0.4313984168865435 0.7203125 0.03430079155672823 0.04375
0 0.5343007915567284 0.49453125 0.02198768689533861 0.0484375
0 0.4824098504837291 0.328125 0.02198768689533861 0.04375
0 0.3627968337730871 0.38125 0.025505716798592787 0.025
0 0.19217238346525944 0.171875 0.030782761653474055 0.021875
0 0.18953386103781883 0.19140625 0.025505716798592787 0.0234375
0 0.18601583113456466 0.2109375 0.027264731750219876 0.01875
0 0.17458223394898856 0.0734375 0.027264731750219876 0.021875
0 0.15479331574318383 0.140625 0.028144239226033423 0.021875
0 0.1600703605980651 0.10625 0.028144239226033423 0.025
0 0.17018469656992086 0.0890625 0.029023746701846966 0.021875
0 0.1503957783641161 0.15859375 0.02990325417766051 0.0234375
0 0.1424802110817942 0.1796875 0.03342128408091469 0.025
0 0.13852242744063326 0.19765625 0.032541776605101144 0.0265625
0 0.0760773966578716 0.14609375 0.027264731750219876 0.0265625
0 0.058927000879507474 0.184375 0.028144239226033423 0.01875
0 0.10466138962181179 0.05546875 0.02990325417766051 0.0265625
0 0.11301671064204045 0.0390625 0.027264731750219876 0.025
0 0.012752858399296392 0.16484375 0.023746701846965697 0.0203125
0 0.01802990325417766 0.14765625 0.023746701846965697 0.0234375
0 0.02990325417766051 0.1296875 0.02990325417766051 0.021875
0 0.03342128408091469 0.11015625 0.024626209322779244 0.0203125
0 0.04661389621811785 0.078125 0.028144239226033423 0.021875
0 0.05804749340369393 0.04296875 0.02990325417766051 0.0265625
0 0.06464379947229551 0.028125 0.030782761653474055 0.025
0 0.07299912049252419 0.01171875 0.026385224274406333 0.0203125
0 0.9001759014951627 0.34453125 0.025505716798592787 0.0390625
0 0.9828496042216359 0.56484375 0.03430079155672823 0.0421875
0 0.9925241864555848 0.6015625 0.014951627088830254 0.034375
0 0.9890061565523307 0.41484375 0.02198768689533861 0.0390625
0 0.9938434476693052 0.24453125 0.012313104661389622 0.0265625
0 0.2519788918205805 0.24453125 0.020228671943711522 0.0203125
0 0.8359718557607739 0.93046875 0.03430079155672823 0.0609375
0 0.7431838170624451 0.96171875 0.0316622691292876 0.0609375
0 0.8658751099384345 0.97890625 0.0395778364116095 0.0421875