0 0.3227792436235708 0.0265625 0.014072119613016711 0.021875
0 0.3179419525065963 0.20390625 0.014951627088830254 0.0296875
0 0.3487247141600704 0.1953125 0.016710642040457344 0.028125
0 0.3676341248900616 0.19453125 0.0158311345646438 0.0296875
0 0.49076517150395776 0.4015625 0.024626209322779244 0.034375
0 0.5259454705364995 0.4453125 0.019349164467897976 0.034375
0 0.5681618293755497 0.465625 0.022867194371152155 0.0375
0 0.5162708883025505 0.64453125 0.026385224274406333 0.0359375
0 0.5404573438874231 0.6515625 0.027264731750219876 0.040625
0 0.6565523306948108 0.5453125 0.029023746701846966 0.034375
0 0.6882145998240985 0.55546875 0.023746701846965697 0.0359375
0 0.7396657871591908 0.64375 0.0316622691292876 0.046875
0 0.9841688654353562 0.82890625 0.0316622691292876 0.0484375
0 0.714599824098505 0.28671875 0.020228671943711522 0.0265625
0 0.7880386983289358 0.26171875 0.0158311345646438 0.0265625
0 0.7695690413368513 0.221875 0.01759014951627089 0.028125
0 0.785839929639402 0.20234375 0.014951627088830254 0.0296875
0 0.9551451187335093 0.053125 0.0158311345646438 0.025
0 0.9028144239226034 0.06796875 0.011433597185576077 0.0203125
0 0.8869832893579597 0.08515625 0.018469656992084433 0.0265625
0 0.8685136323658752 0.10546875 0.013192612137203167 0.0234375
0 0.8562005277044855 0.11875 0.011433597185576077 0.021875
0 0.9485488126649076 0.01484375 0.013192612137203167 0.0203125
0 0.7647317502198768 0.6 0.027264731750219876 0.0375