0 0.7748460861917327 0.0671875 0.0316622691292876 0.05625
0 0.7383465259454706 0.11796875 0.029023746701846966 0.0546875
0 0.6688654353562005 0.22890625 0.03781882145998241 0.0609375
0 0.6292875989445911 0.284375 0.032541776605101144 0.059375
0 0.617854001759015 0.36796875 0.03430079155672823 0.0609375
0 0.669744942832014 0.296875 0.03605980650835532 0.059375
0 0.6077396657871592 0.45546875 0.02990325417766051 0.0515625
0 0.6943711521547933 0.5 0.0395778364116095 0.05625
0 0.30606860158311344 0.59296875 0.0316622691292876 0.0609375
0 0.5281442392260334 0.90234375 0.032541776605101144 0.0703125
0 0.5584872471416007 0.9109375 0.02990325417766051 0.0625
0 0.6248900615655232 0.9453125 0.029023746701846966 0.059375
0 0.30474934036939316 0.98203125 0.030782761653474055 0.0359375
0 0.3368513632365875 0.9875 0.02990325417766051 0.025