0 0.49120492524186454 0.52578125 0.018469656992084433 0.0671875
0 0.6160949868073878 0.32421875 0.020228671943711522 0.0671875
0 0.5237467018469657 0.1421875 0.018469656992084433 0.06875
0 0.4656992084432718 0.25 0.04133685136323659 0.03125
0 0.46701846965699206 0.29453125 0.03869832893579595 0.0328125
0 0.3482849604221636 0.43671875 0.036939313984168866 0.0328125
0 0.33421284080914687 0.59140625 0.03518029903254178 0.0578125
0 0.40281442392260336 0.62109375 0.03869832893579595 0.0328125
0 0.21855760773966576 0.44375 0.04133685136323659 0.03125
0 0.15523306948109059 0.45 0.04133685136323659 0.028125
0 0.113896218117854 0.45078125 0.03781882145998241 0.0328125
0 0.048812664907651716 0.4546875 0.03605980650835532 0.03125
0 0.007475813544415127 0.45390625 0.013192612137203167 0.0265625
0 0.04925241864555849 0.640625 0.03518029903254178 0.028125
0 0.14731750219876869 0.6328125 0.044854881266490766 0.034375
0 0.20008795074758134 0.628125 0.04133685136323659 0.03125
0 0.7779243623570801 0.084375 0.014951627088830254 0.0625
0 0.7783641160949868 0.15078125 0.012313104661389622 0.0609375
0 0.8557607739665787 0.87578125 0.0158311345646438 0.0734375