0 0.46262093227792433 0.70078125 0.028144239226033423 0.0515625
0 0.5175901495162709 0.53125 0.025505716798592787 0.046875
0 0.5197889182058048 0.57734375 0.028144239226033423 0.0421875
0 0.5452946350043976 0.5859375 0.026385224274406333 0.046875
0 0.662269129287599 0.53671875 0.02990325417766051 0.0484375
0 0.5373790677220757 0.3015625 0.022867194371152155 0.034375
0 0.51363236587511 0.33359375 0.021108179419525065 0.0421875
0 0.4019349164467898 0.1125 0.019349164467897976 0.028125
0 0.4529463500439754 0.16953125 0.01759014951627089 0.0328125
0 0.4388742304309587 0.20234375 0.019349164467897976 0.0359375
0 0.7273526824978013 0.2640625 0.021108179419525065 0.03125
0 0.9023746701846965 0.01640625 0.019349164467897976 0.0296875
0 0.8034300791556728 0.09609375 0.016710642040457344 0.0296875
0 0.7858399296394019 0.1171875 0.020228671943711522 0.028125
0 0.7620932277924363 0.178125 0.025505716798592787 0.034375
0 0.7286719437115216 0.18828125 0.020228671943711522 0.0328125
0 0.8386103781882146 0.73125 0.03430079155672823 0.053125
0 0.9925241864555848 0.7625 0.014951627088830254 0.040625
0 0.38522427440633245 0.8046875 0.028144239226033423 0.04375
0 0.2436235708003518 0.92109375 0.040457343887423045 0.0546875
0 0.26517150395778366 0.9515625 0.03605980650835532 0.046875
0 0.7779243623570801 0.528125 0.032541776605101144 0.0375