0 0.45074758135444154 0.95078125 0.030782761653474055 0.0703125
0 0.45382585751978893 0.746875 0.028144239226033423 0.06875
0 0.48197009674582236 0.67265625 0.0316622691292876 0.0734375
0 0.5246262093227793 0.72421875 0.029023746701846966 0.0734375
0 0.552330694810906 0.65234375 0.026385224274406333 0.0640625
0 0.5303430079155673 0.528125 0.026385224274406333 0.0625
0 0.5545294635004397 0.46484375 0.027264731750219876 0.0671875
0 0.6605101143359717 0.15859375 0.021108179419525065 0.0546875
0 0.6816182937554969 0.10546875 0.024626209322779244 0.0640625
0 0.712401055408971 0.03046875 0.02990325417766051 0.0578125
0 0.8223394898856641 0.13359375 0.028144239226033423 0.0609375
0 0.8509234828496042 0.0734375 0.023746701846965697 0.053125
0 0.8685136323658751 0.02421875 0.020228671943711522 0.0453125