0 0.5914687774846086 0.8359375 0.027264731750219876 0.075
0 0.5712401055408971 0.75234375 0.027264731750219876 0.0703125
0 0.4995602462620932 0.846875 0.028144239226033423 0.075
0 0.42963940193491645 0.57265625 0.023746701846965697 0.0671875
0 0.4072119613016711 0.36953125 0.021108179419525065 0.0515625
0 0.37994722955145116 0.3796875 0.019349164467897976 0.04375
0 0.03342128408091469 0.66953125 0.04221635883905013 0.0484375
0 0.022427440633245383 0.63828125 0.04309586631486367 0.0453125
0 0.13896218117854 0.56015625 0.036939313984168866 0.0453125
0 0.18953386103781883 0.5265625 0.0395778364116095 0.04375
0 0.19920844327176782 0.5546875 0.044854881266490766 0.046875
0 0.24758135444151275 0.52421875 0.03605980650835532 0.0484375
0 0.25065963060686014 0.47890625 0.03869832893579595 0.0421875
0 0.2959542656112577 0.471875 0.0395778364116095 0.034375
0 0.22911169744942833 0.41328125 0.03430079155672823 0.0484375
0 0.3737906772207564 0.24609375 0.021108179419525065 0.0484375
0 0.3007915567282322 0.0703125 0.019349164467897976 0.046875
0 0.5057167985927881 0.23125 0.03342128408091469 0.040625
0 0.6385224274406331 0.9796875 0.024626209322779244 0.040625