0 0.04353562005277045 0.87734375 0.029023746701846966 0.0890625
0 0.08003518029903255 0.79609375 0.03518029903254178 0.0734375
0 0.06508355321020229 0.90703125 0.024626209322779244 0.0796875
0 0.13368513632365875 0.3109375 0.024626209322779244 0.075
0 0.23790677220756376 0.08046875 0.023746701846965697 0.0546875
0 0.41468777484608615 0.58828125 0.03781882145998241 0.0359375
0 0.47977132805628847 0.625 0.0395778364116095 0.04375
0 0.5514511873350924 0.65 0.03869832893579595 0.034375
0 0.5923482849604221 0.671875 0.03605980650835532 0.034375
0 0.7343887423043096 0.834375 0.04221635883905013 0.046875
0 0.8038698328935796 0.92734375 0.04397537379067722 0.0453125
0 0.8170624450307827 0.76796875 0.03342128408091469 0.0359375
0 0.8570800351802991 0.7875 0.04133685136323659 0.040625
0 0.9221635883905013 0.82265625 0.048372911169744945 0.0484375
0 0.9780123131046614 0.84609375 0.03518029903254178 0.0421875
0 0.021547933157431837 0.9796875 0.025505716798592787 0.040625
0 0.04617414248021108 0.98203125 0.025505716798592787 0.0359375