0 0.06244503078276165 0.93203125 0.028144239226033423 0.0828125
0 0.0426561125769569 0.41875 0.020228671943711522 0.075
0 0.11565523306948108 0.128125 0.020228671943711522 0.0625
0 0.3720316622691293 0.575 0.036939313984168866 0.03125
0 0.4393139841688654 0.584375 0.0395778364116095 0.034375
0 0.5118733509234829 0.58046875 0.036939313984168866 0.0296875
0 0.5562884784520669 0.5828125 0.03605980650835532 0.03125
0 0.6147757255936674 0.6796875 0.040457343887423045 0.0375
0 0.7774846086191732 0.58671875 0.03342128408091469 0.0296875
0 0.8179419525065963 0.58671875 0.03869832893579595 0.0265625
0 0.8834652594547053 0.59375 0.044854881266490766 0.034375
0 0.9340369393139841 0.59453125 0.03518029903254178 0.0328125
0 0.8799472295514512 0.6859375 0.0395778364116095 0.0375
0 0.8773087071240105 0.74609375 0.04309586631486367 0.0328125