0 0.12005277044854881 0.4421875 0.0395778364116095 0.03125
0 0.24274406332453827 0.48125 0.03518029903254178 0.034375
0 0.34080914687774844 0.4796875 0.03781882145998241 0.0375
0 0.6657871591908531 0.38671875 0.036939313984168866 0.0390625
0 0.6846965699208444 0.440625 0.04133685136323659 0.034375
0 0.9661389621811786 0.35703125 0.04309586631486367 0.0390625
0 0.9129287598944591 0.26328125 0.03869832893579595 0.0390625
0 0.636763412489006 0.7328125 0.021108179419525065 0.078125
0 0.6802990325417766 0.76796875 0.020228671943711522 0.0765625
0 0.6530343007915568 0.91796875 0.020228671943711522 0.0734375
0 0.5246262093227794 0.13046875 0.018469656992084433 0.0734375
0 0.5518909410729991 0.1515625 0.02198768689533861 0.071875
0 0.5452946350043976 0.05390625 0.01759014951627089 0.0671875