0 0.35356200527704484 0.92578125 0.01759014951627089 0.0578125
0 0.357080035180299 0.85859375 0.014072119613016711 0.0671875
0 0.3627968337730871 0.75234375 0.014951627088830254 0.0734375
0 0.3649956024626209 0.6765625 0.0158311345646438 0.053125
0 0.3737906772207564 0.4484375 0.012313104661389622 0.05
0 0.37423043095866315 0.39453125 0.011433597185576077 0.0484375
0 0.37818821459982416 0.34296875 0.012313104661389622 0.0515625
0 0.3786279683377309 0.2671875 0.011433597185576077 0.04375
0 0.3786279683377309 0.2234375 0.016710642040457344 0.046875
0 0.38038698328935794 0.13203125 0.011433597185576077 0.0421875
0 0.386103781882146 0.0515625 0.010554089709762533 0.0375
0 0.44019349164467897 0.10078125 0.013192612137203167 0.0359375
0 0.48504837291116976 0.41640625 0.013192612137203167 0.0484375
0 0.49296394019349166 0.60546875 0.018469656992084433 0.0453125
0 0.49340369393139843 0.66328125 0.014072119613016711 0.0515625
0 0.49120492524186454 0.740625 0.016710642040457344 0.0625
0 0.5721196130167107 0.53828125 0.02198768689533861 0.0296875
0 0.5611257695690414 0.56015625 0.024626209322779244 0.0328125
0 0.554089709762533 0.58125 0.022867194371152155 0.03125