0 0.30606860158311344 0.75390625 0.03869832893579595 0.0546875
0 0.37115215479331576 0.6953125 0.04221635883905013 0.053125
0 0.43447669305189096 0.6234375 0.036939313984168866 0.046875
0 0.4762532981530343 0.5890625 0.03605980650835532 0.05
0 0.415127528583993 0.75859375 0.040457343887423045 0.0578125
0 0.6182937554969217 0.5546875 0.036939313984168866 0.046875
0 0.6618293755496921 0.4015625 0.029023746701846966 0.0375
0 0.6943711521547933 0.37109375 0.03605980650835532 0.0484375
0 0.7484608619173263 0.325 0.036939313984168866 0.053125
0 0.7897977132805628 0.2859375 0.028144239226033423 0.040625
0 0.9217238346525946 0.31953125 0.036939313984168866 0.0484375
0 0.8227792436235708 0.5203125 0.03781882145998241 0.05
0 0.8693931398416886 0.48828125 0.03430079155672823 0.0421875
0 0.9032541776605101 0.453125 0.0316622691292876 0.053125
0 0.9560246262093228 0.54609375 0.01759014951627089 0.0453125
0 0.9740545294635005 0.54609375 0.014951627088830254 0.0484375
0 0.9278803869832893 0.15234375 0.03518029903254178 0.0453125
0 0.9630606860158312 0.11796875 0.03342128408091469 0.0421875
0 0.9920844327176781 0.09296875 0.0158311345646438 0.0421875