0 0.6125769569041337 0.94140625 0.027264731750219876 0.0828125
0 0.5958663148636764 0.8546875 0.027264731750219876 0.071875
0 0.5114335971855761 0.890625 0.025505716798592787 0.075
0 0.45954265611257694 0.63515625 0.018469656992084433 0.0421875
0 0.5505716798592788 0.32109375 0.036939313984168866 0.0421875
0 0.4173262972735268 0.2921875 0.016710642040457344 0.046875
0 0.37994722955145116 0.2359375 0.021108179419525065 0.053125
0 0.3913808267370273 0.16953125 0.01759014951627089 0.0453125
0 0.3355321020228672 0.528125 0.03605980650835532 0.034375
0 0.28935795954265614 0.5296875 0.03869832893579595 0.0375
0 0.28408091468777485 0.57265625 0.03518029903254178 0.0453125
0 0.2357080035180299 0.59453125 0.040457343887423045 0.0453125
0 0.22735268249780125 0.5671875 0.03781882145998241 0.04375
0 0.1948109058927001 0.5125 0.03781882145998241 0.04375
0 0.18117854001759015 0.58828125 0.036939313984168866 0.0359375
0 0.06156552330694811 0.65390625 0.04221635883905013 0.0421875
0 0.07036059806508356 0.68515625 0.040457343887423045 0.0421875
0 0.0158311345646438 0.715625 0.02990325417766051 0.04375
0 0.03781882145998241 0.540625 0.040457343887423045 0.04375
0 0.8548812664907651 0.11484375 0.0316622691292876 0.0359375