0 0.1284080914687775 0.7078125 0.040457343887423045 0.04375
0 0.2357080035180299 0.67734375 0.036939313984168866 0.0453125
0 0.25813544415127526 0.75390625 0.04133685136323659 0.0515625
0 0.2858399296394019 0.71953125 0.03869832893579595 0.0515625
0 0.4586631486367634 0.678125 0.02198768689533861 0.065625
0 0.6059806508355321 0.9046875 0.04397537379067722 0.05625
0 0.644678979771328 0.8578125 0.04221635883905013 0.05
0 0.7040457343887423 0.978125 0.04133685136323659 0.04375
0 0.48636763412489004 0.45859375 0.026385224274406333 0.0671875
0 0.6499560246262093 0.21953125 0.022867194371152155 0.0609375
0 0.5329815303430079 0.07734375 0.021108179419525065 0.0609375
0 0.6402814423922604 0.10234375 0.022867194371152155 0.0546875
0 0.370712401055409 0.97265625 0.025505716798592787 0.0546875
0 0.014511873350923483 0.61484375 0.027264731750219876 0.0390625
0 0.8619173262972736 0.05546875 0.040457343887423045 0.0359375
0 0.8588390501319261 0.08828125 0.027264731750219876 0.0328125
0 0.8575197889182058 0.11484375 0.019349164467897976 0.0234375
0 0.9564643799472295 0.08984375 0.03605980650835532 0.0390625
0 0.9489885664028144 0.1421875 0.03518029903254178 0.0375
0 0.8460861917326298 0.23359375 0.026385224274406333 0.0265625
0 0.8579595426561126 0.34609375 0.027264731750219876 0.0296875
0 0.8777484608619174 0.4125 0.02990325417766051 0.034375
0 0.8913808267370273 0.44140625 0.027264731750219876 0.0421875
0 0.9177660510114336 0.5140625 0.03430079155672823 0.059375
0 0.9463500439753738 0.53359375 0.022867194371152155 0.0546875
0 0.9912049252418645 0.178125 0.01759014951627089 0.034375