0 0.49340369393139843 0.953125 0.028144239226033423 0.065625
0 0.5246262093227793 0.853125 0.030782761653474055 0.075
0 0.5219876868953386 0.65703125 0.027264731750219876 0.0734375
0 0.5505716798592788 0.5828125 0.03342128408091469 0.06875
0 0.5927880386983291 0.63359375 0.028144239226033423 0.0734375
0 0.6248900615655233 0.546875 0.027264731750219876 0.0625
0 0.5963060686015831 0.44140625 0.026385224274406333 0.0609375
0 0.6191732629727352 0.37734375 0.022867194371152155 0.0640625
0 0.7229551451187335 0.07734375 0.019349164467897976 0.0515625
0 0.741424802110818 0.02890625 0.022867194371152155 0.0546875
0 0.8803869832893579 0.05546875 0.024626209322779244 0.0578125