0 0.6372031662269129 0.915625 0.02198768689533861 0.071875
0 0.5395778364116095 0.76171875 0.014951627088830254 0.0453125
0 0.6552330694810906 0.365625 0.036939313984168866 0.034375
0 0.5013192612137203 0.2734375 0.0158311345646438 0.05
0 0.5184696569920845 0.21640625 0.014951627088830254 0.0453125
0 0.5057167985927881 0.08828125 0.014072119613016711 0.0453125
0 0.10466138962181179 0.5578125 0.040457343887423045 0.028125
0 0.02990325417766051 0.42421875 0.03518029903254178 0.0296875
0 0.0773966578715919 0.41640625 0.03869832893579595 0.0265625
0 0.14775725593667546 0.40234375 0.03518029903254178 0.0328125
0 0.15699208443271767 0.515625 0.03781882145998241 0.028125
0 0.16094986807387862 0.54921875 0.03518029903254178 0.0265625
0 0.24802110817941952 0.440625 0.03342128408091469 0.028125
0 0.27088830255057167 0.50078125 0.03342128408091469 0.0265625
0 0.31618293755496923 0.490625 0.03605980650835532 0.025
0 0.3197009674582234 0.521875 0.03605980650835532 0.034375
0 0.3685136323658751 0.5171875 0.036939313984168866 0.03125
0 0.37686895338610377 0.478125 0.03605980650835532 0.028125
0 0.41996481970096744 0.49296875 0.03605980650835532 0.0265625
0 0.026824978012313105 0.06875 0.013192612137203167 0.05
0 0.0079155672823219 0.64296875 0.014072119613016711 0.0265625
0 0.9894459102902374 0.26171875 0.021108179419525065 0.0265625
0 0.6437994722955145 0.98359375 0.01759014951627089 0.0328125
0 0.22955145118733508 0.0203125 0.0316622691292876 0.034375