0 0.04177660510114336 0.240625 0.03605980650835532 0.025
0 0.04001759014951627 0.38203125 0.03781882145998241 0.0265625
0 0.1090589270008795 0.3546875 0.036939313984168866 0.025
0 0.11169744942832015 0.44609375 0.03869832893579595 0.0359375
0 0.1868953386103782 0.365625 0.03430079155672823 0.03125
0 0.21679859278803867 0.39609375 0.03781882145998241 0.0328125
0 0.2669305189094107 0.3734375 0.03430079155672823 0.03125
0 0.2691292875989446 0.40625 0.03342128408091469 0.028125
0 0.1627088830255057 0.25234375 0.03518029903254178 0.0328125
0 0.20492524186455585 0.25625 0.03342128408091469 0.03125
0 0.2673702726473175 0.26328125 0.03518029903254178 0.0328125
0 0.37423043095866315 0.38671875 0.030782761653474055 0.0296875
0 0.41688654353562005 0.39609375 0.036939313984168866 0.0296875
0 0.4177660510114336 0.42890625 0.036939313984168866 0.0328125
0 0.4758135444151275 0.4015625 0.03518029903254178 0.03125
0 0.4630606860158311 0.43359375 0.03781882145998241 0.0265625
0 0.5140721196130167 0.428125 0.03605980650835532 0.0375
0 0.6051011433597185 0.58125 0.01759014951627089 0.0625
0 0.7664907651715039 0.3671875 0.03781882145998241 0.034375
0 0.8214599824098505 0.44921875 0.036939313984168866 0.0296875
0 0.6877748460861918 0.90625 0.01759014951627089 0.075