0 0.6657871591908531 0.93984375 0.021108179419525065 0.0765625
0 0.6605101143359718 0.8484375 0.019349164467897976 0.075
0 0.5584872471416007 0.684375 0.019349164467897976 0.071875
0 0.683377308707124 0.303125 0.03342128408091469 0.0375
0 0.7638522427440633 0.35703125 0.030782761653474055 0.0359375
0 0.44591029023746703 0.434375 0.036939313984168866 0.03125
0 0.40325417766051014 0.41875 0.03605980650835532 0.028125
0 0.39533861037818824 0.45625 0.03605980650835532 0.034375
0 0.34740545294635006 0.46328125 0.03869832893579595 0.0359375
0 0.34300791556728233 0.43125 0.036939313984168866 0.03125
0 0.2985927880386983 0.43671875 0.032541776605101144 0.0265625
0 0.19217238346525947 0.48828125 0.03605980650835532 0.0265625
0 0.1868953386103782 0.45546875 0.03781882145998241 0.0328125
0 0.1358839050131926 0.496875 0.0395778364116095 0.03125
0 0.10290237467018469 0.471875 0.036939313984168866 0.025
0 0.030343007915567283 0.58203125 0.04309586631486367 0.0296875
0 0.030343007915567283 0.4875 0.0395778364116095 0.025
0 0.0633245382585752 0.365625 0.03518029903254178 0.028125
0 0.10949868073878628 0.35546875 0.03605980650835532 0.0296875
0 0.1772207563764292 0.3421875 0.03430079155672823 0.034375