0 0.8948988566402815 0.88515625 0.04133685136323659 0.0484375
0 0.7827616534740545 0.853125 0.02990325417766051 0.065625
0 0.6200527704485488 0.8125 0.036939313984168866 0.046875
0 0.5219876868953386 0.759375 0.03781882145998241 0.046875
0 0.5681618293755497 0.790625 0.040457343887423045 0.04375
0 0.5844327176781002 0.7625 0.03605980650835532 0.040625
0 0.5263852242744064 0.728125 0.03605980650835532 0.040625
0 0.48768689533861037 0.7015625 0.030782761653474055 0.034375
0 0.391820580474934 0.6390625 0.032541776605101144 0.040625
0 0.38786279683377306 0.67109375 0.02990325417766051 0.0359375
0 0.34256816182937555 0.63984375 0.03430079155672823 0.0453125
0 0.31398416886543534 0.59140625 0.0316622691292876 0.0390625
0 0.24274406332453827 0.64140625 0.03342128408091469 0.0359375
0 0.19349164467897978 0.5515625 0.036939313984168866 0.0375
0 0.22163588390501318 0.43125 0.028144239226033423 0.03125
0 0.30782761653474056 0.53046875 0.028144239226033423 0.0328125
0 0.31926121372031663 0.4859375 0.02990325417766051 0.0375
0 0.35532102022867196 0.5078125 0.0316622691292876 0.034375
0 0.41072999120492526 0.540625 0.0316622691292876 0.034375
0 0.7889182058047494 0.38046875 0.0158311345646438 0.0421875
0 0.8227792436235708 0.35546875 0.016710642040457344 0.0328125
0 0.8474054529463501 0.25859375 0.016710642040457344 0.0359375
0 0.627528583992964 0.1453125 0.025505716798592787 0.025
0 0.3724714160070361 0.20703125 0.016710642040457344 0.0359375
0 0.39665787159190846 0.21953125 0.01759014951627089 0.0359375
0 0.55584872471416 0.12265625 0.014072119613016711 0.0328125
0 0.6160949868073878 0.17265625 0.023746701846965697 0.0234375
0 0.4182058047493404 0.0953125 0.014951627088830254 0.034375
0 0.4300791556728233 0.10078125 0.014072119613016711 0.0328125
0 0.5343007915567283 0.0421875 0.014951627088830254 0.028125
0 0.5457343887423044 0.04609375 0.013192612137203167 0.0296875
0 0.5672823218997362 0.05390625 0.0158311345646438 0.0328125
0 0.5611257695690414 0.278125 0.024626209322779244 0.03125
0 0.11257695690413369 0.55078125 0.03342128408091469 0.0328125
0 0.18997361477572558 0.41015625 0.028144239226033423 0.0328125
0 0.16051011433597184 0.39296875 0.027264731750219876 0.0296875
0 0.13236587510993844 0.375 0.023746701846965697 0.028125
0 0.08003518029903255 0.3859375 0.028144239226033423 0.03125
0 0.07475813544415127 0.44609375 0.03342128408091469 0.0296875
0 0.08663148636763413 0.34921875 0.027264731750219876 0.0328125
0 0.05804749340369393 0.33359375 0.028144239226033423 0.0296875
0 0.024626209322779244 0.31484375 0.028144239226033423 0.0265625
0 0.6416007036059806 0.08203125 0.016710642040457344 0.0234375
0 0.5716798592788038 0.26328125 0.0158311345646438 0.0265625
0 0.4182058047493404 0.17578125 0.016710642040457344 0.0265625