0 0.37159190853122254 0.9140625 0.027264731750219876 0.071875
0 0.12576956904133685 0.44921875 0.040457343887423045 0.0453125
0 0.16710642040457344 0.53359375 0.04221635883905013 0.0515625
0 0.19876868953386104 0.50078125 0.040457343887423045 0.0453125
0 0.21723834652594548 0.57734375 0.040457343887423045 0.0515625
0 0.5795954265611258 0.696875 0.03342128408091469 0.0375
0 0.6380826737027264 0.7328125 0.04133685136323659 0.04375
0 0.7436235708003518 0.68984375 0.0395778364116095 0.0453125
0 0.7924362357080035 0.728125 0.04221635883905013 0.05
0 0.8874230430958663 0.78125 0.040457343887423045 0.046875
0 0.9335971855760774 0.8125 0.04133685136323659 0.04375
0 0.7770448548812665 0.81328125 0.04309586631486367 0.0453125
0 0.3597185576077397 0.98203125 0.028144239226033423 0.0359375