0 0.08355321020228672 0.49609375 0.040457343887423045 0.0328125
0 0.18997361477572558 0.4328125 0.040457343887423045 0.0375
0 0.24582233948988566 0.46328125 0.04133685136323659 0.0421875
0 0.22251539138082674 0.5015625 0.04221635883905013 0.040625
0 0.386103781882146 0.39375 0.022867194371152155 0.078125
0 0.41424802110817943 0.37890625 0.019349164467897976 0.0640625
0 0.5773966578715919 0.54375 0.04133685136323659 0.04375
0 0.6094986807387863 0.490625 0.040457343887423045 0.0375
0 0.673702726473175 0.5890625 0.036939313984168866 0.040625
0 0.7273526824978013 0.6078125 0.04221635883905013 0.040625
0 0.7937554969217239 0.63828125 0.044854881266490766 0.0453125
0 0.8614775725593667 0.67265625 0.04309586631486367 0.0421875
0 0.8583992963940194 0.0734375 0.03342128408091469 0.06875
0 0.886103781882146 0.0875 0.018469656992084433 0.046875
0 0.38698328935795956 0.1390625 0.022867194371152155 0.06875