0 0.5268249780123131 0.9109375 0.02990325417766051 0.075
0 0.5255057167985928 0.70859375 0.025505716798592787 0.0703125
0 0.5532102022867195 0.63515625 0.0316622691292876 0.0703125
0 0.5949868073878628 0.6859375 0.027264731750219876 0.071875
0 0.6253298153034301 0.6078125 0.026385224274406333 0.05625
0 0.5993843447669305 0.490625 0.023746701846965697 0.059375
0 0.6218117854001758 0.4296875 0.022867194371152155 0.0625
0 0.7260334212840809 0.12109375 0.020228671943711522 0.0515625
0 0.7440633245382586 0.075 0.024626209322779244 0.065625
0 0.8865435356200527 0.1015625 0.026385224274406333 0.059375
0 0.9133685136323659 0.04453125 0.023746701846965697 0.0546875
0 0.5013192612137203 0.98515625 0.019349164467897976 0.0265625
0 0.7695690413368513 0.0140625 0.01759014951627089 0.025