0 0.08003518029903255 0.953125 0.047493403693931395 0.046875
0 0.1556728232189974 0.9703125 0.04573438874230431 0.053125
0 0.16578715919085313 0.90703125 0.04133685136323659 0.0484375
0 0.20844327176781002 0.95 0.04397537379067722 0.05
0 0.2849604221635884 0.2625 0.021108179419525065 0.06875
0 0.5505716798592788 0.6328125 0.03342128408091469 0.0375
0 0.6064204045734388 0.59921875 0.04133685136323659 0.0390625
0 0.7392260334212841 0.52109375 0.04133685136323659 0.0421875
0 0.6728232189973615 0.459375 0.03869832893579595 0.040625
0 0.7225153913808268 0.43671875 0.04133685136323659 0.0421875
0 0.8100263852242744 0.3828125 0.03869832893579595 0.04375
0 0.8522427440633246 0.36328125 0.040457343887423045 0.0421875