0 0.3935795954265611 0.796875 0.032541776605101144 0.075
0 0.4234828496042216 0.71953125 0.03430079155672823 0.0703125
0 0.46437994722955145 0.771875 0.02990325417766051 0.078125
0 0.4736147757255937 0.571875 0.025505716798592787 0.065625
0 0.4982409850483729 0.5109375 0.025505716798592787 0.0625
0 0.6108179419525066 0.1984375 0.023746701846965697 0.053125
0 0.6292875989445911 0.1453125 0.027264731750219876 0.0625
0 0.6618293755496921 0.06875 0.029023746701846966 0.06875
0 0.772207563764292 0.1796875 0.028144239226033423 0.05625
0 0.7985927880386984 0.11953125 0.024626209322779244 0.0546875
0 0.8179419525065963 0.0625 0.022867194371152155 0.05
0 0.49428320140721194 0.69765625 0.028144239226033423 0.0640625
0 0.6855760773966578 0.01328125 0.020228671943711522 0.0234375
0 0.899736147757256 0.0890625 0.01759014951627089 0.034375
0 0.9182058047493403 0.07890625 0.01759014951627089 0.0390625