0 0.6033421284080914 0.8796875 0.026385224274406333 0.08125
0 0.5848724714160072 0.79296875 0.028144239226033423 0.0765625
0 0.4731750219876869 0.709375 0.024626209322779244 0.065625
0 0.4234828496042216 0.4890625 0.020228671943711522 0.046875
0 0.41204925241864554 0.31875 0.02198768689533861 0.05
0 0.3843447669305189 0.1921875 0.022867194371152155 0.05625
0 0.3438874230430959 0.1359375 0.021108179419525065 0.05625
0 0.05321020228671944 0.6640625 0.04133685136323659 0.04375
0 0.04177660510114336 0.63359375 0.04309586631486367 0.0421875
0 0.15963060686015831 0.5640625 0.03605980650835532 0.04375
0 0.2167985927880387 0.56484375 0.04309586631486367 0.0453125
0 0.2102022867194371 0.53359375 0.03869832893579595 0.0453125
0 0.2163588390501319 0.4546875 0.036939313984168866 0.040625
0 0.27088830255057167 0.49375 0.03518029903254178 0.04375
0 0.26824978012313105 0.53359375 0.03869832893579595 0.0484375
0 0.31662269129287596 0.48671875 0.03869832893579595 0.0328125
0 0.530782761653474 0.2625 0.03430079155672823 0.040625