0 0.48768689533861037 0.9484375 0.030782761653474055 0.071875
0 0.48812664907651715 0.74453125 0.028144239226033423 0.0703125
0 0.5158311345646438 0.67109375 0.030782761653474055 0.0703125
0 0.559806508355321 0.7203125 0.030782761653474055 0.075
0 0.5875109938434476 0.64765625 0.028144239226033423 0.0640625
0 0.5637642919964819 0.52578125 0.024626209322779244 0.0671875
0 0.5866314863676341 0.4625 0.024626209322779244 0.065625
0 0.6926121372031663 0.1578125 0.023746701846965697 0.059375
0 0.7110817941952506 0.10625 0.027264731750219876 0.0625
0 0.8544415127528584 0.13359375 0.025505716798592787 0.0609375
0 0.8808267370272648 0.07265625 0.023746701846965697 0.0484375
0 0.7436235708003518 0.02890625 0.027264731750219876 0.0546875
0 0.8979771328056289 0.02265625 0.021108179419525065 0.0421875