0 0.8504837291116975 0.065625 0.03518029903254178 0.05
0 0.9353562005277045 0.10390625 0.03605980650835532 0.0546875
0 0.7568161829375549 0.290625 0.0395778364116095 0.053125
0 0.5479331574318381 0.60078125 0.03518029903254178 0.0609375
0 0.58311345646438 0.61953125 0.036939313984168866 0.0609375
0 0.5065963060686016 0.74296875 0.03518029903254178 0.0609375
0 0.4551451187335092 0.828125 0.032541776605101144 0.059375
0 0.4160070360598065 0.88671875 0.0316622691292876 0.0546875
0 0.36455584872471414 0.89921875 0.03430079155672823 0.0609375
0 0.3122251539138083 0.959375 0.03869832893579595 0.059375
0 0.8751099384344767 0.5421875 0.03518029903254178 0.065625
0 0.886103781882146 0.78828125 0.03430079155672823 0.0609375
0 0.9494283201407212 0.6765625 0.04309586631486367 0.05625