0 0.33421284080914687 0.9265625 0.0316622691292876 0.071875
0 0.3698328935795954 0.85078125 0.03781882145998241 0.0703125
0 0.4094107299912049 0.915625 0.03605980650835532 0.078125
0 0.4441512752858399 0.840625 0.03342128408091469 0.065625
0 0.4287598944591029 0.70625 0.030782761653474055 0.06875
0 0.45822339489885666 0.6421875 0.028144239226033423 0.0625
0 0.5870712401055409 0.340625 0.02198768689533861 0.05625
0 0.6108179419525066 0.2890625 0.029023746701846966 0.06875
0 0.6468777484608619 0.209375 0.030782761653474055 0.065625
0 0.673702726473175 0.146875 0.022867194371152155 0.053125
0 0.7537379067722075 0.33984375 0.03342128408091469 0.0609375
0 0.7867194371152155 0.2828125 0.029023746701846966 0.05625
0 0.8087071240105541 0.23046875 0.023746701846965697 0.0515625
0 0.8891820580474934 0.27109375 0.021108179419525065 0.0578125
0 0.8790677220756377 0.0359375 0.029023746701846966 0.05625
0 0.9102902374670184 0.2625 0.01759014951627089 0.046875