0 0.9036939313984169 0.48828125 0.032541776605101144 0.0484375
0 0.8412489006156552 0.47421875 0.03605980650835532 0.0515625
0 0.7638522427440633 0.4375 0.03781882145998241 0.05
0 0.8386103781882146 0.24453125 0.03605980650835532 0.0484375
0 0.9142480211081794 0.1875 0.03430079155672823 0.04375
0 0.9437115215479331 0.15546875 0.0316622691292876 0.0421875
0 0.5800351802990327 0.684375 0.03430079155672823 0.05
0 0.5417766051011433 0.68203125 0.03342128408091469 0.0546875
0 0.40149516270888297 0.54609375 0.027264731750219876 0.0609375
0 0.4309586631486368 0.54765625 0.028144239226033423 0.0671875
0 0.4076517150395778 0.46953125 0.025505716798592787 0.0578125
0 0.3227792436235708 0.39765625 0.024626209322779244 0.0609375
0 0.2686895338610379 0.22421875 0.02198768689533861 0.0515625
0 0.2532981530343008 0.17265625 0.021108179419525065 0.0515625
0 0.990325417766051 0.30546875 0.019349164467897976 0.0359375