0 0.9608619173262972 0.2140625 0.03430079155672823 0.046875
0 0.9243623570800352 0.24765625 0.03342128408091469 0.0484375
0 0.8905013192612137 0.2875 0.03781882145998241 0.04375
0 0.7554969217238346 0.4359375 0.028144239226033423 0.046875
0 0.7150395778364117 0.478125 0.036939313984168866 0.053125
0 0.6605101143359718 0.5296875 0.03518029903254178 0.05625
0 0.6270888302550571 0.5671875 0.0316622691292876 0.05
0 0.43579595426561124 0.7734375 0.03605980650835532 0.05625
0 0.39621811785400174 0.81640625 0.03605980650835532 0.0484375
0 0.31046613896218117 0.9171875 0.04397537379067722 0.05625
0 0.262532981530343 0.9609375 0.0395778364116095 0.05625
0 0.38038698328935794 0.95859375 0.03605980650835532 0.0515625
0 0.7915567282321899 0.68359375 0.03869832893579595 0.0546875
0 0.8364116094986808 0.6515625 0.0316622691292876 0.05
0 0.8707124010554089 0.60859375 0.02990325417766051 0.0546875
0 0.9243623570800352 0.71328125 0.0158311345646438 0.0578125
0 0.9415127528583993 0.71875 0.018469656992084433 0.065625
0 0.9630606860158312 0.721875 0.019349164467897976 0.065625
0 0.9846086191732629 0.46484375 0.030782761653474055 0.0515625