0 0.032541776605101144 0.28203125 0.026385224274406333 0.0265625
0 0.06640281442392261 0.3 0.027264731750219876 0.028125
0 0.09542656112576957 0.31640625 0.023746701846965697 0.0296875
0 0.14028144239226034 0.34296875 0.023746701846965697 0.0265625
0 0.16666666666666666 0.3609375 0.027264731750219876 0.028125
0 0.19700967458223395 0.3765625 0.026385224274406333 0.028125
0 0.22867194371152155 0.39765625 0.028144239226033423 0.0265625
0 0.17502198768689534 0.4109375 0.028144239226033423 0.034375
0 0.1868953386103782 0.478125 0.029023746701846966 0.03125
0 0.2022867194371152 0.5203125 0.0316622691292876 0.034375
0 0.32629727352682497 0.45390625 0.0316622691292876 0.0359375
0 0.3627968337730871 0.47578125 0.032541776605101144 0.0296875
0 0.4173262972735268 0.50859375 0.030782761653474055 0.0359375
0 0.3298153034300791 0.56328125 0.03342128408091469 0.0359375
0 0.3496042216358839 0.6046875 0.03430079155672823 0.040625
0 0.3992963940193492 0.6046875 0.03342128408091469 0.0375
0 0.39489885664028146 0.63515625 0.03342128408091469 0.0359375
0 0.4925241864555849 0.66640625 0.0316622691292876 0.0359375
0 0.5325417766051012 0.69296875 0.03605980650835532 0.0390625
0 0.5883905013192612 0.72578125 0.036939313984168866 0.0421875
0 0.5290237467018469 0.72265625 0.03605980650835532 0.0453125
0 0.6253298153034301 0.77578125 0.036939313984168866 0.0484375
0 0.5721196130167107 0.753125 0.0395778364116095 0.046875
0 0.758575197889182 0.56875 0.018469656992084433 0.053125
0 0.8707124010554089 0.1578125 0.014072119613016711 0.028125
0 0.9089709762532981 0.078125 0.013192612137203167 0.028125
0 0.8518029903254177 0.90390625 0.03781882145998241 0.0515625
0 0.899736147757256 0.84609375 0.04221635883905013 0.0484375
0 0.37950747581354444 0.1734375 0.018469656992084433 0.034375
0 0.40457343887423036 0.18359375 0.01759014951627089 0.0359375
0 0.4261213720316623 0.05703125 0.016710642040457344 0.0328125
0 0.436235708003518 0.06484375 0.014072119613016711 0.0328125
0 0.6367634124890061 0.10859375 0.024626209322779244 0.0265625
0 0.6244503078276166 0.1359375 0.024626209322779244 0.021875
0 0.5628847845206685 0.08515625 0.014072119613016711 0.0265625
0 0.5686015831134564 0.24140625 0.02198768689533861 0.0265625
0 0.5765171503957783 0.0171875 0.016710642040457344 0.03125
0 0.2497801231310466 0.60625 0.03518029903254178 0.040625
0 0.12049252418645559 0.51796875 0.02990325417766051 0.0328125
0 0.016270888302550572 0.5015625 0.027264731750219876 0.03125