0 0.38830255057167984 0.9875 0.029023746701846966 0.025
0 0.4318381706244503 0.8625 0.03342128408091469 0.0625
0 0.46174142480211083 0.87734375 0.036939313984168866 0.0640625
0 0.6508355321020228 0.87109375 0.03518029903254178 0.0671875
0 0.30782761653474056 0.19921875 0.028144239226033423 0.0609375
0 0.7365875109938436 0.321875 0.032541776605101144 0.053125
0 0.7449428320140721 0.2328125 0.03518029903254178 0.0625
0 0.7946350043975374 0.0953125 0.03605980650835532 0.059375
0 0.7563764291996482 0.15078125 0.0316622691292876 0.0578125
0 0.8808267370272648 0.18359375 0.03430079155672823 0.0578125
0 0.8218997361477572 0.36171875 0.03781882145998241 0.0546875
0 0.7568161829375549 0.80625 0.03430079155672823 0.06875
0 0.7449428320140721 0.93359375 0.03518029903254178 0.0671875
0 0.8812664907651715 0.96953125 0.04397537379067722 0.0359375