0 0.3649956024626209 0.91640625 0.028144239226033423 0.0765625
0 0.391820580474934 0.83515625 0.032541776605101144 0.0765625
0 0.43667546174142485 0.88359375 0.027264731750219876 0.0796875
0 0.46437994722955145 0.80078125 0.026385224274406333 0.0703125
0 0.4362357080035181 0.675 0.026385224274406333 0.071875
0 0.4577836411609499 0.6046875 0.02198768689533861 0.065625
0 0.5523306948109059 0.2703125 0.022867194371152155 0.05625
0 0.5690413368513633 0.21171875 0.024626209322779244 0.0671875
0 0.5963060686015831 0.12421875 0.026385224274406333 0.0703125
0 0.6174142480211082 0.05625 0.022867194371152155 0.05625
0 0.7145998240985049 0.2171875 0.025505716798592787 0.0625
0 0.7383465259454706 0.1515625 0.025505716798592787 0.05
0 0.7537379067722075 0.0953125 0.01759014951627089 0.05
0 0.8355321020228672 0.1078125 0.021108179419525065 0.040625
0 0.851363236587511 0.09765625 0.0158311345646438 0.0390625