0 0.4173262972735268 0.96484375 0.032541776605101144 0.0703125
0 0.4204045734388742 0.7640625 0.02990325417766051 0.06875
0 0.45118733509234826 0.684375 0.0316622691292876 0.071875
0 0.49120492524186454 0.7421875 0.029023746701846966 0.075
0 0.4995602462620932 0.5421875 0.028144239226033423 0.0625
0 0.5228671943711521 0.4796875 0.025505716798592787 0.0625
0 0.633245382585752 0.17109375 0.021108179419525065 0.0546875
0 0.6525945470536499 0.11875 0.024626209322779244 0.0625
0 0.6842568161829375 0.0421875 0.026385224274406333 0.065625
0 0.7928759894459103 0.14921875 0.027264731750219876 0.0578125
0 0.8223394898856641 0.08984375 0.026385224274406333 0.0546875
0 0.8399296394019349 0.03671875 0.022867194371152155 0.0484375
0 0.5215479331574319 0.665625 0.028144239226033423 0.065625
0 0.9226033421284081 0.05703125 0.01759014951627089 0.0328125
0 0.9388742304309586 0.0484375 0.013192612137203167 0.034375