0 0.056288478452066845 0.8296875 0.040457343887423045 0.034375
0 0.07651715039577836 0.8953125 0.04221635883905013 0.0375
0 0.18161829375549693 0.90078125 0.0395778364116095 0.0421875
0 0.4397537379067722 0.0765625 0.0158311345646438 0.053125
0 0.44371152154793314 0.13359375 0.013192612137203167 0.0515625
0 0.4604221635883905 0.325 0.016710642040457344 0.059375
0 0.5241864555848725 0.4421875 0.01759014951627089 0.0625
0 0.5035180299032542 0.51171875 0.018469656992084433 0.0671875
0 0.5312225153913809 0.53125 0.021108179419525065 0.065625
0 0.6473175021987687 0.7578125 0.03869832893579595 0.040625
0 0.7506596306068601 0.68203125 0.03781882145998241 0.0359375
0 0.8214599824098504 0.77265625 0.04397537379067722 0.0421875