0 0.7911169744942832 0.59609375 0.03781882145998241 0.0359375
0 0.6759014951627089 0.01953125 0.014951627088830254 0.0359375
0 0.6895338610378188 0.125 0.014072119613016711 0.040625
0 0.6816182937554969 0.24375 0.0158311345646438 0.04375
0 0.6569920844327177 0.52578125 0.022867194371152155 0.0578125
0 0.5364995602462621 0.6109375 0.03518029903254178 0.04375
0 0.4841688654353562 0.61015625 0.03605980650835532 0.0328125
0 0.4982409850483729 0.57890625 0.03605980650835532 0.0328125
0 0.4397537379067722 0.5640625 0.03518029903254178 0.0375
0 0.4384344766930519 0.59296875 0.03605980650835532 0.0359375
0 0.39797713280562885 0.5484375 0.032541776605101144 0.034375
0 0.13544415127528583 0.56484375 0.040457343887423045 0.0359375
0 0.24098504837291118 0.53203125 0.036939313984168866 0.0359375
0 0.2937554969217238 0.55 0.03518029903254178 0.028125
0 0.29331574318381703 0.51953125 0.03605980650835532 0.0328125
0 0.2941952506596306 0.46171875 0.032541776605101144 0.0296875
0 0.3021108179419525 0.4125 0.032541776605101144 0.03125
0 0.24142480211081793 0.39375 0.03430079155672823 0.03125
0 0.1996481970096746 0.3828125 0.0316622691292876 0.034375
0 0.17985927880386984 0.48515625 0.03430079155672823 0.0328125
0 0.07299912049252419 0.48984375 0.036939313984168866 0.0296875
0 0.02550571679859279 0.38046875 0.03518029903254178 0.0328125
0 0.014951627088830254 0.33359375 0.028144239226033423 0.0265625
0 0.04573438874230431 0.33828125 0.02990325417766051 0.0296875
0 0.08663148636763413 0.35390625 0.03430079155672823 0.0296875
0 0.2247141600703606 0.071875 0.016710642040457344 0.04375
0 0.2510993843447669 0.07734375 0.016710642040457344 0.0421875
0 0.44019349164467897 0.07734375 0.02198768689533861 0.0328125
0 0.43007915567282323 0.09921875 0.022867194371152155 0.0328125