0 0.8856640281442393 0.6390625 0.03342128408091469 0.034375
0 0.8346525945470537 0.62265625 0.04573438874230431 0.0359375
0 0.7735268249780123 0.60625 0.0395778364116095 0.03125
0 0.73570800351803 0.59453125 0.030782761653474055 0.0265625
0 0.5149516270888302 0.5421875 0.03605980650835532 0.028125
0 0.47229551451187335 0.52890625 0.03869832893579595 0.0359375
0 0.3786279683377309 0.51171875 0.04133685136323659 0.0390625
0 0.32981530343007914 0.49453125 0.040457343887423045 0.0328125
0 0.3737906772207564 0.60703125 0.036939313984168866 0.0328125
0 0.30914687774846084 0.58671875 0.04133685136323659 0.0359375
0 0.8289357959542656 0.8734375 0.04133685136323659 0.0375
0 0.880386983289358 0.90078125 0.036939313984168866 0.0328125
0 0.924802110817942 0.91328125 0.03605980650835532 0.0359375
0 0.010114335971855761 0.525 0.018469656992084433 0.0375
0 0.24010554089709762 0.20390625 0.022867194371152155 0.0484375