0 0.012752858399296392 0.33515625 0.023746701846965697 0.0390625
0 0.07563764291996482 0.425 0.04221635883905013 0.05
0 0.025065963060686015 0.60625 0.03430079155672823 0.075
0 0.08443271767810026 0.11171875 0.026385224274406333 0.0703125
0 0.3201407211961302 0.50859375 0.04221635883905013 0.0421875
0 0.3737906772207564 0.4390625 0.040457343887423045 0.046875
0 0.41908531222515394 0.47109375 0.0395778364116095 0.0453125
0 0.3830255057167986 0.5453125 0.03430079155672823 0.04375
0 0.5092348284960422 0.51640625 0.036939313984168866 0.0453125
0 0.5492524186455585 0.5421875 0.0395778364116095 0.040625
0 0.762532981530343 0.66640625 0.03342128408091469 0.0390625
0 0.8003518029903254 0.6890625 0.04221635883905013 0.040625
0 0.8623570800351803 0.72890625 0.044854881266490766 0.0453125
0 0.9124890061565524 0.75859375 0.03605980650835532 0.0421875
0 0.316622691292876 0.12578125 0.01759014951627089 0.0421875