0 0.0839929639401935 0.7578125 0.0395778364116095 0.05625
0 0.1284080914687775 0.70546875 0.040457343887423045 0.0578125
0 0.14291996481970096 0.728125 0.04309586631486367 0.059375
0 0.18953386103781883 0.67578125 0.03605980650835532 0.0609375
0 0.18601583113456466 0.628125 0.03605980650835532 0.053125
0 0.2326297273526825 0.60078125 0.03605980650835532 0.0515625
0 0.5417766051011433 0.74765625 0.03518029903254178 0.0578125
0 0.5817941952506597 0.83515625 0.032541776605101144 0.0703125
0 0.6420404573438874 0.9484375 0.03342128408091469 0.065625
0 0.40897097625329815 0.271875 0.0316622691292876 0.053125
0 0.534740545294635 0.19609375 0.02990325417766051 0.0453125