0 0.5523306948109059 0.6953125 0.03342128408091469 0.0625
0 0.5822339489885664 0.7078125 0.03342128408091469 0.05625
0 0.5043975373790677 0.83359375 0.03605980650835532 0.0609375
0 0.36455584872471414 0.97734375 0.04133685136323659 0.0453125
0 0.4569041336851363 0.9171875 0.03430079155672823 0.05625
0 0.4177660510114336 0.9734375 0.03342128408091469 0.053125
0 0.7840809146877749 0.34765625 0.03605980650835532 0.0515625
0 0.876429199648197 0.63203125 0.03430079155672823 0.0640625
0 0.9542656112576957 0.77734375 0.040457343887423045 0.0453125
0 0.8614775725593667 0.06875 0.03605980650835532 0.0625
0 0.851363236587511 0.15546875 0.03342128408091469 0.0546875
0 0.9397537379067722 0.19609375 0.03605980650835532 0.0578125