0 0.10554089709762533 0.33515625 0.0316622691292876 0.0484375
0 0.13060686015831136 0.3796875 0.029023746701846966 0.05
0 0.21591908531222515 0.52421875 0.032541776605101144 0.0546875
0 0.31706244503078274 0.55 0.032541776605101144 0.053125
0 0.32277924362357074 0.6296875 0.03518029903254178 0.059375
0 0.3540017590149516 0.61484375 0.032541776605101144 0.0609375
0 0.4371152154793316 0.784375 0.02990325417766051 0.0625
0 0.5202286719437115 0.66171875 0.029023746701846966 0.0609375
0 0.6147757255936676 0.4078125 0.0316622691292876 0.059375
0 0.7612137203166227 0.2640625 0.029023746701846966 0.05625
0 0.7840809146877749 0.31953125 0.027264731750219876 0.0546875
0 0.7475813544415127 0.03984375 0.028144239226033423 0.0515625
0 0.6899736147757256 0.121875 0.029023746701846966 0.053125
0 0.6257695690413368 0.965625 0.0395778364116095 0.065625
0 0.6723834652594547 0.94296875 0.0395778364116095 0.0640625
0 0.8636763412489006 0.05 0.026385224274406333 0.05
0 0.9164467897977133 0.02890625 0.026385224274406333 0.0484375