0 0.5386983289357961 0.55546875 0.030782761653474055 0.0640625
0 0.4635004397537379 0.82578125 0.03518029903254178 0.0640625
0 0.49340369393139843 0.84140625 0.03518029903254178 0.0640625
0 0.41644678979771327 0.96640625 0.03605980650835532 0.0609375
0 0.7884784520668425 0.7671875 0.03430079155672823 0.059375
0 0.7247141600703606 0.90703125 0.028144239226033423 0.0578125
0 0.8557607739665787 0.2375 0.03342128408091469 0.059375
0 0.8548812664907651 0.3265625 0.036939313984168866 0.05625
0 0.7651715039577837 0.28671875 0.03342128408091469 0.0546875
0 0.7757255936675461 0.19921875 0.036939313984168866 0.0609375
0 0.8240985048372911 0.0625 0.03518029903254178 0.059375
0 0.785839929639402 0.1140625 0.032541776605101144 0.05625
0 0.9036939313984169 0.9328125 0.044854881266490766 0.0375
0 0.2647317502198769 0.01640625 0.021108179419525065 0.0296875