0 0.6341248900615655 0.84375 0.022867194371152155 0.08125
0 0.6785400175901495 0.8828125 0.02198768689533861 0.078125
0 0.7590149516270889 0.5359375 0.04221635883905013 0.0375
0 0.837730870712401 0.4046875 0.03605980650835532 0.040625
0 0.6605101143359717 0.4984375 0.036939313984168866 0.040625
0 0.1759014951627089 0.60234375 0.03518029903254178 0.0328125
0 0.1011433597185576 0.55234375 0.036939313984168866 0.0328125
0 0.27352682497801234 0.60546875 0.036939313984168866 0.0359375
0 0.47493403693931396 0.046875 0.01759014951627089 0.0625
0 0.5417766051011433 0.175 0.019349164467897976 0.065625
0 0.5202286719437115 0.2515625 0.016710642040457344 0.06875
0 0.5474934036939314 0.271875 0.020228671943711522 0.065625