0 0.4212840809146878 0.03515625 0.022867194371152155 0.0328125
0 0.5004397537379067 0.12421875 0.026385224274406333 0.0421875
0 0.5013192612137203 0.23515625 0.026385224274406333 0.0453125
0 0.6240105540897097 0.38125 0.03430079155672823 0.046875
0 0.5391380826737028 0.63515625 0.03342128408091469 0.0546875
0 0.5677220756376429 0.6453125 0.032541776605101144 0.05625
0 0.4951627088830255 0.7578125 0.03342128408091469 0.05625
0 0.35092348284960423 0.90703125 0.040457343887423045 0.0640625
0 0.40501319261213714 0.896875 0.03430079155672823 0.05625
0 0.44547053649956025 0.83984375 0.03430079155672823 0.0578125
0 0.2990325417766051 0.96875 0.040457343887423045 0.0625
0 0.7467018469656992 0.615625 0.03342128408091469 0.053125
0 0.8430079155672823 0.57890625 0.03605980650835532 0.0515625
0 0.9107299912049253 0.6640625 0.029023746701846966 0.05625
0 0.8509234828496042 0.04296875 0.030782761653474055 0.0328125
0 0.7963940193491644 0.10390625 0.023746701846965697 0.0453125
0 0.7928759894459103 0.15625 0.025505716798592787 0.046875
0 0.7897977132805628 0.2171875 0.028144239226033423 0.0375
0 0.864995602462621 0.2421875 0.029023746701846966 0.04375