0 0.8905013192612137 0.965625 0.048372911169744945 0.059375
0 0.830255057167986 0.903125 0.04221635883905013 0.05625
0 0.7919964819700968 0.865625 0.03430079155672823 0.046875
0 0.5861917326297273 0.66640625 0.03605980650835532 0.0453125
0 0.5492524186455586 0.62890625 0.03605980650835532 0.0515625
0 0.4656992084432718 0.55 0.03605980650835532 0.053125
0 0.4252418645558487 0.5078125 0.03605980650835532 0.05
0 0.37291116974494287 0.56796875 0.03342128408091469 0.0484375
0 0.31266490765171506 0.5109375 0.03781882145998241 0.046875
0 0.24098504837291118 0.4984375 0.036939313984168866 0.05
0 0.03518029903254178 0.6234375 0.03518029903254178 0.071875
0 0.048372911169744945 0.66328125 0.028144239226033423 0.0734375
0 0.07827616534740545 0.56328125 0.036939313984168866 0.0671875
0 0.01759014951627089 0.74453125 0.03342128408091469 0.0765625
0 0.09674582233948988 0.41796875 0.036939313984168866 0.0546875
0 0.08179419525065963 0.34296875 0.03869832893579595 0.0515625
0 0.18733509234828497 0.1140625 0.028144239226033423 0.065625