0 0.01802990325417766 0.7625 0.03430079155672823 0.03125
0 0.015391380826737027 0.71171875 0.029023746701846966 0.0296875
0 0.297273526824978 0.684375 0.040457343887423045 0.03125
0 0.287598944591029 0.58828125 0.036939313984168866 0.0328125
0 0.33773087071240104 0.58984375 0.03869832893579595 0.0296875
0 0.3627968337730871 0.6859375 0.03605980650835532 0.034375
0 0.4331574318381706 0.58046875 0.03781882145998241 0.0296875
0 0.4788918205804749 0.58046875 0.03430079155672823 0.0328125
0 0.6983289357959542 0.56328125 0.03342128408091469 0.0296875
0 0.737467018469657 0.5625 0.03781882145998241 0.034375
0 0.8007915567282322 0.5625 0.0395778364116095 0.028125
0 0.8478452066842568 0.56015625 0.03518029903254178 0.0296875
0 0.8161829375549692 0.81015625 0.03869832893579595 0.0328125
0 0.8676341248900615 0.82265625 0.03430079155672823 0.0328125
0 0.9098504837291117 0.81875 0.032541776605101144 0.0375
0 0.9318381706244503 0.953125 0.030782761653474055 0.065625
0 0.9503078276165348 0.97265625 0.029023746701846966 0.0546875