0 0.5892700087950747 0.57734375 0.04221635883905013 0.0453125
0 0.6266490765171504 0.53515625 0.0395778364116095 0.0484375
0 0.6820580474934037 0.64921875 0.0395778364116095 0.0484375
0 0.7321899736147758 0.68828125 0.0395778364116095 0.0453125
0 0.7959542656112577 0.7375 0.04221635883905013 0.053125
0 0.8614775725593667 0.78984375 0.04133685136323659 0.0515625
0 0.9124890061565524 0.20078125 0.03605980650835532 0.0640625
0 0.3016710642040457 0.9203125 0.026385224274406333 0.071875
0 0.4472295514511873 0.365625 0.023746701846965697 0.065625
0 0.436235708003518 0.28984375 0.028144239226033423 0.0703125
0 0.24538258575197888 0.43359375 0.040457343887423045 0.0453125
0 0.27308707124010556 0.40234375 0.0395778364116095 0.0453125
0 0.22251539138082674 0.359375 0.03518029903254178 0.04375
0 0.11345646437994723 0.38828125 0.03869832893579595 0.0421875
0 0.9384344766930519 0.2203125 0.021108179419525065 0.04375
0 0.8759894459102903 0.09296875 0.02990325417766051 0.0390625
0 0.8891820580474934 0.1234375 0.028144239226033423 0.0375
0 0.8605980650835532 0.02578125 0.027264731750219876 0.0328125
0 0.4397537379067722 0.134375 0.026385224274406333 0.06875