0 0.2590149516270888 0.8203125 0.0395778364116095 0.05
0 0.3091468777484609 0.7890625 0.0395778364116095 0.046875
0 0.3051890941072999 0.89375 0.04397537379067722 0.059375
0 0.3641160949868074 0.853125 0.03518029903254178 0.046875
0 0.3979771328056288 0.7125 0.03605980650835532 0.046875
0 0.44239226033421286 0.6828125 0.03342128408091469 0.05
0 0.6433597185576078 0.525 0.027264731750219876 0.04375
0 0.6776605101143359 0.4953125 0.03781882145998241 0.046875
0 0.7348284960422163 0.4578125 0.03781882145998241 0.05
0 0.7779243623570801 0.4265625 0.030782761653474055 0.046875
0 0.7977132805628848 0.6765625 0.03869832893579595 0.053125
0 0.8456464379947229 0.6515625 0.03430079155672823 0.05
0 0.8817062445030783 0.615625 0.032541776605101144 0.05
0 0.9278803869832893 0.734375 0.019349164467897976 0.0625
0 0.9481090589270009 0.73984375 0.019349164467897976 0.0671875
0 0.9665787159190853 0.75390625 0.022867194371152155 0.0671875
0 0.9243623570800352 0.31015625 0.03518029903254178 0.0453125
0 0.9617414248021108 0.2765625 0.03605980650835532 0.0375