0 0.41996481970096744 0.33515625 0.020228671943711522 0.0390625
0 0.5087950747581355 0.42734375 0.025505716798592787 0.0421875
0 0.5923482849604221 0.5140625 0.029023746701846966 0.04375
0 0.5976253298153035 0.59609375 0.029023746701846966 0.0453125
0 0.5985048372911169 0.64453125 0.030782761653474055 0.0484375
0 0.29771328056288476 0.22734375 0.020228671943711522 0.0390625
0 0.5351802990325418 0.8703125 0.032541776605101144 0.053125
0 0.5650835532102023 0.8796875 0.032541776605101144 0.05625
0 0.49428320140721194 0.98671875 0.0316622691292876 0.0265625
0 0.8368513632365875 0.81171875 0.0395778364116095 0.0546875
0 0.9120492524186455 0.890625 0.022867194371152155 0.05
0 0.8403693931398417 0.2875 0.027264731750219876 0.028125
0 0.7739665787159191 0.3546875 0.022867194371152155 0.04375
0 0.7713280562884784 0.403125 0.024626209322779244 0.040625
0 0.7704485488126649 0.4546875 0.026385224274406333 0.0375
0 0.9797713280562885 0.06875 0.021108179419525065 0.040625
0 0.9573438874230431 0.0984375 0.016710642040457344 0.03125
0 0.9423922603342129 0.1140625 0.013192612137203167 0.021875
0 0.8575197889182058 0.23359375 0.01759014951627089 0.0359375
0 0.8372911169744943 0.26328125 0.021108179419525065 0.0359375