0 0.4230430958663149 0.05390625 0.021108179419525065 0.0703125
0 0.08883025505716799 0.621875 0.04397537379067722 0.040625
0 0.16974494283201405 0.64296875 0.04221635883905013 0.0328125
0 0.1468777484608619 0.690625 0.04221635883905013 0.040625
0 0.19832893579595426 0.7109375 0.04309586631486367 0.034375
0 0.3970976253298153 0.9703125 0.020228671943711522 0.059375
0 0.5721196130167108 0.671875 0.03430079155672823 0.034375
0 0.6319261213720316 0.6828125 0.04133685136323659 0.034375
0 0.727792436235708 0.5984375 0.03781882145998241 0.034375
0 0.7788038698328936 0.61171875 0.04309586631486367 0.0390625
0 0.7757255936675461 0.703125 0.04397537379067722 0.034375
0 0.8751099384344767 0.628125 0.040457343887423045 0.034375
0 0.9217238346525946 0.6359375 0.040457343887423045 0.034375