0 0.6754617414248021 0.36796875 0.03869832893579595 0.0359375
0 0.6723834652594547 0.4578125 0.030782761653474055 0.05625
0 0.8619173262972736 0.56875 0.03342128408091469 0.05625
0 0.9366754617414248 0.68515625 0.03518029903254178 0.0640625
0 0.8249780123131046 0.06796875 0.0316622691292876 0.0578125
0 0.8197009674582234 0.140625 0.028144239226033423 0.053125
0 0.9006156552330695 0.17578125 0.03342128408091469 0.0515625
0 0.8245382585751979 0.0140625 0.02198768689533861 0.025
0 0.5452946350043976 0.63046875 0.03518029903254178 0.0578125
0 0.5756376429199648 0.6421875 0.03430079155672823 0.059375
0 0.5 0.7671875 0.03430079155672823 0.0625
0 0.449868073878628 0.853125 0.03430079155672823 0.0625
0 0.4094107299912049 0.9171875 0.03430079155672823 0.059375
0 0.3544415127528584 0.928125 0.040457343887423045 0.0625
0 0.30562884784520666 0.98125 0.03605980650835532 0.0375