0 0.04221635883905013 0.51953125 0.03342128408091469 0.0484375
0 0.13412489006156553 0.57890625 0.030782761653474055 0.0453125
0 0.32145998240985046 0.70234375 0.03605980650835532 0.0421875
0 0.43799472295514513 0.7796875 0.040457343887423045 0.040625
0 0.4441512752858399 0.82421875 0.03518029903254178 0.0453125
0 0.6627088830255057 0.559375 0.02198768689533861 0.059375
0 0.7541776605101144 0.9359375 0.04133685136323659 0.053125
0 0.7854001759014951 0.9015625 0.04221635883905013 0.05
0 0.8192612137203166 0.97734375 0.04661389621811785 0.0453125
0 0.9186455584872472 0.9453125 0.04133685136323659 0.046875
0 0.679419525065963 0.15546875 0.018469656992084433 0.0421875
0 0.7229551451187335 0.12109375 0.0158311345646438 0.0390625
0 0.737467018469657 0.14453125 0.016710642040457344 0.0421875
0 0.7906772207563765 0.18984375 0.019349164467897976 0.0453125
0 0.8460861917326298 0.0125 0.0158311345646438 0.021875