0 0.18557607739665788 0.95625 0.04397537379067722 0.05
0 0.2497801231310466 0.928125 0.04221635883905013 0.046875
0 0.227792436235708 0.88203125 0.04221635883905013 0.0453125
0 0.33465259454705365 0.77421875 0.0395778364116095 0.0453125
0 0.4762532981530343 0.70078125 0.03605980650835532 0.0421875
0 0.5189094107299912 0.68125 0.03518029903254178 0.0375
0 0.7229551451187335 0.578125 0.02990325417766051 0.034375
0 0.7576956904133685 0.5625 0.03781882145998241 0.040625
0 0.8153034300791556 0.5375 0.03869832893579595 0.040625
0 0.8579595426561126 0.51796875 0.030782761653474055 0.0328125
0 0.8676341248900615 0.76171875 0.03430079155672823 0.0421875
0 0.9160070360598065 0.75078125 0.032541776605101144 0.0359375
0 0.9529463500439753 0.72890625 0.029023746701846966 0.0390625