0 0.07036059806508356 0.08359375 0.04221635883905013 0.0484375
0 0.11125769569041337 0.12109375 0.0395778364116095 0.0515625
0 0.24274406332453827 0.24140625 0.040457343887423045 0.0515625
0 0.2647317502198769 0.0921875 0.040457343887423045 0.053125
0 0.41204925241864554 0.2140625 0.0395778364116095 0.0625
0 0.5373790677220757 0.27265625 0.03342128408091469 0.0484375
0 0.5800351802990326 0.36796875 0.03781882145998241 0.0515625
0 0.6152154793315743 0.11328125 0.029023746701846966 0.0734375
0 0.6055408970976254 0.07734375 0.029023746701846966 0.0734375
0 0.5795954265611257 0.0203125 0.026385224274406333 0.0375
0 0.6429199648197009 0.021875 0.022867194371152155 0.040625