0 0.018909410729991204 0.80546875 0.03605980650835532 0.0609375
0 0.12093227792436236 0.3390625 0.025505716798592787 0.04375
0 0.193051890941073 0.409375 0.025505716798592787 0.046875
0 0.37335092348284965 0.63203125 0.03430079155672823 0.0515625
0 0.4916446789797713 0.7609375 0.03869832893579595 0.053125
0 0.49868073878627966 0.80859375 0.0316622691292876 0.0515625
0 0.7321899736147758 0.65859375 0.025505716798592787 0.0609375
0 0.7981530343007915 0.215625 0.020228671943711522 0.04375
0 0.8487247141600703 0.1921875 0.019349164467897976 0.0375
0 0.86103781882146 0.21953125 0.021108179419525065 0.0421875
0 0.9146877748460862 0.278125 0.021108179419525065 0.046875
0 0.9920844327176781 0.11015625 0.0158311345646438 0.0328125
0 0.008355321020228672 0.74765625 0.014951627088830254 0.0546875
0 0.0998240985048373 0.97421875 0.04133685136323659 0.0515625