0 0.28891820580474936 0.33203125 0.018469656992084433 0.0140625
0 0.3197009674582234 0.32890625 0.016710642040457344 0.0140625
0 0.3131046613896218 0.3453125 0.01759014951627089 0.0125
0 0.40017590149516263 0.4578125 0.008795074758135445 0.021875
0 0.3518029903254178 0.55078125 0.008795074758135445 0.0265625
0 0.4648197009674582 0.7421875 0.014951627088830254 0.0375
0 0.4094107299912049 0.8375 0.014951627088830254 0.046875
0 0.4397537379067722 0.89140625 0.0158311345646438 0.0421875
0 0.7563764291996482 0.6078125 0.014072119613016711 0.028125
0 0.8355321020228672 0.571875 0.014072119613016711 0.028125
0 0.8746701846965699 0.5515625 0.016710642040457344 0.028125
0 0.9182058047493403 0.5328125 0.01759014951627089 0.025
0 0.9406332453825857 0.52578125 0.014951627088830254 0.0234375