0 0.40281442392260336 0.85703125 0.019349164467897976 0.0609375
0 0.46613896218117856 0.87265625 0.021108179419525065 0.0640625
0 0.51363236587511 0.96953125 0.022867194371152155 0.0609375
0 0.5197889182058048 0.90078125 0.022867194371152155 0.0578125
0 0.47053649956024624 0.71953125 0.0158311345646438 0.0484375
0 0.4146877748460862 0.5046875 0.014951627088830254 0.04375
0 0.47713280562884786 0.48828125 0.014951627088830254 0.0359375
0 0.4094107299912049 0.22890625 0.009674582233948988 0.0265625
0 0.36103781882146 0.2921875 0.009674582233948988 0.028125
0 0.28935795954265614 0.05703125 0.019349164467897976 0.0171875
0 0.32145998240985046 0.05390625 0.014951627088830254 0.0140625
0 0.31574318381706246 0.0703125 0.019349164467897976 0.0125
0 0.768249780123131 0.34140625 0.014951627088830254 0.0296875
0 0.8509234828496042 0.30078125 0.014951627088830254 0.0296875
0 0.8922603342128408 0.2765625 0.018469656992084433 0.03125
0 0.9366754617414248 0.25546875 0.01759014951627089 0.0296875
0 0.9604221635883905 0.2484375 0.0158311345646438 0.028125