0 0.03825857519788918 0.75234375 0.04309586631486367 0.0359375
0 0.1376429199648197 0.63125 0.04133685136323659 0.03125
0 0.1802990325417766 0.67890625 0.04573438874230431 0.0328125
0 0.19876868953386104 0.628125 0.040457343887423045 0.0375
0 0.27924362357080035 0.2390625 0.018469656992084433 0.06875
0 0.5562884784520669 0.45703125 0.0395778364116095 0.0265625
0 0.5356200527704486 0.52578125 0.04221635883905013 0.0328125
0 0.6328056288478452 0.5171875 0.03605980650835532 0.03125
0 0.5901495162708883 0.58203125 0.036939313984168866 0.0328125
0 0.6846965699208444 0.5109375 0.0395778364116095 0.03125
0 0.751099384344767 0.5046875 0.04221635883905013 0.03125
0 0.8201407211961301 0.5 0.0395778364116095 0.03125