0 0.27352682497801234 0.953125 0.04397537379067722 0.05
0 0.2867194371152155 0.9828125 0.04221635883905013 0.034375
0 0.579155672823219 0.7703125 0.03781882145998241 0.04375
0 0.5866314863676341 0.71640625 0.036939313984168866 0.0421875
0 0.6363236587510994 0.74609375 0.03781882145998241 0.0421875
0 0.6983289357959543 0.63046875 0.03518029903254178 0.0359375
0 0.7532981530343008 0.68828125 0.032541776605101144 0.0390625
0 0.8438874230430958 0.66015625 0.03605980650835532 0.0359375
0 0.8179419525065963 0.58046875 0.03342128408091469 0.0359375
0 0.8535620052770448 0.56875 0.032541776605101144 0.034375
0 0.39533861037818824 0.43671875 0.018469656992084433 0.0546875
0 0.3051890941072999 0.175 0.010554089709762533 0.05
0 0.3333333333333333 0.1140625 0.012313104661389622 0.040625
0 0.35356200527704484 0.13125 0.014072119613016711 0.040625
0 0.41160949868073876 0.1234375 0.012313104661389622 0.04375
0 0.17106420404573439 0.98671875 0.03781882145998241 0.0265625