0 0.38434476693051894 0.97109375 0.040457343887423045 0.0515625
0 0.4340369393139842 0.92578125 0.0395778364116095 0.0484375
0 0.5202286719437115 0.93046875 0.04133685136323659 0.0515625
0 0.5259454705364995 0.846875 0.04221635883905013 0.053125
0 0.8434476693051891 0.95703125 0.02990325417766051 0.0734375
0 0.7541776605101144 0.81875 0.027264731750219876 0.075
0 0.7251539138082673 0.803125 0.029023746701846966 0.06875
0 0.7062445030782761 0.646875 0.02990325417766051 0.065625
0 0.6116974494283202 0.5828125 0.029023746701846966 0.075
0 0.8170624450307827 0.5265625 0.040457343887423045 0.053125
0 0.8693931398416886 0.484375 0.0395778364116095 0.046875
0 0.8179419525065963 0.4703125 0.040457343887423045 0.05
0 0.9243623570800352 0.31875 0.036939313984168866 0.046875
0 0.5699208443271768 0.1 0.028144239226033423 0.06875
0 0.5021987686895338 0.04765625 0.028144239226033423 0.0703125
0 0.4780123131046614 0.04921875 0.027264731750219876 0.0734375