0 0.1090589270008795 0.50234375 0.03869832893579595 0.0484375
0 0.1090589270008795 0.675 0.03869832893579595 0.05
0 0.14995602462620933 0.7140625 0.03781882145998241 0.053125
0 0.2832014072119613 0.83125 0.03869832893579595 0.04375
0 0.6257695690413368 0.58125 0.029023746701846966 0.071875
0 0.6468777484608619 0.6578125 0.030782761653474055 0.06875
0 0.6587510993843447 0.69609375 0.02990325417766051 0.0703125
0 0.6873350923482849 0.58671875 0.027264731750219876 0.0671875
0 0.6684256816182937 0.54609375 0.02990325417766051 0.0671875
0 0.7102022867194371 0.5015625 0.029023746701846966 0.071875
0 0.8526824978012313 0.32421875 0.030782761653474055 0.0734375
0 0.8856640281442393 0.19921875 0.026385224274406333 0.0703125
0 0.9076517150395779 0.11328125 0.02990325417766051 0.0703125
0 0.723834652594547 0.11328125 0.028144239226033423 0.0703125