0 0.05760773966578716 0.87109375 0.030782761653474055 0.0765625
0 0.1279683377308707 0.65625 0.030782761653474055 0.0625
0 0.11873350923482849 0.58515625 0.0316622691292876 0.0796875
0 0.32409850483729113 0.42265625 0.04133685136323659 0.0484375
0 0.34432717678100266 0.4 0.0395778364116095 0.05
0 0.386103781882146 0.3546875 0.04221635883905013 0.05
0 0.4098504837291117 0.43203125 0.040457343887423045 0.0484375
0 0.38742304309586634 0.46640625 0.04133685136323659 0.0484375
0 0.43755496921723835 0.5046875 0.04133685136323659 0.053125
0 0.544415127528584 0.74453125 0.040457343887423045 0.0546875
0 0.6143359718557607 0.80078125 0.04133685136323659 0.0484375
0 0.6649076517150396 0.83515625 0.040457343887423045 0.0484375
0 0.7999120492524187 0.93046875 0.04309586631486367 0.0515625
0 0.8478452066842568 0.96796875 0.03869832893579595 0.0453125
0 0.9076517150395779 0.71640625 0.040457343887423045 0.0515625
0 0.7770448548812665 0.6203125 0.0395778364116095 0.04375
0 0.7383465259454706 0.59296875 0.0395778364116095 0.0484375
0 0.6525945470536499 0.503125 0.04397537379067722 0.05