0 0.5861917326297273 0.95703125 0.03430079155672823 0.0859375
0 0.6341248900615655 0.96484375 0.0316622691292876 0.0703125
0 0.3733509234828496 0.44765625 0.027264731750219876 0.0671875
0 0.41424802110817943 0.4859375 0.028144239226033423 0.065625
0 0.38258575197889183 0.37421875 0.024626209322779244 0.0609375
0 0.2937554969217238 0.27890625 0.026385224274406333 0.0609375
0 0.24010554089709762 0.09140625 0.024626209322779244 0.0578125
0 0.22427440633245382 0.03671875 0.024626209322779244 0.0546875
0 0.8733509234828496 0.44453125 0.03342128408091469 0.0453125
0 0.8197009674582234 0.18671875 0.036939313984168866 0.0453125
0 0.895778364116095 0.14140625 0.03430079155672823 0.0421875