0 0.37467018469656993 0.9171875 0.014072119613016711 0.059375
0 0.3817062445030783 0.84921875 0.01759014951627089 0.0640625
0 0.3922603342128408 0.746875 0.019349164467897976 0.065625
0 0.3988566402814424 0.67421875 0.014951627088830254 0.0546875
0 0.4173262972735268 0.446875 0.014951627088830254 0.046875
0 0.42172383465259455 0.39609375 0.013192612137203167 0.0453125
0 0.42700087950747584 0.34375 0.014951627088830254 0.046875
0 0.4313984168865435 0.26953125 0.011433597185576077 0.0421875
0 0.4335971855760774 0.22734375 0.010554089709762533 0.0421875
0 0.4388742304309587 0.13203125 0.012313104661389622 0.0390625
0 0.4476693051890941 0.05625 0.010554089709762533 0.034375
0 0.5281442392260334 0.4328125 0.013192612137203167 0.04375
0 0.5281442392260334 0.62265625 0.014951627088830254 0.0484375
0 0.525065963060686 0.68359375 0.012313104661389622 0.0515625
0 0.5184696569920845 0.76015625 0.014951627088830254 0.0609375
0 0.5901495162708883 0.61015625 0.021108179419525065 0.0359375
0 0.5998240985048373 0.590625 0.021108179419525065 0.034375
0 0.6108179419525066 0.56875 0.020228671943711522 0.03125