0 0.46613896218117856 0.67578125 0.026385224274406333 0.0796875
0 0.4525065963060686 0.584375 0.023746701846965697 0.071875
0 0.480650835532102 0.59453125 0.023746701846965697 0.0734375
0 0.5013192612137203 0.51796875 0.022867194371152155 0.0734375
0 0.4573438874230431 0.48515625 0.022867194371152155 0.0703125
0 0.43491644678979774 0.47265625 0.023746701846965697 0.0703125
0 0.1358839050131926 0.3671875 0.04661389621811785 0.046875
0 0.24274406332453827 0.3453125 0.036939313984168866 0.0375
0 0.2871591908531223 0.27421875 0.04309586631486367 0.0515625
0 0.5400175901495162 0.125 0.036939313984168866 0.04375
0 0.4182058047493404 0.978125 0.016710642040457344 0.04375
0 0.055848724714160074 0.97421875 0.02198768689533861 0.0515625
0 0.023746701846965697 0.97421875 0.019349164467897976 0.0484375