0 0.19129287598944592 0.97265625 0.04309586631486367 0.0484375
0 0.21416007036059806 0.89921875 0.04309586631486367 0.0546875
0 0.2700087950747581 0.80078125 0.040457343887423045 0.0453125
0 0.40897097625329815 0.7046875 0.036939313984168866 0.04375
0 0.45118733509234826 0.67578125 0.036939313984168866 0.0390625
0 0.6477572559366754 0.53671875 0.030782761653474055 0.0390625
0 0.6838170624450308 0.5125 0.03605980650835532 0.04375
0 0.7379067722075637 0.47890625 0.03869832893579595 0.0453125
0 0.7792436235708003 0.45 0.02990325417766051 0.034375
0 0.9177660510114336 0.34921875 0.03430079155672823 0.0359375
0 0.9533861037818822 0.32265625 0.03342128408091469 0.0359375
0 0.9859278803869833 0.30078125 0.028144239226033423 0.0359375
0 0.9278803869832893 0.7484375 0.01759014951627089 0.046875
0 0.9463500439753738 0.7546875 0.0158311345646438 0.05
0 0.9670184696569921 0.7671875 0.018469656992084433 0.05
0 0.7990325417766051 0.68984375 0.03781882145998241 0.0453125
0 0.8474054529463501 0.66953125 0.030782761653474055 0.0421875
0 0.8812664907651715 0.64453125 0.02990325417766051 0.0453125