0 0.15875109938434476 0.921875 0.023746701846965697 0.071875
0 0.14731750219876869 0.80234375 0.02198768689533861 0.0828125
0 0.3144239226033421 0.52109375 0.04309586631486367 0.0296875
0 0.3289357959542656 0.4875 0.040457343887423045 0.028125
0 0.3975373790677221 0.48359375 0.040457343887423045 0.0328125
0 0.36015831134564646 0.42265625 0.044854881266490766 0.0328125
0 0.38214599824098505 0.5265625 0.0395778364116095 0.034375
0 0.43579595426561124 0.534375 0.04309586631486367 0.034375
0 0.579155672823219 0.70234375 0.0395778364116095 0.0359375
0 0.6569920844327177 0.71640625 0.040457343887423045 0.0296875
0 0.7088830255057169 0.71953125 0.040457343887423045 0.0328125
0 0.8548812664907651 0.73125 0.040457343887423045 0.03125
0 0.9050131926121372 0.73828125 0.040457343887423045 0.0328125
0 0.951627088830255 0.74140625 0.036939313984168866 0.0296875
0 0.9204045734388743 0.46484375 0.04309586631486367 0.0328125
0 0.7788038698328935 0.45 0.03781882145998241 0.028125
0 0.7365875109938435 0.4484375 0.04133685136323659 0.034375
0 0.6394019349164467 0.4125 0.04221635883905013 0.03125