0 0.6464379947229552 0.03203125 0.026385224274406333 0.0609375
0 0.592788038698329 0.17109375 0.02990325417766051 0.0765625
0 0.7225153913808268 0.38046875 0.029023746701846966 0.0734375
0 0.7563764291996483 0.2546875 0.024626209322779244 0.06875
0 0.7774846086191732 0.16953125 0.026385224274406333 0.0703125
0 0.4925241864555849 0.6390625 0.028144239226033423 0.075
0 0.5145118733509235 0.71640625 0.028144239226033423 0.0734375
0 0.5255057167985928 0.7546875 0.027264731750219876 0.071875
0 0.554089709762533 0.64296875 0.026385224274406333 0.0671875
0 0.5778364116094987 0.55703125 0.028144239226033423 0.0734375
0 0.5378188214599825 0.60078125 0.029023746701846966 0.0671875
0 0.01802990325417766 0.7734375 0.03430079155672823 0.053125
0 0.14511873350923482 0.890625 0.03869832893579595 0.05
0 0.9832893579595426 0.78828125 0.03342128408091469 0.0640625
0 0.9547053649956024 0.671875 0.03430079155672823 0.046875
0 0.9454705364995603 0.4515625 0.02990325417766051 0.025
0 0.976693051890941 0.2515625 0.03781882145998241 0.046875
0 0.9656992084432717 0.709375 0.0316622691292876 0.046875