0 0.9599824098504838 0.8484375 0.03430079155672823 0.071875
0 0.98636763412489 0.94921875 0.027264731750219876 0.0734375
0 0.9881266490765171 0.80078125 0.023746701846965697 0.0671875
0 0.8707124010554089 0.2828125 0.036939313984168866 0.059375
0 0.9138082673702727 0.228125 0.036939313984168866 0.05625
0 0.9481090589270009 0.18046875 0.03518029903254178 0.0546875
0 0.9841688654353562 0.13125 0.0316622691292876 0.05625
0 0.7537379067722075 0.4375 0.036939313984168866 0.059375
0 0.712401055408971 0.49609375 0.036939313984168866 0.0578125
0 0.648636763412489 0.57578125 0.0395778364116095 0.0578125
0 0.5914687774846087 0.2796875 0.04133685136323659 0.065625
0 0.6802990325417766 0.19921875 0.0395778364116095 0.0578125
0 0.7150395778364117 0.15078125 0.036939313984168866 0.0578125
0 0.3755496921723835 0.7296875 0.040457343887423045 0.059375
0 0.37510993843447676 0.68671875 0.03781882145998241 0.0546875
0 0.4313984168865435 0.659375 0.03605980650835532 0.059375
0 0.4758135444151275 0.60390625 0.040457343887423045 0.0578125
0 0.42744063324538256 0.60625 0.036939313984168866 0.05625
0 0.15259454705364994 0.61953125 0.032541776605101144 0.0671875
0 0.37730870712401055 0.6 0.036939313984168866 0.059375
0 0.9256816182937555 0.66328125 0.027264731750219876 0.0546875
0 0.9019349164467898 0.68671875 0.027264731750219876 0.0578125
0 0.886103781882146 0.71484375 0.023746701846965697 0.0453125
0 0.8192612137203166 0.8328125 0.023746701846965697 0.04375
0 0.010554089709762533 0.5203125 0.019349164467897976 0.075