0 0.43799472295514513 0.79921875 0.019349164467897976 0.0546875
0 0.45382585751978893 0.7421875 0.024626209322779244 0.065625
0 0.4744942832014072 0.6484375 0.023746701846965697 0.065625
0 0.49120492524186454 0.5828125 0.018469656992084433 0.05
0 0.5369393139841688 0.371875 0.018469656992084433 0.05
0 0.5470536499560247 0.32421875 0.0158311345646438 0.0484375
0 0.5593667546174143 0.27578125 0.01759014951627089 0.0453125
0 0.5734388742304309 0.20234375 0.0158311345646438 0.0484375
0 0.5813544415127528 0.1625 0.0158311345646438 0.040625
0 0.5998240985048373 0.07109375 0.0158311345646438 0.0359375
0 0.6468777484608619 0.3984375 0.016710642040457344 0.05
0 0.6200527704485488 0.58515625 0.014072119613016711 0.0484375
0 0.6112576956904132 0.64453125 0.01759014951627089 0.0515625
0 0.5932277924362357 0.7171875 0.023746701846965697 0.059375
0 0.6864555848724714 0.60390625 0.020228671943711522 0.0390625
0 0.7005277044854882 0.5859375 0.020228671943711522 0.04375
0 0.7141600703605981 0.571875 0.019349164467897976 0.0375
0 0.6455584872471416 0.0140625 0.01759014951627089 0.025