0 0.544415127528584 0.96953125 0.024626209322779244 0.0609375
0 0.5430958663148637 0.871875 0.025505716798592787 0.0625
0 0.48988566402814426 0.709375 0.019349164467897976 0.05
0 0.4520668425681618 0.6625 0.01759014951627089 0.053125
0 0.4072119613016711 0.7515625 0.019349164467897976 0.059375
0 0.4788918205804749 0.3984375 0.014951627088830254 0.0375
0 0.4080914687774846 0.34296875 0.014072119613016711 0.0421875
0 0.4124890061565523 0.18046875 0.010554089709762533 0.0265625
0 0.3614775725593668 0.20625 0.010554089709762533 0.028125
0 0.772207563764292 0.24921875 0.014072119613016711 0.0296875
0 0.8557607739665787 0.2078125 0.0158311345646438 0.028125
0 0.8979771328056289 0.1859375 0.01759014951627089 0.028125
0 0.9445910290237467 0.1640625 0.019349164467897976 0.028125
0 0.9674582233948988 0.15546875 0.014072119613016711 0.0296875