0 0.15435356200527706 0.3421875 0.020228671943711522 0.053125
0 0.17106420404573439 0.10625 0.016710642040457344 0.053125
0 0.07783641160949868 0.121875 0.016710642040457344 0.059375
0 0.4129287598944591 0.9625 0.04133685136323659 0.05
0 0.4736147757255937 0.93359375 0.04133685136323659 0.0453125
0 0.4243623570800351 0.90078125 0.04133685136323659 0.0453125
0 0.5488126649076517 0.77890625 0.03869832893579595 0.0453125
0 0.6864555848724714 0.70859375 0.03781882145998241 0.0390625
0 0.727792436235708 0.6890625 0.03605980650835532 0.0375
0 0.9230430958663148 0.58671875 0.03430079155672823 0.0359375
0 0.9569041336851363 0.56953125 0.03869832893579595 0.0359375