0 0.027704485488126648 0.89453125 0.04309586631486367 0.0328125
0 0.13412489006156553 0.77734375 0.04133685136323659 0.0359375
0 0.17634124890061564 0.82890625 0.04661389621811785 0.0359375
0 0.19569041336851364 0.775 0.04309586631486367 0.0375
0 0.5395778364116095 0.69375 0.04133685136323659 0.03125
0 0.5620052770448549 0.62578125 0.03869832893579595 0.0296875
0 0.6376429199648196 0.6890625 0.03869832893579595 0.03125
0 0.6908531222515392 0.6875 0.04133685136323659 0.03125
0 0.7581354441512754 0.6859375 0.04397537379067722 0.034375
0 0.8271767810026385 0.6859375 0.04133685136323659 0.03125
0 0.7044854881266491 0.740625 0.03869832893579595 0.034375
0 0.9270008795074758 0.17890625 0.021108179419525065 0.0609375
0 0.886103781882146 0.17265625 0.020228671943711522 0.0578125
0 0.7216358839050132 0.134375 0.027264731750219876 0.06875
0 0.2937554969217238 0.39375 0.019349164467897976 0.071875
0 0.4234828496042216 0.0328125 0.014951627088830254 0.0625
0 0.6868953386103782 0.084375 0.01759014951627089 0.04375
0 0.669744942832014 0.06796875 0.02198768689533861 0.0515625
0 0.6402814423922604 0.0203125 0.022867194371152155 0.0375
0 0.8988566402814424 0.009375 0.036939313984168866 0.015625
0 0.7497801231310466 0.13984375 0.020228671943711522 0.0546875