0 0.13236587510993844 0.12421875 0.016710642040457344 0.0640625
0 0.2185576077396658 0.03046875 0.014951627088830254 0.0484375
0 0.21767810026385223 0.39921875 0.018469656992084433 0.0546875
0 0.3337730870712401 0.95078125 0.023746701846965697 0.0796875
0 0.4780123131046614 0.9640625 0.044854881266490766 0.053125
0 0.4890061565523307 0.9046875 0.04221635883905013 0.04375
0 0.5378188214599824 0.93515625 0.04133685136323659 0.0484375
0 0.6112576956904133 0.7828125 0.036939313984168866 0.04375
0 0.7475813544415127 0.7109375 0.036939313984168866 0.04375
0 0.7880386983289358 0.6921875 0.03869832893579595 0.04375
0 0.9819700967458224 0.58828125 0.030782761653474055 0.0359375
0 0.30914687774846084 0.975 0.023746701846965697 0.05