0 0.9467897977132805 0.8734375 0.0395778364116095 0.034375
0 0.9700967458223395 0.79296875 0.040457343887423045 0.0328125
0 0.8276165347405453 0.76875 0.03869832893579595 0.03125
0 0.7014072119613016 0.7890625 0.0395778364116095 0.03125
0 0.7445030782761654 0.84765625 0.04133685136323659 0.0328125
0 0.6816182937554969 0.8359375 0.03869832893579595 0.034375
0 0.06376429199648197 0.8 0.03781882145998241 0.034375
0 0.24802110817941952 0.81328125 0.03869832893579595 0.0390625
0 0.3627968337730871 0.8328125 0.04133685136323659 0.034375
0 0.37379067722075643 0.86953125 0.03518029903254178 0.0328125
0 0.5523306948109059 0.48046875 0.014072119613016711 0.0546875
0 0.5149516270888302 0.12578125 0.013192612137203167 0.0390625
0 0.5518909410729991 0.07578125 0.014951627088830254 0.0390625
0 0.5699208443271768 0.0953125 0.012313104661389622 0.0375
0 0.6244503078276165 0.11875 0.012313104661389622 0.040625