0 0.048372911169744945 0.86171875 0.04573438874230431 0.0421875
0 0.13808267370272648 0.71640625 0.040457343887423045 0.0390625
0 0.19788918205804748 0.696875 0.04397537379067722 0.04375
0 0.18425681618293754 0.753125 0.044854881266490766 0.040625
0 0.48548812664907653 0.5953125 0.03869832893579595 0.034375
0 0.5255057167985928 0.5171875 0.04309586631486367 0.0375
0 0.5426561125769569 0.44375 0.040457343887423045 0.0375
0 0.6209322779243623 0.484375 0.03869832893579595 0.034375
0 0.6728232189973615 0.465625 0.03869832893579595 0.040625
0 0.7383465259454706 0.44375 0.04133685136323659 0.0375
0 0.8043095866314863 0.42265625 0.0395778364116095 0.0328125
0 0.24934036939313983 0.29375 0.02198768689533861 0.06875