0 0.6613896218117854 0.69140625 0.040457343887423045 0.0453125
0 0.5787159190853123 0.5984375 0.03518029903254178 0.040625
0 0.6169744942832014 0.51875 0.0395778364116095 0.046875
0 0.6759014951627089 0.490625 0.04133685136323659 0.046875
0 0.6459982409850483 0.4515625 0.0395778364116095 0.04375
0 0.693051890941073 0.4265625 0.040457343887423045 0.04375
0 0.7814423922603342 0.36953125 0.03781882145998241 0.0421875
0 0.8240985048372911 0.34453125 0.03869832893579595 0.0421875
0 0.420844327176781 0.9515625 0.025505716798592787 0.078125
0 0.4467897977132806 0.9734375 0.021108179419525065 0.053125
0 0.24538258575197888 0.78046875 0.03869832893579595 0.0515625
0 0.2233948988566403 0.8703125 0.04221635883905013 0.046875
0 0.24934036939313983 0.90390625 0.04133685136323659 0.0484375
0 0.12005277044854881 0.98203125 0.0395778364116095 0.0359375