0 0.022427440633245383 0.18828125 0.04133685136323659 0.0578125
0 0.03562005277044855 0.26640625 0.03781882145998241 0.0515625
0 0.10686015831134564 0.3421875 0.03781882145998241 0.053125
0 0.17502198768689534 0.41484375 0.03869832893579595 0.0578125
0 0.357080035180299 0.48671875 0.03518029903254178 0.0484375
0 0.40589270008795075 0.64609375 0.0395778364116095 0.0515625
0 0.4252418645558487 0.615625 0.0395778364116095 0.053125
0 0.4841688654353562 0.56875 0.03781882145998241 0.053125
0 0.5976253298153035 0.69140625 0.0395778364116095 0.0578125
0 0.6394019349164468 0.6734375 0.036939313984168866 0.053125
0 0.6816182937554969 0.725 0.03869832893579595 0.059375
0 0.7642919964819701 0.81015625 0.036939313984168866 0.0515625
0 0.8025505716798592 0.8546875 0.03781882145998241 0.05
0 0.23614775725593667 0.959375 0.023746701846965697 0.065625
0 0.2247141600703606 0.84921875 0.029023746701846966 0.0671875
0 0.25549692172383465 0.84296875 0.032541776605101144 0.0765625
0 0.2832014072119613 0.87421875 0.03342128408091469 0.0828125
0 0.2796833773087071 0.68828125 0.0316622691292876 0.0703125
0 0.2836411609498681 0.74375 0.030782761653474055 0.06875
0 0.5448548812664907 0.853125 0.0395778364116095 0.059375