0 0.21547933157431837 0.87265625 0.019349164467897976 0.0671875
0 0.21503957783641162 0.7703125 0.032541776605101144 0.065625
0 0.24274406332453827 0.78203125 0.03518029903254178 0.0734375
0 0.2796833773087071 0.68828125 0.036939313984168866 0.0671875
0 0.2783641160949868 0.63359375 0.03605980650835532 0.0671875
0 0.11081794195250659 0.21875 0.03518029903254178 0.05625
0 0.12401055408970976 0.16796875 0.03869832893579595 0.0609375
0 0.1868953386103782 0.33125 0.032541776605101144 0.059375
0 0.256816182937555 0.42734375 0.03869832893579595 0.0578125
0 0.29243623570800353 0.34453125 0.032541776605101144 0.0546875
0 0.42480211081794195 0.475 0.03869832893579595 0.059375
0 0.04969217238346526 0.0625 0.0395778364116095 0.0625
0 0.47537379067722074 0.71875 0.0395778364116095 0.059375
0 0.5312225153913809 0.746875 0.040457343887423045 0.0625
0 0.5285839929639402 0.86171875 0.040457343887423045 0.0671875
0 0.542656112576957 0.63828125 0.03869832893579595 0.0640625
0 0.6363236587510994 0.7046875 0.0395778364116095 0.0625
0 0.6732629727352683 0.76640625 0.03781882145998241 0.0640625
0 0.7493403693931399 0.8734375 0.03342128408091469 0.05625
0 0.7854001759014951 0.92734375 0.03342128408091469 0.0578125