0 0.3368513632365875 0.78046875 0.022867194371152155 0.0671875
0 0.5021987686895338 0.975 0.03342128408091469 0.05
0 0.5976253298153035 0.54765625 0.03605980650835532 0.0546875
0 0.6086191732629728 0.4609375 0.036939313984168866 0.0625
0 0.6231310466138962 0.378125 0.03781882145998241 0.059375
0 0.6653474054529463 0.3296875 0.0395778364116095 0.059375
0 0.6605101143359718 0.4 0.03869832893579595 0.0625
0 0.683377308707124 0.60078125 0.04221635883905013 0.0609375
0 0.7383465259454707 0.2265625 0.03605980650835532 0.053125
0 0.7752858399296394 0.17734375 0.03605980650835532 0.0578125
0 0.5259454705364995 0.97890625 0.024626209322779244 0.0421875