0 0.2106420404573439 0.94765625 0.030782761653474055 0.0734375
0 0.21943711521547934 0.83984375 0.023746701846965697 0.0640625
0 0.2185576077396658 0.75 0.032541776605101144 0.065625
0 0.24450307827616535 0.7640625 0.03518029903254178 0.071875
0 0.2700087950747581 0.8046875 0.040457343887423045 0.075
0 0.28232189973614774 0.675 0.03518029903254178 0.065625
0 0.28232189973614774 0.61953125 0.036939313984168866 0.0671875
0 0.2339489885664028 0.43984375 0.021108179419525065 0.0640625
0 0.3368513632365875 0.51796875 0.036939313984168866 0.0609375
0 0.3641160949868074 0.365625 0.03869832893579595 0.065625
0 0.4859278803869833 0.5453125 0.03605980650835532 0.065625
0 0.5285839929639402 0.86171875 0.03518029903254178 0.0671875
0 0.5571679859278804 0.8234375 0.03781882145998241 0.0625
0 0.6380826737027264 0.7125 0.03430079155672823 0.05625
0 0.6750219876868954 0.77734375 0.03605980650835532 0.0671875
0 0.6446789797713279 0.92578125 0.036939313984168866 0.0609375
0 0.748900615655233 0.88984375 0.03430079155672823 0.0609375
0 0.783641160949868 0.94375 0.03518029903254178 0.05625
0 0.1741424802110818 0.275 0.03342128408091469 0.05625
0 0.20932277924362358 0.2546875 0.036939313984168866 0.065625
0 0.20624450307827616 0.18359375 0.03430079155672823 0.0578125
0 0.13676341248900617 0.14765625 0.03430079155672823 0.0578125