0 0.5954265611257695 0.9671875 0.024626209322779244 0.065625
0 0.58311345646438 0.87890625 0.022867194371152155 0.0765625
0 0.44327176781002636 0.88515625 0.021108179419525065 0.0828125
0 0.051890941072999124 0.60625 0.040457343887423045 0.0375
0 0.06684256816182937 0.5578125 0.04573438874230431 0.040625
0 0.21372031662269128 0.55 0.0316622691292876 0.053125
0 0.2563764291996482 0.5171875 0.04133685136323659 0.040625
0 0.25285839929639403 0.47734375 0.03781882145998241 0.0390625
0 0.3131046613896218 0.4859375 0.036939313984168866 0.0375
0 0.33157431838170626 0.44609375 0.040457343887423045 0.0421875
0 0.024186455584872472 0.43203125 0.04309586631486367 0.0421875
0 0.9485488126649076 0.0625 0.0395778364116095 0.040625
0 0.0079155672823219 0.58203125 0.014072119613016711 0.0328125