0 0.22559366754617413 0.9421875 0.04309586631486367 0.05625
0 0.25065963060686014 0.96953125 0.047493403693931395 0.0546875
0 0.28979771328056286 0.78828125 0.03430079155672823 0.0671875
0 0.4476693051890941 0.965625 0.0316622691292876 0.06875
0 0.5901495162708883 0.57890625 0.036939313984168866 0.0484375
0 0.6152154793315743 0.5015625 0.0395778364116095 0.053125
0 0.6398416886543535 0.428125 0.03605980650835532 0.05
0 0.671943711521548 0.459375 0.04221635883905013 0.053125
0 0.6851363236587511 0.390625 0.040457343887423045 0.059375
0 0.7686895338610378 0.31796875 0.036939313984168866 0.0515625
0 0.8104661389621811 0.28828125 0.03781882145998241 0.0515625
0 0.669744942832014 0.66484375 0.04133685136323659 0.0515625
0 0.4700967458223395 0.9765625 0.02198768689533861 0.046875