0 0.22075637642919965 0.971875 0.03869832893579595 0.05625
0 0.21943711521547934 0.8296875 0.032541776605101144 0.06875
0 0.2906772207563764 0.840625 0.0395778364116095 0.06875
0 0.287598944591029 0.8984375 0.036939313984168866 0.06875
0 0.08619173262972735 0.2546875 0.03342128408091469 0.05625
0 0.12532981530343007 0.2484375 0.032541776605101144 0.053125
0 0.29463500439753737 0.4546875 0.03518029903254178 0.059375
0 0.23043095866314864 0.49453125 0.03518029903254178 0.0546875
0 0.2990325417766051 0.5984375 0.03869832893579595 0.065625
0 0.23043095866314864 0.60703125 0.022867194371152155 0.0609375
0 0.4230430958663149 0.64765625 0.036939313984168866 0.0671875
0 0.4283201407211961 0.85546875 0.036939313984168866 0.0609375
0 0.6552330694810906 0.9359375 0.036939313984168866 0.059375