0 0.5822339489885664 0.93671875 0.019349164467897976 0.0734375
0 0.5756376429199648 0.82421875 0.018469656992084433 0.0640625
0 0.0993843447669305 0.57109375 0.04221635883905013 0.0296875
0 0.35576077396657874 0.68125 0.044854881266490766 0.028125
0 0.39841688654353563 0.62109375 0.040457343887423045 0.0328125
0 0.3891820580474934 0.571875 0.03605980650835532 0.03125
0 0.3342128408091468 0.57578125 0.04221635883905013 0.0328125
0 0.30562884784520666 0.50546875 0.03430079155672823 0.0328125
0 0.2563764291996482 0.59375 0.0395778364116095 0.034375
0 0.1284080914687775 0.46171875 0.040457343887423045 0.0328125
0 0.051890941072999124 0.47109375 0.04221635883905013 0.0296875
0 0.49604221635883905 0.49140625 0.036939313984168866 0.0328125
0 0.7295514511873351 0.4390625 0.0395778364116095 0.034375
0 0.8416886543535619 0.5484375 0.036939313984168866 0.03125
0 0.521108179419525 0.13828125 0.016710642040457344 0.0640625
0 0.4894459102902375 0.06640625 0.016710642040457344 0.0640625
0 0.010554089709762533 0.4765625 0.019349164467897976 0.028125
0 0.012313104661389622 0.54375 0.022867194371152155 0.034375