0 0.5514511873350924 0.9640625 0.022867194371152155 0.071875
0 0.5620052770448549 0.85390625 0.019349164467897976 0.0578125
0 0.016270888302550572 0.503125 0.030782761653474055 0.0375
0 0.13720316622691292 0.3453125 0.040457343887423045 0.040625
0 0.06640281442392261 0.25390625 0.03781882145998241 0.0359375
0 0.11741424802110818 0.27109375 0.04133685136323659 0.0359375
0 0.18865435356200527 0.2953125 0.04133685136323659 0.0375
0 0.23350923482849603 0.4140625 0.0395778364116095 0.0375
0 0.276165347405453 0.4765625 0.036939313984168866 0.0375
0 0.37818821459982416 0.55703125 0.04397537379067722 0.0453125
0 0.36939313984168864 0.6078125 0.04397537379067722 0.034375
0 0.41908531222515394 0.5234375 0.03605980650835532 0.0375
0 0.36631486367634125 0.5015625 0.03781882145998241 0.040625
0 0.4155672823218997 0.44140625 0.032541776605101144 0.0359375
0 0.5958663148636764 0.034375 0.020228671943711522 0.065625
0 0.6094986807387863 0.15703125 0.019349164467897976 0.0640625
0 0.5826737027264732 0.5078125 0.03781882145998241 0.03125
0 0.8447669305189094 0.57890625 0.04133685136323659 0.0421875
0 0.7946350043975373 0.68984375 0.03781882145998241 0.0390625