0 0.21635883905013192 0.853125 0.019349164467897976 0.065625
0 0.202726473175022 0.9671875 0.027264731750219876 0.065625
0 0.2167985927880387 0.76015625 0.032541776605101144 0.0640625
0 0.24318381706244502 0.76953125 0.03605980650835532 0.0703125
0 0.2691292875989446 0.809375 0.036939313984168866 0.075
0 0.2805628847845207 0.68125 0.03518029903254178 0.06875
0 0.2801231310466139 0.62578125 0.03781882145998241 0.0671875
0 0.29683377308707126 0.46875 0.03605980650835532 0.059375
0 0.21723834652594548 0.375 0.02990325417766051 0.0625
0 0.25065963060686014 0.26875 0.03342128408091469 0.053125
0 0.14160070360598065 0.23984375 0.03342128408091469 0.0546875
0 0.1662269129287599 0.20625 0.03869832893579595 0.0625
0 0.0932277924362357 0.09921875 0.036939313984168866 0.0609375
0 0.39489885664028146 0.425 0.03869832893579595 0.0625
0 0.5149516270888302 0.59375 0.03781882145998241 0.0625
0 0.5127528583992964 0.76640625 0.03869832893579595 0.0609375
0 0.588830255057168 0.834375 0.03781882145998241 0.059375
0 0.5277044854881267 0.86171875 0.036939313984168866 0.0703125
0 0.6363236587510993 0.7109375 0.03605980650835532 0.0625
0 0.6745822339489885 0.7734375 0.03869832893579595 0.065625
0 0.7497801231310466 0.8828125 0.03605980650835532 0.065625
0 0.7845206684256816 0.9359375 0.036939313984168866 0.05625