0 0.0633245382585752 0.40859375 0.040457343887423045 0.0484375
0 0.13500439753737906 0.4625 0.04133685136323659 0.05
0 0.38830255057167984 0.55078125 0.03781882145998241 0.0484375
0 0.37247141600703604 0.5875 0.04133685136323659 0.046875
0 0.3698328935795955 0.63515625 0.04309586631486367 0.0484375
0 0.28935795954265614 0.7390625 0.028144239226033423 0.075
0 0.297273526824978 0.79140625 0.026385224274406333 0.0703125
0 0.2423043095866315 0.9203125 0.027264731750219876 0.071875
0 0.2757255936675462 0.89609375 0.029023746701846966 0.0765625
0 0.5189094107299912 0.59921875 0.040457343887423045 0.0453125
0 0.5646437994722955 0.84140625 0.04221635883905013 0.0578125
0 0.6257695690413368 0.6875 0.04309586631486367 0.053125
0 0.6455584872471415 0.6421875 0.03869832893579595 0.046875
0 0.6912928759894459 0.6859375 0.040457343887423045 0.053125
0 0.7792436235708002 0.7515625 0.03869832893579595 0.05
0 0.8214599824098505 0.78671875 0.04221635883905013 0.0421875
0 0.306948109058927 0.92109375 0.02990325417766051 0.0828125
0 0.011873350923482849 0.3640625 0.02198768689533861 0.034375