0 0.5158311345646438 0.97265625 0.030782761653474055 0.0546875
0 0.5408970976253298 0.87890625 0.028144239226033423 0.0671875
0 0.0773966578715919 0.275 0.036939313984168866 0.053125
0 0.13808267370272648 0.12578125 0.036939313984168866 0.0484375
0 0.167985927880387 0.071875 0.036939313984168866 0.046875
0 0.21152154793315744 0.10859375 0.03430079155672823 0.0453125
0 0.2726473175021988 0.1640625 0.03869832893579595 0.05
0 0.2845206684256817 0.24453125 0.03781882145998241 0.0453125
0 0.31354441512752856 0.36640625 0.03430079155672823 0.0484375
0 0.370712401055409 0.36171875 0.0395778364116095 0.0484375
0 0.386103781882146 0.46796875 0.03518029903254178 0.0609375
0 0.39577836411609496 0.54921875 0.04221635883905013 0.0546875
0 0.4094107299912049 0.44453125 0.03781882145998241 0.0515625
0 0.4547053649956025 0.4875 0.03342128408091469 0.046875
0 0.523306948109059 0.45859375 0.0316622691292876 0.0390625
0 0.6587510993843447 0.58671875 0.03869832893579595 0.0515625
0 0.6978891820580475 0.2171875 0.030782761653474055 0.0625
0 0.7145998240985049 0.05703125 0.025505716798592787 0.0640625
0 0.7308707124010554 0.78046875 0.03869832893579595 0.0484375
0 0.934476693051891 0.81640625 0.04133685136323659 0.0546875