0 0.15787159190853126 0.93125 0.03430079155672823 0.06875
0 0.23306948109058928 0.89921875 0.03342128408091469 0.0734375
0 0.2559366754617414 0.91796875 0.036939313984168866 0.0734375
0 0.2959542656112577 0.825 0.03430079155672823 0.06875
0 0.29463500439753737 0.7671875 0.040457343887423045 0.071875
0 0.24406332453825857 0.67109375 0.018469656992084433 0.0671875
0 0.32189973614775724 0.5609375 0.03518029903254178 0.059375
0 0.39621811785400174 0.671875 0.03605980650835532 0.0625
0 0.3482849604221636 0.4578125 0.036939313984168866 0.0625
0 0.21152154793315744 0.26640625 0.03605980650835532 0.0578125
0 0.16974494283201408 0.315625 0.03518029903254178 0.05625
0 0.04221635883905013 0.03359375 0.028144239226033423 0.0484375
0 0.5219876868953386 0.915625 0.03781882145998241 0.0625
0 0.6591908531222516 0.8578125 0.03781882145998241 0.0625
0 0.6974494283201407 0.925 0.03869832893579595 0.06875
0 0.28100263852242746 0.9578125 0.04133685136323659 0.075
0 0.23043095866314864 0.978125 0.024626209322779244 0.04375