0 0.19569041336851364 0.73125 0.032541776605101144 0.0625
0 0.24670184696569922 0.76015625 0.032541776605101144 0.0640625
0 0.2673702726473175 0.77890625 0.03518029903254178 0.0703125
0 0.24274406332453827 0.85546875 0.026385224274406333 0.0703125
0 0.2937554969217238 0.81640625 0.03869832893579595 0.0765625
0 0.30518909410729994 0.68984375 0.0316622691292876 0.0671875
0 0.30606860158311344 0.634375 0.03518029903254178 0.06875
0 0.3051890941072999 0.3859375 0.03518029903254178 0.059375
0 0.218117854001759 0.12421875 0.036939313984168866 0.0578125
0 0.47537379067722074 0.6453125 0.03781882145998241 0.059375
0 0.575197889182058 0.796875 0.03869832893579595 0.06875
0 0.554089709762533 0.875 0.03869832893579595 0.075
0 0.6635883905013192 0.72109375 0.0395778364116095 0.0609375
0 0.7058047493403694 0.78984375 0.04661389621811785 0.0734375
0 0.7805628847845206 0.8984375 0.03781882145998241 0.059375
0 0.8179419525065963 0.95546875 0.04221635883905013 0.0609375
0 0.6701846965699209 0.98359375 0.0316622691292876 0.0328125
0 0.024186455584872472 0.9703125 0.04133685136323659 0.059375