0 0.39577836411609496 0.390625 0.03869832893579595 0.05625
0 0.3619173262972735 0.43671875 0.044854881266490766 0.0578125
0 0.4604221635883905 0.31484375 0.03605980650835532 0.0671875
0 0.29155672823219 0.26171875 0.03781882145998241 0.0609375
0 0.2510993843447669 0.29140625 0.0395778364116095 0.0609375
0 0.22515391380826738 0.7140625 0.036939313984168866 0.075
0 0.19305189094107303 0.79453125 0.03781882145998241 0.0734375
0 0.16666666666666666 0.8703125 0.03430079155672823 0.065625
0 0.5809146877748461 0.57578125 0.04309586631486367 0.0515625
0 0.6011433597185576 0.684375 0.04309586631486367 0.05625
0 0.7000879507475813 0.68046875 0.04925241864555849 0.0578125
0 0.8346525945470537 0.79296875 0.047493403693931395 0.0609375
0 0.13148636763412488 0.0546875 0.04133685136323659 0.059375