0 0.22823218997361477 0.70859375 0.03605980650835532 0.0703125
0 0.19525065963060687 0.790625 0.03518029903254178 0.075
0 0.16886543535620052 0.8640625 0.0316622691292876 0.0625
0 0.16182937554969218 0.08984375 0.036939313984168866 0.0578125
0 0.20184696569920843 0.21484375 0.03781882145998241 0.0578125
0 0.3179419525065963 0.29453125 0.03781882145998241 0.0609375
0 0.5061565523306948 0.503125 0.032541776605101144 0.05
0 0.6015831134564644 0.58046875 0.04397537379067722 0.0546875
0 0.5448548812664907 0.62421875 0.03781882145998241 0.0484375
0 0.6609498680738787 0.7328125 0.048372911169744945 0.059375
0 0.7994722955145118 0.8390625 0.047493403693931395 0.05625
0 0.5074758135444152 0.21171875 0.03342128408091469 0.0640625