0 0.16886543535620052 0.86015625 0.0316622691292876 0.0671875
0 0.227792436235708 0.7046875 0.0316622691292876 0.071875
0 0.19656992084432717 0.78828125 0.03430079155672823 0.0765625
0 0.23614775725593667 0.1828125 0.03430079155672823 0.059375
0 0.3148636763412489 0.36484375 0.0316622691292876 0.0515625
0 0.3935795954265611 0.3890625 0.04133685136323659 0.059375
0 0.09718557607739664 0.0765625 0.03781882145998241 0.05625
0 0.4182058047493404 0.49296875 0.03781882145998241 0.0546875
0 0.5263852242744064 0.525 0.0395778364116095 0.059375
0 0.5457343887423043 0.62421875 0.04133685136323659 0.0578125
0 0.6662269129287598 0.64453125 0.032541776605101144 0.0421875
0 0.7396657871591908 0.70703125 0.047493403693931395 0.0578125
0 0.7115215479331575 0.76875 0.04221635883905013 0.05625