0 0.17985927880386984 0.11484375 0.0395778364116095 0.0578125
0 0.2836411609498681 0.31953125 0.0395778364116095 0.0546875
0 0.3891820580474934 0.37734375 0.03605980650835532 0.0546875
0 0.4736147757255937 0.290625 0.032541776605101144 0.071875
0 0.5259454705364995 0.50859375 0.04397537379067722 0.0578125
0 0.16842568161829374 0.86328125 0.032541776605101144 0.0671875
0 0.22823218997361477 0.70625 0.032541776605101144 0.071875
0 0.19788918205804748 0.7875 0.036939313984168866 0.071875
0 0.6882145998240985 0.75 0.0395778364116095 0.053125
0 0.8056288478452067 0.8515625 0.04925241864555849 0.05625
0 0.9410729991204925 0.9578125 0.047493403693931395 0.0625