0 0.4604221635883905 0.31640625 0.03430079155672823 0.0640625
0 0.436235708003518 0.43671875 0.03869832893579595 0.0546875
0 0.405452946350044 0.48203125 0.040457343887423045 0.0640625
0 0.5488126649076517 0.546875 0.04397537379067722 0.053125
0 0.5048372911169745 0.5921875 0.04397537379067722 0.059375
0 0.6956904133685137 0.67734375 0.04397537379067722 0.0515625
0 0.27880386983289357 0.24921875 0.03518029903254178 0.0578125
0 0.15743183817062445 0.0875 0.036939313984168866 0.05625
0 0.22691292875989447 0.71171875 0.036939313984168866 0.0734375
0 0.1948109058927001 0.79453125 0.03430079155672823 0.0703125
0 0.16578715919085313 0.86953125 0.032541776605101144 0.0671875
0 0.876429199648197 0.828125 0.04309586631486367 0.05625
0 0.7550571679859279 0.81484375 0.0395778364116095 0.0515625