0 0.3526824978012313 0.3375 0.040457343887423045 0.0625
0 0.44283201407211964 0.521875 0.04133685136323659 0.053125
0 0.22427440633245382 0.7046875 0.03518029903254178 0.071875
0 0.1943711521547933 0.78671875 0.03518029903254178 0.0765625
0 0.1662269129287599 0.859375 0.0316622691292876 0.0625
0 0.5426561125769569 0.62578125 0.04397537379067722 0.0515625
0 0.7159190853122251 0.68984375 0.04221635883905013 0.0546875
0 0.6978891820580475 0.75078125 0.048372911169744945 0.0546875
0 0.8060686015831134 0.84375 0.04133685136323659 0.05
0 0.9859278803869833 0.9109375 0.028144239226033423 0.05
0 0.9542656112576957 0.975 0.04221635883905013 0.05
0 0.07475813544415127 0.0421875 0.036939313984168866 0.053125
0 0.15127528583992964 0.07109375 0.04397537379067722 0.0671875
0 0.18161829375549693 0.18828125 0.04133685136323659 0.0578125