0 0.19041336851363236 0.2015625 0.04133685136323659 0.06875
0 0.2691292875989446 0.3140625 0.03869832893579595 0.065625
0 0.4045734388742304 0.4796875 0.040457343887423045 0.059375
0 0.47757255936675463 0.56171875 0.040457343887423045 0.0578125
0 0.5769569041336852 0.65234375 0.03869832893579595 0.0546875
0 0.6244503078276166 0.6109375 0.04925241864555849 0.05625
0 0.8491644678979772 0.8046875 0.04661389621811785 0.053125
0 0.6846965699208444 0.753125 0.04309586631486367 0.05625
0 0.2247141600703606 0.70390625 0.03430079155672823 0.0734375
0 0.193051890941073 0.7875 0.03430079155672823 0.071875
0 0.1644678979771328 0.8625 0.03342128408091469 0.065625