0 0.26077396657871593 0.296875 0.03781882145998241 0.0625
0 0.3548812664907652 0.42734375 0.04133685136323659 0.0671875
0 0.45602462620932277 0.45078125 0.04661389621811785 0.0546875
0 0.49076517150395776 0.5703125 0.04397537379067722 0.05625
0 0.5729991204925242 0.65078125 0.0395778364116095 0.0515625
0 0.6886543535620053 0.74921875 0.03869832893579595 0.0515625
0 0.8306948109058927 0.8734375 0.04133685136323659 0.053125
0 0.6706244503078276 0.65546875 0.04309586631486367 0.0609375
0 0.16578715919085313 0.86015625 0.030782761653474055 0.0609375
0 0.22515391380826738 0.70546875 0.03342128408091469 0.0734375
0 0.19525065963060687 0.78984375 0.03518029903254178 0.0765625
0 0.05496921723834653 0.02421875 0.0395778364116095 0.0453125