0 0.16226912928759896 0.16171875 0.0395778364116095 0.0640625
0 0.23306948109058928 0.2671875 0.03869832893579595 0.059375
0 0.36367634124890064 0.43046875 0.04133685136323659 0.0640625
0 0.4371152154793316 0.515625 0.036939313984168866 0.05625
0 0.5277044854881267 0.60546875 0.036939313984168866 0.0515625
0 0.7172383465259454 0.68828125 0.048372911169744945 0.0578125
0 0.6222515391380826 0.69921875 0.04133685136323659 0.0546875
0 0.9450307827616534 0.88203125 0.04661389621811785 0.0546875
0 0.22427440633245382 0.703125 0.03518029903254178 0.071875
0 0.19393139841688653 0.7875 0.03605980650835532 0.075
0 0.16710642040457344 0.859375 0.03342128408091469 0.06875