0 0.46701846965699206 0.4640625 0.036939313984168866 0.05
0 0.3197009674582234 0.37265625 0.03605980650835532 0.0578125
0 0.6033421284080914 0.66875 0.04573438874230431 0.053125
0 0.7744063324538258 0.728125 0.04661389621811785 0.059375
0 0.716358839050132 0.7703125 0.044854881266490766 0.05625
0 0.8931398416886543 0.90859375 0.044854881266490766 0.0546875
0 0.1046613896218118 0.084375 0.03518029903254178 0.053125
0 0.1424802110817942 0.06328125 0.036939313984168866 0.0578125
0 0.18117854001759015 0.18984375 0.036939313984168866 0.0609375
0 0.22515391380826738 0.70078125 0.03518029903254178 0.0703125
0 0.1948109058927001 0.78671875 0.03430079155672823 0.0734375
0 0.167985927880387 0.85703125 0.02990325417766051 0.0609375