0 0.22515391380826738 0.70234375 0.03518029903254178 0.0703125
0 0.19393139841688653 0.7859375 0.03605980650835532 0.075
0 0.16666666666666666 0.85703125 0.030782761653474055 0.0609375
0 0.376429199648197 0.44375 0.036939313984168866 0.053125
0 0.3913808267370273 0.38046875 0.036939313984168866 0.0546875
0 0.14028144239226034 0.13515625 0.03605980650835532 0.0578125
0 0.22559366754617413 0.25 0.03781882145998241 0.059375
0 0.6974494283201407 0.66328125 0.04573438874230431 0.0515625
0 0.6649076517150395 0.721875 0.04573438874230431 0.053125
0 0.7792436235708003 0.825 0.04573438874230431 0.05
0 0.9604221635883905 0.96484375 0.04925241864555849 0.0546875