0 0.5268249780123131 0.534375 0.040457343887423045 0.05625
0 0.5787159190853123 0.58828125 0.03869832893579595 0.0484375
0 0.6345646437994723 0.63203125 0.04661389621811785 0.0578125
0 0.6895338610378188 0.68046875 0.04221635883905013 0.0515625
0 0.2225153913808267 0.7078125 0.03342128408091469 0.06875
0 0.193051890941073 0.79140625 0.03605980650835532 0.0703125
0 0.16314863676341249 0.865625 0.032541776605101144 0.065625
0 0.16842568161829374 0.17734375 0.03781882145998241 0.0609375
0 0.2260334212840809 0.28984375 0.03869832893579595 0.0671875
0 0.287598944591029 0.34375 0.036939313984168866 0.059375
0 0.5523306948109059 0.09375 0.03518029903254178 0.065625