0 0.11213720316622691 0.09375 0.030782761653474055 0.05
0 0.24450307827616535 0.19765625 0.03342128408091469 0.0546875
0 0.22119613016710643 0.24375 0.03605980650835532 0.05625
0 0.32497801231310464 0.38046875 0.03605980650835532 0.0484375
0 0.5334212840809147 0.51875 0.0395778364116095 0.053125
0 0.4969217238346526 0.58046875 0.040457343887423045 0.0609375
0 0.8284960422163589 0.7828125 0.047493403693931395 0.059375
0 0.7950747581354441 0.8328125 0.04573438874230431 0.053125
0 0.9107299912049253 0.93359375 0.04309586631486367 0.0546875
0 0.16710642040457344 0.85703125 0.0316622691292876 0.0671875
0 0.19525065963060687 0.78359375 0.03518029903254178 0.0765625
0 0.22735268249780125 0.7015625 0.03430079155672823 0.075