0 0.1600703605980651 0.1671875 0.04221635883905013 0.0625
0 0.2260334212840809 0.2875 0.03869832893579595 0.0625
0 0.2849604221635884 0.3421875 0.040457343887423045 0.0625
0 0.16534740545294635 0.8609375 0.02990325417766051 0.065625
0 0.22163588390501318 0.71171875 0.03342128408091469 0.0703125
0 0.19129287598944592 0.7921875 0.03605980650835532 0.06875
0 0.5259454705364995 0.53515625 0.04573438874230431 0.0609375
0 0.5795954265611257 0.5875 0.04221635883905013 0.059375
0 0.6873350923482849 0.6796875 0.04133685136323659 0.05625
0 0.6363236587510994 0.6296875 0.044854881266490766 0.05625
0 0.5914687774846086 0.02578125 0.03430079155672823 0.0484375