0 0.8073878627968337 0.71171875 0.03869832893579595 0.0359375
0 0.748900615655233 0.6484375 0.03781882145998241 0.040625
0 0.662269129287599 0.6234375 0.03869832893579595 0.0375
0 0.6627088830255057 0.665625 0.04309586631486367 0.040625
0 0.4920844327176781 0.92890625 0.02198768689533861 0.0796875
0 0.5215479331574319 0.97109375 0.022867194371152155 0.0578125
0 0.29155672823219 0.70234375 0.04661389621811785 0.0359375
0 0.5167106420404574 0.39765625 0.020228671943711522 0.0703125
0 0.49780123131046616 0.38046875 0.021108179419525065 0.0546875
0 0.48856640281442393 0.33046875 0.020228671943711522 0.0609375
0 0.5268249780123131 0.27421875 0.021108179419525065 0.0640625
0 0.5013192612137203 0.21796875 0.019349164467897976 0.0640625
0 0.11169744942832015 0.3984375 0.04221635883905013 0.0375
0 0.036939313984168866 0.37578125 0.036939313984168866 0.0328125