0 0.5668425681618294 0.88203125 0.018469656992084433 0.0640625
0 0.5197889182058048 0.83359375 0.022867194371152155 0.0640625
0 0.5035180299032542 0.6015625 0.020228671943711522 0.05
0 0.5408970976253298 0.49453125 0.021108179419525065 0.0546875
0 0.5611257695690414 0.5203125 0.019349164467897976 0.053125
0 0.5879507475813545 0.5171875 0.016710642040457344 0.046875
0 0.7009674582233949 0.52734375 0.03342128408091469 0.0296875
0 0.6956904133685137 0.46796875 0.03342128408091469 0.0328125
0 0.6952506596306068 0.4375 0.030782761653474055 0.028125
0 0.751099384344767 0.459375 0.0316622691292876 0.03125
0 0.7440633245382586 0.4890625 0.0316622691292876 0.03125
0 0.8047493403693932 0.48203125 0.03518029903254178 0.0359375
0 0.8496042216358839 0.50078125 0.03518029903254178 0.0359375
0 0.7361477572559367 0.7609375 0.026385224274406333 0.04375
0 0.5153913808267371 0.32109375 0.028144239226033423 0.0359375
0 0.4190853122251539 0.32734375 0.030782761653474055 0.0234375
0 0.28847845206684264 0.3359375 0.02990325417766051 0.03125
0 0.26868953386103783 0.2296875 0.027264731750219876 0.03125
0 0.21416007036059806 0.20859375 0.030782761653474055 0.0328125
0 0.17810026385224276 0.196875 0.027264731750219876 0.028125
0 0.08135444151275285 0.15859375 0.029023746701846966 0.0265625
0 0.04661389621811785 0.14296875 0.024626209322779244 0.0265625
0 0.0158311345646438 0.1328125 0.026385224274406333 0.025
0 0.158311345646438 0.28203125 0.03342128408091469 0.0359375
0 0.11213720316622691 0.33984375 0.032541776605101144 0.0296875
0 0.6007036059806509 0.2875 0.014072119613016711 0.0375
0 0.6121372031662269 0.2015625 0.014072119613016711 0.040625
0 0.6165347405452947 0.05859375 0.014072119613016711 0.0390625
0 0.010114335971855761 0.22265625 0.018469656992084433 0.0265625
0 0.023306948109058926 0.96171875 0.044854881266490766 0.0546875