0 0.4815303430079156 0.88046875 0.02198768689533861 0.0765625
0 0.5092348284960422 0.92109375 0.021108179419525065 0.0734375
0 0.28452066842568163 0.66015625 0.04133685136323659 0.0421875
0 0.12225153913808268 0.6984375 0.02990325417766051 0.071875
0 0.13940193491644678 0.4234375 0.04133685136323659 0.0375
0 0.0773966578715919 0.33984375 0.04397537379067722 0.0359375
0 0.7418645558487247 0.696875 0.03605980650835532 0.034375
0 0.7796833773087071 0.6484375 0.04133685136323659 0.040625
0 0.6684256816182936 0.575 0.036939313984168866 0.0375
0 0.4859278803869833 0.3140625 0.02198768689533861 0.0625
0 0.5092348284960422 0.30078125 0.01759014951627089 0.0734375
0 0.4762532981530343 0.2546875 0.020228671943711522 0.06875
0 0.5197889182058048 0.17578125 0.024626209322779244 0.0703125
0 0.49076517150395776 0.13046875 0.024626209322779244 0.0703125
0 0.46965699208443273 0.9734375 0.021108179419525065 0.053125
0 0.49780123131046616 0.98515625 0.01759014951627089 0.0296875