0 0.5140721196130167 0.88671875 0.018469656992084433 0.0640625
0 0.5338610378188214 0.9234375 0.019349164467897976 0.06875
0 0.5620052770448549 0.965625 0.019349164467897976 0.06875
0 0.5219876868953386 0.77265625 0.02198768689533861 0.0734375
0 0.5338610378188215 0.6734375 0.021108179419525065 0.071875
0 0.5602462620932278 0.7171875 0.019349164467897976 0.071875
0 0.7031662269129287 0.41875 0.04309586631486367 0.0375
0 0.7044854881266491 0.37578125 0.03869832893579595 0.0328125
0 0.9841688654353562 0.5 0.0316622691292876 0.04375
0 0.33509234828496043 0.45546875 0.04573438874230431 0.0421875
0 0.13720316622691292 0.1453125 0.040457343887423045 0.040625
0 0.058927000879507474 0.12109375 0.04221635883905013 0.0390625
0 0.5364995602462621 0.11875 0.021108179419525065 0.0625
0 0.559806508355321 0.10859375 0.020228671943711522 0.0734375
0 0.5285839929639402 0.06015625 0.019349164467897976 0.0671875
0 0.014951627088830254 0.10703125 0.028144239226033423 0.0265625
0 0.49912049252418644 0.97890625 0.02198768689533861 0.0421875