0 0.20052770448548812 0.21640625 0.0316622691292876 0.0484375
0 0.36455584872471414 0.33671875 0.03781882145998241 0.0578125
0 0.3117854001759015 0.3703125 0.03605980650835532 0.053125
0 0.4463500439753738 0.525 0.04133685136323659 0.05625
0 0.2264731750219877 0.7015625 0.032541776605101144 0.06875
0 0.1943711521547933 0.78671875 0.036939313984168866 0.0671875
0 0.16754617414248021 0.86171875 0.032541776605101144 0.0609375
0 0.6477572559366754 0.6328125 0.04661389621811785 0.05625
0 0.6169744942832014 0.684375 0.04309586631486367 0.05625
0 0.9322779243623571 0.94609375 0.047493403693931395 0.0578125
0 0.10202286719437115 0.01484375 0.026385224274406333 0.0265625