0 0.47977132805628847 0.9328125 0.02198768689533861 0.059375
0 0.5246262093227793 0.80390625 0.02198768689533861 0.0609375
0 0.5452946350043976 0.871875 0.021108179419525065 0.065625
0 0.8557607739665787 0.6734375 0.03342128408091469 0.034375
0 0.8091468777484607 0.65390625 0.03518029903254178 0.0359375
0 0.7554969217238346 0.63125 0.0316622691292876 0.034375
0 0.7484608619173263 0.66171875 0.0316622691292876 0.0296875
0 0.6996481970096746 0.640625 0.03430079155672823 0.03125
0 0.6983289357959542 0.61015625 0.0316622691292876 0.0296875
0 0.6068601583113457 0.57734375 0.0158311345646438 0.0421875
0 0.5853122251539138 0.55390625 0.016710642040457344 0.0453125
0 0.5914687774846086 0.378125 0.016710642040457344 0.04375
0 0.6160949868073878 0.35859375 0.013192612137203167 0.0359375
0 0.6288478452066842 0.2765625 0.014072119613016711 0.034375
0 0.6156552330694811 0.146875 0.012313104661389622 0.028125
0 0.6851363236587511 0.05703125 0.012313104661389622 0.0265625
0 0.45954265611257694 0.51015625 0.030782761653474055 0.0265625
0 0.33289357959542654 0.528125 0.029023746701846966 0.03125
0 0.3465259454705365 0.48125 0.02990325417766051 0.025
0 0.27352682497801234 0.409375 0.028144239226033423 0.03125
0 0.22251539138082674 0.3890625 0.02990325417766051 0.028125
0 0.18733509234828497 0.37578125 0.028144239226033423 0.0296875
0 0.21108179419525067 0.478125 0.03342128408091469 0.034375
0 0.1169744942832014 0.5171875 0.0316622691292876 0.028125
0 0.0822339489885664 0.43046875 0.029023746701846966 0.0296875
0 0.09190853122251538 0.340625 0.027264731750219876 0.028125
0 0.05980650835532102 0.3296875 0.028144239226033423 0.025
0 0.02990325417766051 0.31796875 0.026385224274406333 0.0265625
0 0.23350923482849603 0.128125 0.016710642040457344 0.03125
0 0.256816182937555 0.134375 0.0158311345646438 0.034375
0 0.4621811785400176 0.0703125 0.020228671943711522 0.01875
0 0.4736147757255937 0.046875 0.02198768689533861 0.01875
0 0.28715919085312225 0.02890625 0.013192612137203167 0.0296875
0 0.2757255936675462 0.02421875 0.013192612137203167 0.0265625
0 0.4067722075637643 0.03359375 0.013192612137203167 0.0265625
0 0.7449428320140721 0.9375 0.02990325417766051 0.059375