0 0.5026385224274407 0.53828125 0.02198768689533861 0.0671875
0 0.5250659630606861 0.521875 0.019349164467897976 0.075
0 0.5360598065083553 0.4015625 0.02198768689533861 0.075
0 0.5065963060686016 0.35625 0.022867194371152155 0.06875
0 0.49296394019349166 0.47890625 0.023746701846965697 0.0671875
0 0.6860158311345647 0.8984375 0.04221635883905013 0.040625
0 0.9340369393139841 0.88125 0.040457343887423045 0.04375
0 0.5602462620932278 0.7953125 0.040457343887423045 0.04375
0 0.40589270008795075 0.7609375 0.044854881266490766 0.040625
0 0.23790677220756376 0.778125 0.0395778364116095 0.03125
0 0.3016710642040457 0.8921875 0.04221635883905013 0.0375
0 0.13060686015831136 0.82578125 0.04309586631486367 0.0421875
0 0.1521547933157432 0.69765625 0.04397537379067722 0.0359375
0 0.09498680738786279 0.5765625 0.04397537379067722 0.034375
0 0.18425681618293754 0.115625 0.030782761653474055 0.059375
0 0.23966578715919085 0.03515625 0.04133685136323659 0.0609375
0 0.20008795074758134 0.0890625 0.029023746701846966 0.05
0 0.06640281442392261 0.18828125 0.023746701846965697 0.0484375
0 0.14160070360598065 0.15234375 0.024626209322779244 0.0515625
0 0.01978891820580475 0.859375 0.03781882145998241 0.0375