0 0.8518029903254177 0.828125 0.0395778364116095 0.0375
0 0.7554969217238346 0.89453125 0.04221635883905013 0.0390625
0 0.12357080035180298 0.80703125 0.04309586631486367 0.0515625
0 0.28452066842568163 0.86171875 0.04661389621811785 0.0421875
0 0.32629727352682497 0.77890625 0.03869832893579595 0.0390625
0 0.306948109058927 0.7125 0.04397537379067722 0.0375
0 0.4700967458223395 0.73359375 0.04133685136323659 0.0421875
0 0.044415127528583995 0.64765625 0.04309586631486367 0.0390625
0 0.08091468777484609 0.54609375 0.04397537379067722 0.0390625
0 0.490325417766051 0.5109375 0.02198768689533861 0.06875
0 0.5118733509234829 0.49921875 0.021108179419525065 0.0765625
0 0.48021108179419525 0.45234375 0.022867194371152155 0.0671875
0 0.5228671943711521 0.37265625 0.020228671943711522 0.0734375
0 0.49340369393139843 0.328125 0.021108179419525065 0.071875
0 0.17018469656992086 0.0859375 0.030782761653474055 0.0625
0 0.052770448548812667 0.1609375 0.021108179419525065 0.05
0 0.12752858399296393 0.12578125 0.019349164467897976 0.0515625
0 0.18249780123131046 0.059375 0.023746701846965697 0.046875
0 0.227792436235708 0.02109375 0.03518029903254178 0.0390625
0 0.012752858399296392 0.8359375 0.023746701846965697 0.0375