0 0.752858399296394 0.83828125 0.040457343887423045 0.0421875
0 0.5589270008795075 0.840625 0.04133685136323659 0.0375
0 0.6134564643799473 0.79140625 0.04309586631486367 0.0421875
0 0.3768689533861038 0.73359375 0.04133685136323659 0.0359375
0 0.06068601583113457 0.85 0.04573438874230431 0.0375
0 0.14028144239226034 0.7984375 0.04133685136323659 0.0375
0 0.08091468777484609 0.715625 0.040457343887423045 0.034375
0 0.13852242744063326 0.565625 0.04309586631486367 0.0375
0 0.34080914687774844 0.8796875 0.044854881266490766 0.040625
0 0.5422163588390503 0.528125 0.02198768689533861 0.0625
0 0.5664028144239226 0.5140625 0.019349164467897976 0.075
0 0.5334212840809148 0.46796875 0.020228671943711522 0.0703125
0 0.5769569041336852 0.38828125 0.021108179419525065 0.0703125
0 0.5466138962181178 0.34375 0.02198768689533861 0.071875
0 0.22691292875989447 0.10625 0.03342128408091469 0.059375
0 0.27924362357080035 0.02578125 0.044854881266490766 0.0484375
0 0.2423043095866315 0.08203125 0.025505716798592787 0.0578125
0 0.1851363236587511 0.146875 0.023746701846965697 0.05625
0 0.11081794195250659 0.18203125 0.022867194371152155 0.0515625
0 0.014072119613016711 0.01640625 0.021108179419525065 0.0296875
0 0.014951627088830254 0.1875 0.019349164467897976 0.05625