0 0.48548812664907653 0.91953125 0.019349164467897976 0.0796875
0 0.49912049252418644 0.78828125 0.02198768689533861 0.0734375
0 0.5219876868953386 0.87578125 0.020228671943711522 0.0734375
0 0.9410729991204925 0.63671875 0.03869832893579595 0.0421875
0 0.7286719437115216 0.59609375 0.03781882145998241 0.0328125
0 0.7295514511873351 0.55 0.03781882145998241 0.0375
0 0.6631486367634125 0.5734375 0.040457343887423045 0.0375
0 0.662269129287599 0.53125 0.03518029903254178 0.03125
0 0.048372911169744945 0.2890625 0.036939313984168866 0.034375
0 0.12093227792436236 0.3109375 0.0395778364116095 0.0375
0 0.5180299032541776 0.3234375 0.01759014951627089 0.06875
0 0.5004397537379067 0.29765625 0.021108179419525065 0.0578125
0 0.49076517150395776 0.246875 0.019349164467897976 0.059375
0 0.5290237467018469 0.19765625 0.018469656992084433 0.0609375
0 0.5035180299032542 0.1484375 0.020228671943711522 0.0625
0 0.2990325417766051 0.60546875 0.047493403693931395 0.0359375
0 0.010114335971855761 0.278125 0.018469656992084433 0.034375