0 0.19261213720316622 0.96875 0.019349164467897976 0.0625
0 0.25813544415127526 0.83984375 0.016710642040457344 0.0734375
0 0.29111697449428325 0.87578125 0.019349164467897976 0.0765625
0 0.22823218997361477 0.76796875 0.016710642040457344 0.0734375
0 0.2594547053649956 0.709375 0.0158311345646438 0.071875
0 0.2805628847845207 0.68984375 0.0158311345646438 0.0703125
0 0.2959542656112577 0.74609375 0.018469656992084433 0.0671875
0 0.25021987686895336 0.571875 0.030782761653474055 0.075
0 0.6745822339489885 0.54453125 0.04221635883905013 0.0265625
0 0.752858399296394 0.546875 0.03869832893579595 0.021875
0 0.8038698328935795 0.54765625 0.040457343887423045 0.0328125
0 0.5101143359718557 0.4 0.03869832893579595 0.028125
0 0.9551451187335093 0.54453125 0.040457343887423045 0.0234375
0 0.895778364116095 0.43984375 0.04133685136323659 0.0328125
0 0.8680738786279684 0.27890625 0.040457343887423045 0.0296875
0 0.8227792436235708 0.27890625 0.04133685136323659 0.0296875
0 0.7242744063324539 0.2515625 0.04309586631486367 0.034375
0 0.449868073878628 0.29375 0.04133685136323659 0.034375
0 0.24010554089709762 0.13046875 0.01759014951627089 0.0703125
0 0.24538258575197888 0.03046875 0.019349164467897976 0.0578125
0 0.21152154793315744 0.10078125 0.018469656992084433 0.0703125
0 0.8755496921723834 0.89921875 0.018469656992084433 0.0703125
0 0.8491644678979772 0.8890625 0.018469656992084433 0.078125
0 0.8258575197889182 0.9 0.0158311345646438 0.053125
0 0.7326297273526826 0.91953125 0.024626209322779244 0.0546875
0 0.6627088830255056 0.978125 0.025505716798592787 0.04375