0 0.8526824978012313 0.440625 0.020228671943711522 0.05
0 0.26561125769569044 0.890625 0.022867194371152155 0.075
0 0.2911169744942832 0.9234375 0.022867194371152155 0.078125
0 0.3073878627968337 0.81640625 0.020228671943711522 0.0703125
0 0.3179419525065963 0.72890625 0.018469656992084433 0.0609375
0 0.33421284080914687 0.63984375 0.019349164467897976 0.0609375
0 0.2770448548812665 0.67109375 0.021108179419525065 0.0609375
0 0.30914687774846084 0.48125 0.018469656992084433 0.053125
0 0.31926121372031663 0.428125 0.0158311345646438 0.05
0 0.357080035180299 0.20390625 0.012313104661389622 0.0390625
0 0.3641160949868074 0.1703125 0.014072119613016711 0.04375
0 0.38214599824098505 0.07421875 0.011433597185576077 0.0328125