0 0.5167106420404574 0.94921875 0.020228671943711522 0.0671875
0 0.4766930518909411 0.78359375 0.021108179419525065 0.0703125
0 0.5030782761653474 0.7953125 0.01759014951627089 0.059375
0 0.548372911169745 0.7296875 0.023746701846965697 0.053125
0 0.5175901495162709 0.66875 0.018469656992084433 0.059375
0 0.8715919085312225 0.62265625 0.036939313984168866 0.0421875
0 0.7708883025505717 0.5875 0.03430079155672823 0.03125
0 0.7150395778364117 0.57109375 0.036939313984168866 0.0359375
0 0.7071240105540897 0.60625 0.03518029903254178 0.03125
0 0.6552330694810906 0.58984375 0.03518029903254178 0.0359375
0 0.6539138082673702 0.55390625 0.03430079155672823 0.0328125
0 0.49560246262093227 0.4578125 0.016710642040457344 0.05
0 0.5430958663148637 0.428125 0.016710642040457344 0.05
0 0.48856640281442393 0.39453125 0.02198768689533861 0.0484375
0 0.5246262093227793 0.36640625 0.016710642040457344 0.0484375
0 0.5074758135444152 0.29375 0.0158311345646438 0.053125
0 0.32409850483729113 0.0625 0.025505716798592787 0.028125
0 0.013632365875109938 0.53671875 0.025505716798592787 0.0390625
0 0.06772207563764292 0.4609375 0.03342128408091469 0.03125
0 0.07783641160949868 0.35390625 0.03605980650835532 0.0296875
0 0.12093227792436236 0.36484375 0.03430079155672823 0.0296875
0 0.1802990325417766 0.38046875 0.03342128408091469 0.0359375
0 0.113896218117854 0.034375 0.020228671943711522 0.04375
0 0.14335971855760773 0.04296875 0.019349164467897976 0.0390625
0 0.7137203166226913 0.925 0.02198768689533861 0.04375