0 0.5057167985927881 0.87109375 0.022867194371152155 0.0703125
0 0.5175901495162709 0.803125 0.020228671943711522 0.05625
0 0.46174142480211083 0.62734375 0.024626209322779244 0.0703125
0 0.4252418645558487 0.64921875 0.02198768689533861 0.0640625
0 0.5809146877748462 0.4234375 0.020228671943711522 0.065625
0 0.594547053649956 0.34609375 0.021108179419525065 0.0640625
0 0.5461741424802111 0.1265625 0.022867194371152155 0.06875
0 0.6354441512752859 0.1046875 0.02198768689533861 0.065625
0 0.35224274406332456 0.9078125 0.025505716798592787 0.071875
0 0.4837291116974494 0.97109375 0.024626209322779244 0.0578125
0 0.3302550571679859 0.9796875 0.016710642040457344 0.040625
0 0.306948109058927 0.9671875 0.028144239226033423 0.065625
0 0.10554089709762533 0.1609375 0.03342128408091469 0.05
0 0.11917326297273527 0.18203125 0.029023746701846966 0.0453125