0 0.5131926121372031 0.93203125 0.020228671943711522 0.0765625
0 0.5510114335971856 0.865625 0.02198768689533861 0.075
0 0.5241864555848724 0.8265625 0.019349164467897976 0.071875
0 0.6974494283201407 0.51875 0.03869832893579595 0.034375
0 0.7396657871591908 0.57421875 0.04221635883905013 0.0390625
0 0.5285839929639402 0.2625 0.021108179419525065 0.0625
0 0.5523306948109059 0.2484375 0.021108179419525065 0.075
0 0.5197889182058048 0.2015625 0.021108179419525065 0.06875
0 0.5628847845206685 0.12265625 0.021108179419525065 0.0703125
0 0.5329815303430079 0.0796875 0.022867194371152155 0.071875
0 0.12357080035180298 0.2875 0.04133685136323659 0.0375
0 0.04573438874230431 0.26171875 0.04221635883905013 0.0359375
0 0.016710642040457344 0.325 0.0316622691292876 0.040625
0 0.03913808267370272 0.56640625 0.03605980650835532 0.0421875
0 0.3289357959542656 0.60625 0.040457343887423045 0.034375
0 0.12049252418645559 0.71484375 0.04221635883905013 0.0609375
0 0.9872471416007036 0.7125 0.025505716798592787 0.0375