0 0.5325417766051012 0.91015625 0.02198768689533861 0.0671875
0 0.49296394019349166 0.8125 0.020228671943711522 0.05625
0 0.534740545294635 0.69296875 0.019349164467897976 0.0578125
0 0.5747581354441513 0.5828125 0.016710642040457344 0.046875
0 0.5989445910290238 0.59609375 0.0158311345646438 0.0453125
0 0.6987686895338611 0.60078125 0.03430079155672823 0.0328125
0 0.7467018469656992 0.62265625 0.03342128408091469 0.0296875
0 0.6987686895338611 0.5703125 0.030782761653474055 0.03125
0 0.7541776605101144 0.590625 0.032541776605101144 0.03125
0 0.8065083553210203 0.61484375 0.03518029903254178 0.0359375
0 0.8531222515391381 0.6328125 0.036939313984168866 0.0375
0 0.6081794195250659 0.36796875 0.013192612137203167 0.0390625
0 0.6200527704485488 0.284375 0.014072119613016711 0.040625
0 0.6024626209322779 0.26171875 0.014072119613016711 0.0421875
0 0.6244503078276166 0.06640625 0.014072119613016711 0.0328125
0 0.6732629727352683 0.0546875 0.013192612137203167 0.03125
0 0.49120492524186454 0.46484375 0.029023746701846966 0.0296875
0 0.3856640281442392 0.4515625 0.029023746701846966 0.025
0 0.31178540017590145 0.47734375 0.029023746701846966 0.0296875
0 0.27352682497801234 0.3640625 0.0316622691292876 0.03125
0 0.22207563764291996 0.346875 0.029023746701846966 0.028125
0 0.18601583113456466 0.33046875 0.029023746701846966 0.0296875
0 0.0901495162708883 0.29609375 0.027264731750219876 0.0296875
0 0.0584872471416007 0.28125 0.027264731750219876 0.025
0 0.027264731750219876 0.27265625 0.028144239226033423 0.0234375
0 0.047053649956024624 0.3734375 0.030782761653474055 0.028125
0 0.1882145998240985 0.4265625 0.03342128408091469 0.034375
0 0.11609498680738786 0.47578125 0.03342128408091469 0.0328125
0 0.23131046613896217 0.07578125 0.0158311345646438 0.0359375
0 0.2546174142480211 0.084375 0.016710642040457344 0.034375
0 0.46262093227792433 0.0203125 0.021108179419525065 0.021875
0 0.24142480211081793 0.034375 0.016710642040457344 0.03125
0 0.2748460861917326 0.0421875 0.016710642040457344 0.028125
0 0.42040457343887416 0.10078125 0.01759014951627089 0.0296875
0 0.7445030782761654 0.90234375 0.027264731750219876 0.0484375