0 0.4920844327176781 0.9625 0.018469656992084433 0.065625
0 0.5043975373790677 0.82109375 0.020228671943711522 0.0703125
0 0.49604221635883905 0.61484375 0.022867194371152155 0.0640625
0 0.5263852242744064 0.6015625 0.020228671943711522 0.0625
0 0.9393139841688655 0.6953125 0.03869832893579595 0.040625
0 0.7937554969217239 0.6234375 0.03781882145998241 0.0375
0 0.714599824098505 0.64140625 0.03605980650835532 0.0296875
0 0.7225153913808269 0.60078125 0.03605980650835532 0.0390625
0 0.6605101143359717 0.621875 0.036939313984168866 0.034375
0 0.6591908531222515 0.58359375 0.03430079155672823 0.0328125
0 0.1600703605980651 0.390625 0.03518029903254178 0.034375
0 0.09498680738786279 0.371875 0.03518029903254178 0.03125
0 0.0505716798592788 0.36015625 0.03430079155672823 0.0328125
0 0.5008795074758136 0.42109375 0.016710642040457344 0.0515625
0 0.4951627088830255 0.3546875 0.01759014951627089 0.053125
0 0.5285839929639402 0.32109375 0.019349164467897976 0.0546875
0 0.5070360598065083 0.2734375 0.018469656992084433 0.053125
0 0.30826737027264733 0.02734375 0.025505716798592787 0.0328125