0 0.4155672823218997 0.7453125 0.027264731750219876 0.059375
0 0.3988566402814424 0.68046875 0.032541776605101144 0.0703125
0 0.37467018469656993 0.5765625 0.02990325417766051 0.071875
0 0.3500439753737907 0.49140625 0.026385224274406333 0.0578125
0 0.49560246262093227 0.46875 0.027264731750219876 0.06875
0 0.503957783641161 0.3734375 0.024626209322779244 0.065625
0 0.47977132805628847 0.38046875 0.023746701846965697 0.0609375
0 0.46130167106420406 0.3109375 0.025505716798592787 0.059375
0 0.5162708883025505 0.27265625 0.03518029903254178 0.0390625
0 0.5241864555848724 0.23984375 0.0316622691292876 0.0421875
0 0.5268249780123131 0.2078125 0.036939313984168866 0.0375
0 0.5312225153913809 0.16875 0.036939313984168866 0.0375
0 0.3891820580474934 0.06640625 0.027264731750219876 0.0703125
0 0.27352682497801234 0.20703125 0.026385224274406333 0.0703125
0 0.25241864555848725 0.13125 0.026385224274406333 0.065625
0 0.23482849604221637 0.053125 0.028144239226033423 0.06875
0 0.9744942832014072 0.715625 0.0158311345646438 0.071875