0 0.7167985927880387 0.7 0.03869832893579595 0.040625
0 0.890061565523307 0.79921875 0.04221635883905013 0.0390625
0 0.11829375549692173 0.75078125 0.030782761653474055 0.0734375
0 0.2678100263852243 0.771875 0.04661389621811785 0.04375
0 0.11169744942832015 0.57109375 0.04397537379067722 0.0390625
0 0.2963940193491645 0.5859375 0.04397537379067722 0.0375
0 0.519349164467898 0.74140625 0.0395778364116095 0.0390625
0 0.06596306068601583 0.45234375 0.04397537379067722 0.0390625
0 0.4736147757255937 0.425 0.02198768689533861 0.06875
0 0.4969217238346526 0.40703125 0.021108179419525065 0.0765625
0 0.46437994722955145 0.36171875 0.022867194371152155 0.0671875
0 0.5070360598065083 0.28359375 0.020228671943711522 0.0734375
0 0.4766930518909411 0.240625 0.021108179419525065 0.071875
0 0.9036939313984169 0.85859375 0.0395778364116095 0.0421875
0 0.034740545294635 0.06328125 0.023746701846965697 0.0578125
0 0.11213720316622691 0.03046875 0.02198768689533861 0.0515625