0 0.5268249780123131 0.80703125 0.0316622691292876 0.0453125
0 0.49296394019349166 0.76875 0.03605980650835532 0.053125
0 0.4388742304309587 0.70703125 0.03869832893579595 0.0546875
0 0.3913808267370273 0.66171875 0.03342128408091469 0.0453125
0 0.5030782761653474 0.49453125 0.036939313984168866 0.0515625
0 0.4621811785400176 0.43828125 0.03430079155672823 0.0484375
0 0.4815303430079156 0.41015625 0.03605980650835532 0.0515625
0 0.42700087950747584 0.403125 0.032541776605101144 0.04375
0 0.46130167106420406 0.3125 0.0395778364116095 0.046875
0 0.45602462620932277 0.278125 0.032541776605101144 0.0375
0 0.4489885664028144 0.24765625 0.03781882145998241 0.0421875
0 0.4415127528583993 0.2140625 0.03342128408091469 0.040625
0 0.28496042216358847 0.44296875 0.03869832893579595 0.0515625
0 0.23746701846965698 0.50703125 0.036939313984168866 0.0546875
0 0.19569041336851364 0.4640625 0.03605980650835532 0.053125
0 0.15567282321899736 0.41953125 0.040457343887423045 0.0546875
0 0.09366754617414248 0.3578125 0.0395778364116095 0.046875
0 0.05672823218997362 0.3203125 0.03781882145998241 0.053125