0 0.2700087950747581 0.9046875 0.019349164467897976 0.065625
0 0.22515391380826738 0.8515625 0.01759014951627089 0.06875
0 0.2845206684256817 0.80859375 0.02198768689533861 0.0703125
0 0.25285839929639403 0.64765625 0.016710642040457344 0.0578125
0 0.2594547053649956 0.5921875 0.0158311345646438 0.05625
0 0.28715919085312225 0.3625 0.014951627088830254 0.040625
0 0.2937554969217238 0.32734375 0.014072119613016711 0.0421875
0 0.30782761653474056 0.23203125 0.010554089709762533 0.0328125
0 0.3245382585751979 0.10703125 0.010554089709762533 0.0328125
0 0.32717678100263853 0.07734375 0.008795074758135445 0.0265625
0 0.3333333333333333 0.04765625 0.010554089709762533 0.0328125
0 0.40633245382585753 0.08984375 0.010554089709762533 0.0296875
0 0.4094107299912049 0.06171875 0.009674582233948988 0.0265625
0 0.7867194371152155 0.525 0.018469656992084433 0.05
0 0.9547053649956024 0.08359375 0.016710642040457344 0.0390625