0 0.5224274406332454 0.88828125 0.021108179419525065 0.0796875
0 0.5351802990325418 0.77734375 0.02198768689533861 0.0703125
0 0.5606860158311345 0.821875 0.023746701846965697 0.071875
0 0.7110817941952506 0.5234375 0.04133685136323659 0.040625
0 0.7049252418645559 0.47734375 0.03781882145998241 0.0359375
0 0.3364116094986807 0.56015625 0.04661389621811785 0.0421875
0 0.059366754617414245 0.76796875 0.0395778364116095 0.0578125
0 0.13544415127528583 0.24453125 0.04221635883905013 0.0390625
0 0.056288478452066845 0.221875 0.04397537379067722 0.034375
0 0.538698328935796 0.22109375 0.020228671943711522 0.0671875
0 0.5615655233069481 0.20859375 0.020228671943711522 0.0765625
0 0.5281442392260334 0.1609375 0.020228671943711522 0.06875
0 0.5716798592788038 0.08125 0.024626209322779244 0.071875
0 0.5435356200527705 0.03828125 0.022867194371152155 0.0671875
0 0.051451187335092345 0.51953125 0.04133685136323659 0.0359375
0 0.5149516270888302 0.9796875 0.018469656992084433 0.040625