0 0.44942832014072126 0.728125 0.021108179419525065 0.059375
0 0.49912049252418644 0.60625 0.020228671943711522 0.0625
0 0.5672823218997362 0.68828125 0.019349164467897976 0.0578125
0 0.5668425681618294 0.3578125 0.02198768689533861 0.053125
0 0.8148636763412489 0.390625 0.03430079155672823 0.0375
0 0.855321020228672 0.3140625 0.03430079155672823 0.034375
0 0.8095866314863677 0.29609375 0.032541776605101144 0.0328125
0 0.7568161829375549 0.27265625 0.032541776605101144 0.0328125
0 0.748900615655233 0.3046875 0.030782761653474055 0.03125
0 0.7005277044854882 0.28203125 0.03430079155672823 0.0328125
0 0.7000879507475813 0.2515625 0.0316622691292876 0.028125
0 0.5686015831134564 0.17578125 0.018469656992084433 0.0546875
0 0.6266490765171504 0.1 0.014951627088830254 0.040625
0 0.6099384344766929 0.059375 0.014951627088830254 0.040625
0 0.3676341248900616 0.184375 0.02990325417766051 0.03125
0 0.3751099384344767 0.12578125 0.030782761653474055 0.0265625
0 0.24274406332453827 0.13125 0.03342128408091469 0.03125
0 0.24758135444151275 0.08828125 0.030782761653474055 0.0265625
0 0.262532981530343 0.04140625 0.030782761653474055 0.0328125
0 0.12752858399296393 0.090625 0.03342128408091469 0.03125
0 0.10554089709762533 0.15703125 0.03518029903254178 0.0359375
0 0.20844327176781002 0.021875 0.0316622691292876 0.03125
0 0.04001759014951627 0.0515625 0.03430079155672823 0.034375
0 0.5356200527704486 0.9328125 0.022867194371152155 0.06875
0 0.470976253298153 0.97578125 0.025505716798592787 0.0484375
0 0.7365875109938435 0.57109375 0.027264731750219876 0.0453125
0 0.044854881266490766 0.76484375 0.036939313984168866 0.0578125
0 0.055408970976253295 0.78515625 0.03869832893579595 0.0453125