0 0.15611257695690414 0.74140625 0.0395778364116095 0.0546875
0 0.18733509234828497 0.7109375 0.03869832893579595 0.05625
0 0.13676341248900617 0.65078125 0.04133685136323659 0.0546875
0 0.08575197889182058 0.6 0.03781882145998241 0.05
0 0.031222515391380826 0.646875 0.03781882145998241 0.046875
0 0.03737906772207564 0.53359375 0.04133685136323659 0.0546875
0 0.4076517150395778 0.64296875 0.025505716798592787 0.0734375
0 0.37423043095866315 0.475 0.030782761653474055 0.071875
0 0.6116974494283202 0.2671875 0.030782761653474055 0.065625
0 0.5008795074758136 0.0359375 0.032541776605101144 0.06875
0 0.6556728232189972 0.1484375 0.027264731750219876 0.06875
0 0.6824978012313104 0.06796875 0.02990325417766051 0.0671875
0 0.8188214599824098 0.59140625 0.036939313984168866 0.0421875
0 0.8443271767810027 0.7125 0.040457343887423045 0.059375
0 0.8619173262972736 0.753125 0.03518029903254178 0.053125
0 0.961301671064204 0.29140625 0.04221635883905013 0.0546875
0 0.9819700967458224 0.2265625 0.03605980650835532 0.05625
0 0.5118733509234829 0.94375 0.03518029903254178 0.059375
0 0.47537379067722074 0.9359375 0.032541776605101144 0.0625
0 0.47493403693931396 0.97734375 0.040457343887423045 0.0453125
0 0.8271767810026385 0.62890625 0.030782761653474055 0.0359375
0 0.8245382585751979 0.3734375 0.030782761653474055 0.0375
0 0.9797713280562885 0.45625 0.036939313984168866 0.046875
0 0.978891820580475 0.928125 0.0316622691292876 0.059375
0 0.8654353562005278 0.18203125 0.03869832893579595 0.0546875
0 0.8913808267370273 0.1484375 0.027264731750219876 0.040625
0 0.8623570800351803 0.221875 0.027264731750219876 0.0375