0 0.48021108179419525 0.95390625 0.019349164467897976 0.0703125
0 0.4969217238346526 0.8421875 0.01759014951627089 0.06875
0 0.5057167985927881 0.725 0.022867194371152155 0.075
0 0.5167106420404574 0.63046875 0.020228671943711522 0.0703125
0 0.5430958663148637 0.6734375 0.020228671943711522 0.06875
0 0.5153913808267371 0.8796875 0.019349164467897976 0.06875
0 0.5457343887423043 0.9234375 0.020228671943711522 0.06875
0 0.6864555848724714 0.3765625 0.04133685136323659 0.0375
0 0.6882145998240985 0.3328125 0.03781882145998241 0.0375
0 0.9204045734388743 0.4328125 0.04309586631486367 0.040625
0 0.12049252418645559 0.1015625 0.040457343887423045 0.040625
0 0.0426561125769569 0.07734375 0.04133685136323659 0.0421875
0 0.5430958663148637 0.075 0.020228671943711522 0.075
0 0.521108179419525 0.07890625 0.020228671943711522 0.0671875
0 0.5118733509234829 0.028125 0.021108179419525065 0.053125