0 0.0395778364116095 0.440625 0.04397537379067722 0.046875
0 0.19569041336851364 0.45546875 0.04133685136323659 0.0421875
0 0.12357080035180298 0.53828125 0.04309586631486367 0.0421875
0 0.16534740545294635 0.5578125 0.04221635883905013 0.046875
0 0.2537379067722076 0.63828125 0.044854881266490766 0.0515625
0 0.22823218997361477 0.3140625 0.04309586631486367 0.040625
0 0.2783641160949868 0.34296875 0.0395778364116095 0.0421875
0 0.3526824978012313 0.38828125 0.04221635883905013 0.0421875
0 0.08663148636763413 0.23671875 0.04133685136323659 0.0421875
0 0.036499560246262094 0.20234375 0.044854881266490766 0.0421875
0 0.5219876868953386 0.7515625 0.04661389621811785 0.053125
0 0.7968337730870713 0.515625 0.03342128408091469 0.065625
0 0.7744063324538258 0.46171875 0.023746701846965697 0.0734375
0 0.7506596306068601 0.4703125 0.023746701846965697 0.0625
0 0.7458223394898856 0.40703125 0.026385224274406333 0.0703125
0 0.7981530343007914 0.340625 0.029023746701846966 0.06875
0 0.7735268249780123 0.2890625 0.025505716798592787 0.075
0 0.9212840809146877 0.05546875 0.027264731750219876 0.0703125