0 0.4788918205804749 0.18359375 0.018469656992084433 0.0734375
0 0.5079155672823219 0.2265625 0.018469656992084433 0.06875
0 0.4635004397537379 0.30625 0.021108179419525065 0.071875
0 0.47405452946350046 0.365625 0.019349164467897976 0.0625
0 0.49648197009674583 0.35078125 0.020228671943711522 0.0765625
0 0.9819700967458224 0.83359375 0.03605980650835532 0.0390625
0 0.8249780123131046 0.71875 0.040457343887423045 0.040625
0 0.6789797713280563 0.6328125 0.03869832893579595 0.034375
0 0.6222515391380826 0.715625 0.03605980650835532 0.034375
0 0.46745822339489884 0.9328125 0.023746701846965697 0.071875
0 0.49604221635883905 0.96875 0.021108179419525065 0.0625
0 0.11829375549692173 0.71953125 0.018469656992084433 0.0703125
0 0.2691292875989446 0.7109375 0.04573438874230431 0.040625
0 0.21152154793315744 0.5015625 0.04133685136323659 0.040625
0 0.06552330694810905 0.39609375 0.044854881266490766 0.0359375
0 0.022427440633245383 0.48984375 0.04309586631486367 0.0421875