0 0.828056288478452 0.4390625 0.030782761653474055 0.071875
0 0.7977132805628847 0.35 0.028144239226033423 0.075
0 0.7752858399296394 0.4703125 0.023746701846965697 0.078125
0 0.7506596306068601 0.4796875 0.025505716798592787 0.059375
0 0.747141600703606 0.41875 0.025505716798592787 0.06875
0 0.7730870712401056 0.30078125 0.024626209322779244 0.0703125
0 0.5206684256816183 0.76328125 0.04397537379067722 0.0515625
0 0.25285839929639403 0.646875 0.044854881266490766 0.04375
0 0.2717678100263852 0.5078125 0.04397537379067722 0.04375
0 0.1662269129287599 0.5671875 0.04221635883905013 0.046875
0 0.12225153913808268 0.5453125 0.040457343887423045 0.0375
0 0.09674582233948989 0.48359375 0.04573438874230431 0.0453125
0 0.35224274406332456 0.39609375 0.04133685136323659 0.0421875
0 0.27924362357080035 0.3484375 0.0395778364116095 0.040625
0 0.22955145118733508 0.32109375 0.04221635883905013 0.0421875
0 0.0870712401055409 0.24296875 0.04397537379067722 0.0421875
0 0.03825857519788918 0.209375 0.0395778364116095 0.04375
0 0.3654353562005277 0.015625 0.016710642040457344 0.028125