0 0.2994722955145119 0.86015625 0.02198768689533861 0.0703125
0 0.33773087071240104 0.88125 0.028144239226033423 0.075
0 0.351363236587511 0.84375 0.023746701846965697 0.0625
0 0.3808267370272647 0.88515625 0.024626209322779244 0.0734375
0 0.4291996481970097 0.4625 0.03869832893579595 0.053125
0 0.40589270008795075 0.3515625 0.0395778364116095 0.046875
0 0.6688654353562006 0.4140625 0.04133685136323659 0.05
0 0.741424802110818 0.359375 0.03869832893579595 0.046875
0 0.7893579595426561 0.31484375 0.0395778364116095 0.0421875
0 0.9212840809146877 0.2125 0.03430079155672823 0.040625
0 0.6508355321020228 0.11328125 0.04221635883905013 0.0484375
0 0.7449428320140721 0.06796875 0.04221635883905013 0.0484375
0 0.7867194371152155 0.03671875 0.0395778364116095 0.0453125
0 0.9313984168865436 0.09296875 0.04221635883905013 0.0484375
0 0.9722955145118733 0.178125 0.0395778364116095 0.046875
0 0.9080914687774846 0.58671875 0.030782761653474055 0.0703125
0 0.9551451187335093 0.759375 0.02990325417766051 0.06875
0 0.9793315743183817 0.8609375 0.03430079155672823 0.071875
0 0.7445030782761654 0.8765625 0.04133685136323659 0.040625
0 0.1772207563764292 0.3625 0.029023746701846966 0.071875
0 0.14335971855760773 0.3578125 0.028144239226033423 0.071875
0 0.15391380826737028 0.25625 0.0316622691292876 0.075
0 0.1297273526824978 0.1640625 0.029023746701846966 0.06875
0 0.11521547933157432 0.0546875 0.02990325417766051 0.075
0 0.06992084432717678 0.1453125 0.025505716798592787 0.071875
0 0.8131046613896218 0.6984375 0.029023746701846966 0.04375
0 0.7401055408970977 0.91484375 0.03430079155672823 0.0328125
0 0.7335092348284961 0.99140625 0.04397537379067722 0.0171875
0 0.9256816182937555 0.91328125 0.027264731750219876 0.0609375
0 0.9366754617414248 0.57734375 0.01759014951627089 0.0484375
0 0.9894459102902374 0.725 0.021108179419525065 0.06875
0 0.8935795954265612 0.6140625 0.021108179419525065 0.046875
0 0.36763412489006164 0.97890625 0.022867194371152155 0.0421875
0 0.40589270008795075 0.98515625 0.023746701846965697 0.0296875