0 0.4890061565523307 0.91953125 0.019349164467897976 0.0796875
0 0.5043975373790677 0.76640625 0.02198768689533861 0.0734375
0 0.5263852242744064 0.88359375 0.020228671943711522 0.0734375
0 0.890061565523307 0.63046875 0.03869832893579595 0.0421875
0 0.7251539138082673 0.61484375 0.03781882145998241 0.0328125
0 0.7295514511873351 0.5671875 0.03781882145998241 0.0375
0 0.6640281442392261 0.59375 0.040457343887423045 0.0375
0 0.6640281442392261 0.55 0.03518029903254178 0.03125
0 0.06068601583113457 0.31875 0.036939313984168866 0.034375
0 0.13060686015831136 0.3359375 0.0395778364116095 0.0375
0 0.5153913808267371 0.3828125 0.01759014951627089 0.06875
0 0.5013192612137203 0.3265625 0.019349164467897976 0.05625
0 0.49340369393139843 0.278125 0.019349164467897976 0.059375
0 0.530782761653474 0.23046875 0.018469656992084433 0.0609375
0 0.5043975373790677 0.190625 0.020228671943711522 0.0625
0 0.3034300791556728 0.62265625 0.047493403693931395 0.0359375
0 0.015391380826737027 0.30625 0.029023746701846966 0.04375