0 0.4973614775725594 0.8546875 0.018469656992084433 0.065625
0 0.5118733509234829 0.97578125 0.022867194371152155 0.0484375
0 0.5404573438874231 0.76171875 0.02198768689533861 0.0640625
0 0.5092348284960422 0.71953125 0.021108179419525065 0.0671875
0 0.4859278803869833 0.66875 0.020228671943711522 0.06875
0 0.9010554089709762 0.6296875 0.03781882145998241 0.04375
0 0.7788038698328935 0.58046875 0.03781882145998241 0.0359375
0 0.7110817941952506 0.59921875 0.03605980650835532 0.0296875
0 0.7189973614775725 0.56015625 0.03605980650835532 0.0328125
0 0.6565523306948109 0.54296875 0.03605980650835532 0.0328125
0 0.6574318381706244 0.58046875 0.03781882145998241 0.0328125
0 0.5360598065083553 0.4890625 0.018469656992084433 0.05625
0 0.49648197009674583 0.41484375 0.018469656992084433 0.0484375
0 0.4916446789797713 0.353125 0.01759014951627089 0.05
0 0.5268249780123131 0.31953125 0.019349164467897976 0.0515625
0 0.5074758135444152 0.259375 0.0158311345646438 0.053125
0 0.026824978012313105 0.43984375 0.03605980650835532 0.0328125
0 0.0633245382585752 0.334375 0.03342128408091469 0.034375
0 0.10686015831134564 0.34453125 0.03430079155672823 0.0328125
0 0.1693051890941073 0.36015625 0.03605980650835532 0.0359375
0 0.3153034300791557 0.021875 0.027264731750219876 0.028125
0 0.716358839050132 0.92578125 0.018469656992084433 0.0484375