0 0.5030782761653474 0.9 0.021108179419525065 0.06875
0 0.559806508355321 0.8796875 0.018469656992084433 0.0625
0 0.5395778364116095 0.5890625 0.018469656992084433 0.053125
0 0.5686015831134564 0.5625 0.016710642040457344 0.04375
0 0.5017590149516271 0.5390625 0.016710642040457344 0.05
0 0.5364995602462621 0.4390625 0.01759014951627089 0.05
0 0.6613896218117854 0.5125 0.03518029903254178 0.025
0 0.6807387862796834 0.4578125 0.03518029903254178 0.03125
0 0.7295514511873351 0.47734375 0.030782761653474055 0.0296875
0 0.6802990325417766 0.42734375 0.029023746701846966 0.0265625
0 0.7365875109938435 0.44765625 0.03430079155672823 0.0296875
0 0.7893579595426561 0.46796875 0.032541776605101144 0.0328125
0 0.8342128408091469 0.48359375 0.03430079155672823 0.0328125
0 0.519349164467898 0.3015625 0.02198768689533861 0.040625
0 0.5747581354441513 0.3390625 0.013192612137203167 0.040625
0 0.5853122251539138 0.2546875 0.016710642040457344 0.046875
0 0.6310466138962181 0.0171875 0.013192612137203167 0.03125
0 0.436235708003518 0.33515625 0.02990325417766051 0.0203125
0 0.25241864555848725 0.334375 0.02990325417766051 0.034375
0 0.25065963060686014 0.23671875 0.02990325417766051 0.0296875
0 0.19656992084432717 0.21640625 0.032541776605101144 0.0296875
0 0.158311345646438 0.20546875 0.02990325417766051 0.0296875
0 0.11257695690413368 0.28359375 0.03518029903254178 0.0328125
0 0.09234828496042216 0.35234375 0.03518029903254178 0.0328125
0 0.05980650835532102 0.175 0.02990325417766051 0.025
0 0.024626209322779244 0.159375 0.02990325417766051 0.028125
0 0.7251539138082673 0.746875 0.027264731750219876 0.04375
0 0.0158311345646438 0.97578125 0.02990325417766051 0.0453125