0 0.5048372911169745 0.88515625 0.0158311345646438 0.0671875
0 0.45338610378188215 0.74296875 0.018469656992084433 0.0640625
0 0.4815303430079156 0.65859375 0.016710642040457344 0.0578125
0 0.4239226033421284 0.4546875 0.014072119613016711 0.05
0 0.4665787159190853 0.4546875 0.016710642040457344 0.046875
0 0.5299032541776606 0.51015625 0.029023746701846966 0.0390625
0 0.5813544415127528 0.396875 0.02990325417766051 0.021875
0 0.5848724714160071 0.42734375 0.0316622691292876 0.0234375
0 0.6306068601583114 0.4296875 0.0316622691292876 0.021875
0 0.6358839050131926 0.4 0.0316622691292876 0.025
0 0.6877748460861918 0.40390625 0.03342128408091469 0.0265625
0 0.7392260334212841 0.4078125 0.03430079155672823 0.028125
0 0.3830255057167986 0.35390625 0.029023746701846966 0.0359375
0 0.42436235708003517 0.259375 0.013192612137203167 0.046875
0 0.08751099384344767 0.4296875 0.03605980650835532 0.028125
0 0.12313104661389622 0.33046875 0.03342128408091469 0.0296875
0 0.06112576956904134 0.3265625 0.032541776605101144 0.028125
0 0.019349164467897976 0.32734375 0.03342128408091469 0.0265625
0 0.9362357080035181 0.3765625 0.03430079155672823 0.028125
0 0.03342128408091469 0.0296875 0.01759014951627089 0.0375
0 0.06112576956904134 0.03125 0.016710642040457344 0.0375
0 0.44635004397537387 0.3609375 0.014951627088830254 0.05
0 0.4687774846086192 0.365625 0.014072119613016711 0.05
0 0.6547933157431838 0.69765625 0.027264731750219876 0.0421875