0 0.6688654353562006 0.51015625 0.023746701846965697 0.0703125
0 0.6934916446789797 0.5015625 0.023746701846965697 0.078125
0 0.6640281442392261 0.4453125 0.026385224274406333 0.06875
0 0.7167985927880387 0.3796875 0.026385224274406333 0.06875
0 0.6921723834652594 0.3296875 0.026385224274406333 0.071875
0 0.8131046613896218 0.16015625 0.025505716798592787 0.0734375
0 0.7286719437115216 0.80546875 0.04133685136323659 0.0453125
0 0.9379947229551451 0.93203125 0.04661389621811785 0.0515625
0 0.43799472295514513 0.79296875 0.04397537379067722 0.0515625
0 0.4212840809146878 0.6734375 0.04221635883905013 0.046875
0 0.16974494283201408 0.67578125 0.04397537379067722 0.0484375
0 0.0822339489885664 0.596875 0.04309586631486367 0.046875
0 0.14995602462620933 0.59375 0.04309586631486367 0.046875
0 0.2717678100263852 0.4265625 0.04221635883905013 0.04375
0 0.19788918205804748 0.37734375 0.036939313984168866 0.0390625
0 0.1468777484608619 0.35078125 0.040457343887423045 0.0390625
0 0.0395778364116095 0.575 0.040457343887423045 0.046875
0 0.357080035180299 0.02578125 0.021108179419525065 0.0484375
0 0.281882145998241 0.03671875 0.016710642040457344 0.0484375
0 0.4076517150395778 0.0171875 0.023746701846965697 0.03125
0 0.013192612137203167 0.2734375 0.024626209322779244 0.0375