0 0.4925241864555849 0.9125 0.021108179419525065 0.078125
0 0.5219876868953386 0.965625 0.025505716798592787 0.06875
0 0.662269129287599 0.615625 0.036939313984168866 0.034375
0 0.6622691292875988 0.6578125 0.040457343887423045 0.0375
0 0.7357080035180299 0.63515625 0.0395778364116095 0.0421875
0 0.7704485488126649 0.6921875 0.03869832893579595 0.0375
0 0.29331574318381703 0.69375 0.048372911169744945 0.0375
0 0.11301671064204045 0.3921875 0.0395778364116095 0.0375
0 0.040457343887423045 0.3703125 0.040457343887423045 0.034375
0 0.5167106420404574 0.39140625 0.018469656992084433 0.0671875
0 0.4973614775725594 0.37578125 0.018469656992084433 0.0578125
0 0.48856640281442393 0.3234375 0.018469656992084433 0.059375
0 0.5268249780123131 0.2734375 0.021108179419525065 0.065625
0 0.5021987686895338 0.21484375 0.01759014951627089 0.0640625