0 0.23482849604221637 0.93984375 0.021108179419525065 0.0765625
0 0.2620932277924362 0.96484375 0.021108179419525065 0.0703125
0 0.2726473175021988 0.8578125 0.019349164467897976 0.06875
0 0.2770448548812665 0.76640625 0.01759014951627089 0.0609375
0 0.2911169744942832 0.67421875 0.01759014951627089 0.0609375
0 0.23350923482849603 0.71640625 0.018469656992084433 0.0640625
0 0.2563764291996482 0.5203125 0.016710642040457344 0.053125
0 0.26297273526824977 0.4640625 0.0158311345646438 0.05
0 0.28671943711521547 0.23515625 0.012313104661389622 0.0390625
0 0.29331574318381703 0.19765625 0.013192612137203167 0.0390625
0 0.30474934036939316 0.1015625 0.013192612137203167 0.03125
0 0.7893579595426561 0.39375 0.018469656992084433 0.046875