0 0.20668425681618294 0.66484375 0.04221635883905013 0.0453125
0 0.11917326297273527 0.58515625 0.04309586631486367 0.0484375
0 0.1455584872471416 0.559375 0.0395778364116095 0.04375
0 0.37906772207563766 0.6171875 0.040457343887423045 0.046875
0 0.47537379067722074 0.7828125 0.044854881266490766 0.05
0 0.07695690413368514 0.5625 0.04133685136323659 0.05
0 0.04177660510114336 0.2609375 0.04133685136323659 0.046875
0 0.18293755496921724 0.340625 0.04221635883905013 0.040625
0 0.23218997361477572 0.36796875 0.03869832893579595 0.0421875
0 0.3073878627968338 0.4140625 0.04309586631486367 0.046875
0 0.8443271767810026 0.84453125 0.04221635883905013 0.0515625
0 0.7036059806508356 0.5 0.024626209322779244 0.065625
0 0.7286719437115216 0.49140625 0.025505716798592787 0.0734375
0 0.7009674582233949 0.43671875 0.026385224274406333 0.0703125
0 0.7515391380826737 0.37109375 0.029023746701846966 0.0734375
0 0.7273526824978013 0.31875 0.028144239226033423 0.075
0 0.8289357959542656 0.2515625 0.029023746701846966 0.06875
0 0.31926121372031663 0.0265625 0.021108179419525065 0.05