0 0.8346525945470537 0.75546875 0.036939313984168866 0.0328125
0 0.882145998240985 0.7578125 0.03869832893579595 0.034375
0 0.6068601583113457 0.75546875 0.0316622691292876 0.0296875
0 0.565523306948109 0.7515625 0.04221635883905013 0.03125
0 0.5030782761653474 0.74921875 0.040457343887423045 0.0328125
0 0.45030782761653476 0.74765625 0.03342128408091469 0.0265625
0 0.4529463500439754 0.65234375 0.03869832893579595 0.0296875
0 0.5030782761653474 0.50234375 0.03869832893579595 0.0296875
0 0.45118733509234826 0.490625 0.03518029903254178 0.025
0 0.41072999120492526 0.49140625 0.0316622691292876 0.0265625
0 0.45910290237467016 0.446875 0.040457343887423045 0.028125
0 0.4155672823218997 0.3828125 0.030782761653474055 0.05625
0 0.40061565523306947 0.35703125 0.030782761653474055 0.0546875
0 0.3865435356200528 0.33828125 0.032541776605101144 0.0578125
0 0.36939313984168864 0.3140625 0.028144239226033423 0.053125
0 0.27440633245382584 0.74375 0.03869832893579595 0.034375
0 0.22691292875989447 0.74453125 0.03869832893579595 0.0296875
0 0.17985927880386984 0.74140625 0.0395778364116095 0.0265625
0 0.10729991204925242 0.74375 0.03869832893579595 0.03125
0 0.06420404573438875 0.74609375 0.040457343887423045 0.0328125
0 0.07871591908531222 0.65234375 0.0395778364116095 0.0296875
0 0.007036059806508356 0.75390625 0.012313104661389622 0.0296875