0 0.5167106420404574 0.05078125 0.03430079155672823 0.0296875
0 0.5914687774846086 0.0421875 0.03781882145998241 0.0375
0 0.5224274406332454 0.4921875 0.0158311345646438 0.071875
0 0.5650835532102023 0.5015625 0.016710642040457344 0.059375
0 0.8869832893579596 0.07734375 0.03781882145998241 0.0359375
0 0.7145998240985049 0.53046875 0.023746701846965697 0.0671875
0 0.7405452946350044 0.54453125 0.028144239226033423 0.0671875
0 0.7854001759014951 0.5890625 0.026385224274406333 0.0625
0 0.8025505716798593 0.6140625 0.030782761653474055 0.065625
0 0.8390501319261213 0.6734375 0.03342128408091469 0.0625
0 0.8509234828496042 0.71484375 0.025505716798592787 0.0421875
0 0.8839050131926122 0.79765625 0.040457343887423045 0.0515625
0 0.9173262972735268 0.9734375 0.04573438874230431 0.034375
0 0.7273526824978013 0.89140625 0.04397537379067722 0.0328125
0 0.4340369393139842 0.85625 0.04309586631486367 0.034375
0 0.43051890941073 0.740625 0.04309586631486367 0.0375
0 0.5413368513632366 0.70234375 0.03781882145998241 0.0328125
0 0.548372911169745 0.95 0.04133685136323659 0.0375
0 0.43535620052770446 0.69921875 0.03342128408091469 0.0296875