0 0.3434476693051891 0.56875 0.0395778364116095 0.05625
0 0.21679859278803867 0.41015625 0.03781882145998241 0.0515625
0 0.25241864555848725 0.33359375 0.0316622691292876 0.0515625
0 0.2620932277924362 0.3671875 0.03518029903254178 0.053125
0 0.27088830255057167 0.396875 0.0316622691292876 0.05
0 0.4129287598944591 0.04375 0.023746701846965697 0.053125
0 0.4388742304309587 0.0203125 0.024626209322779244 0.0375
0 0.47405452946350046 0.94765625 0.040457343887423045 0.0515625
0 0.5140721196130167 0.90703125 0.03781882145998241 0.0546875
0 0.6059806508355321 0.8109375 0.036939313984168866 0.053125
0 0.7783641160949868 0.2421875 0.03342128408091469 0.04375
0 0.8768689533861038 0.46875 0.03342128408091469 0.046875
0 0.9322779243623571 0.1703125 0.03518029903254178 0.034375
0 0.9226033421284081 0.26796875 0.03518029903254178 0.0421875
0 0.9573438874230431 0.3359375 0.03430079155672823 0.053125
0 0.09058927000879508 0.971875 0.04397537379067722 0.05625
0 0.1917326297273527 0.32890625 0.03342128408091469 0.0484375