0 0.5087950747581355 0.6125 0.03781882145998241 0.0375
0 0.5061565523306948 0.56484375 0.03781882145998241 0.0390625
0 0.37335092348284965 0.55546875 0.018469656992084433 0.0640625
0 0.322339489885664 0.96796875 0.027264731750219876 0.0640625
0 0.34080914687774844 0.84609375 0.023746701846965697 0.0734375
0 0.31266490765171506 0.79765625 0.020228671943711522 0.0703125
0 0.33992963940193494 0.384375 0.020228671943711522 0.0625
0 0.32409850483729113 0.33515625 0.025505716798592787 0.0671875
0 0.33289357959542654 0.2 0.020228671943711522 0.065625
0 0.3034300791556728 0.215625 0.021108179419525065 0.065625
0 0.3667546174142481 0.13671875 0.021108179419525065 0.0671875
0 0.4045734388742304 0.05234375 0.021108179419525065 0.0640625
0 0.16402814423922604 0.59296875 0.04133685136323659 0.0359375
0 0.15611257695690414 0.53984375 0.044854881266490766 0.0421875
0 0.0712401055408971 0.5578125 0.04221635883905013 0.040625
0 0.9670184696569921 0.265625 0.020228671943711522 0.065625
0 0.9265611257695691 0.2421875 0.018469656992084433 0.0625
0 0.7678100263852242 0.1296875 0.0316622691292876 0.0625
0 0.9674582233948988 0.06640625 0.036939313984168866 0.0359375
0 0.010114335971855761 0.59609375 0.018469656992084433 0.0296875
0 0.7933157431838169 0.1453125 0.019349164467897976 0.05
0 0.7365875109938435 0.065625 0.025505716798592787 0.05
0 0.7225153913808268 0.03671875 0.029023746701846966 0.0484375
0 0.38038698328935794 0.02265625 0.014951627088830254 0.0421875