0 0.020228671943711522 0.753125 0.03869832893579595 0.034375
0 0.06244503078276165 0.75234375 0.040457343887423045 0.0296875
0 0.13324538258575197 0.75234375 0.0395778364116095 0.0296875
0 0.18161829375549693 0.75859375 0.03781882145998241 0.0265625
0 0.22823218997361477 0.7546875 0.03781882145998241 0.028125
0 0.20536499560246263 0.66328125 0.04133685136323659 0.0328125
0 0.2106420404573439 0.51171875 0.03781882145998241 0.0265625
0 0.36499560246262097 0.50234375 0.03342128408091469 0.0296875
0 0.40413368513632364 0.5 0.03605980650835532 0.025
0 0.45646437994722955 0.5140625 0.03869832893579595 0.03125
0 0.41204925241864554 0.46015625 0.0395778364116095 0.0296875
0 0.36939313984168864 0.39140625 0.02990325417766051 0.0578125
0 0.35444151275285846 0.3703125 0.028144239226033423 0.05625
0 0.3403693931398417 0.3484375 0.02990325417766051 0.0625
0 0.3232189973614776 0.3265625 0.030782761653474055 0.05625
0 0.40369393139841686 0.75625 0.03518029903254178 0.03125
0 0.45602462620932277 0.75703125 0.04133685136323659 0.0328125
0 0.5189094107299912 0.76171875 0.03869832893579595 0.0328125
0 0.554089709762533 0.6640625 0.040457343887423045 0.034375
0 0.5602462620932278 0.7609375 0.0316622691292876 0.03125
0 0.7867194371152154 0.76484375 0.03781882145998241 0.0296875
0 0.8311345646437994 0.76640625 0.03869832893579595 0.0328125
0 0.9810905892700088 0.76875 0.03781882145998241 0.034375