0 0.031222515391380826 0.54296875 0.0395778364116095 0.0296875
0 0.05804749340369393 0.62421875 0.036939313984168866 0.0296875
0 0.17194371152154794 0.621875 0.04133685136323659 0.034375
0 0.37159190853122254 0.63828125 0.03781882145998241 0.0328125
0 0.47405452946350046 0.46875 0.040457343887423045 0.028125
0 0.4045734388742304 0.234375 0.036939313984168866 0.028125
0 0.4551451187335092 0.259375 0.030782761653474055 0.03125
0 0.4547053649956025 0.22578125 0.036939313984168866 0.0296875
0 0.4520668425681618 0.18984375 0.036939313984168866 0.0265625
0 0.40369393139841686 0.14375 0.0316622691292876 0.028125
0 0.6706244503078276 0.04609375 0.016710642040457344 0.0578125
0 0.7022867194371152 0.0390625 0.014951627088830254 0.053125
0 0.04925241864555849 0.9421875 0.047493403693931395 0.034375
0 0.10949868073878628 0.9375 0.04309586631486367 0.03125
0 0.2009674582233949 0.9296875 0.04309586631486367 0.03125
0 0.39313984168865435 0.9203125 0.040457343887423045 0.03125
0 0.43799472295514513 0.91796875 0.04397537379067722 0.0359375
0 0.49428320140721194 0.9171875 0.040457343887423045 0.03125
0 0.5382585751978892 0.9140625 0.04221635883905013 0.03125
0 0.6481970096745822 0.9125 0.04397537379067722 0.028125
0 0.9938434476693052 0.84375 0.012313104661389622 0.034375