0 0.030343007915567283 0.42265625 0.03781882145998241 0.0265625
0 0.05716798592788039 0.37890625 0.03869832893579595 0.0265625
0 0.051451187335092345 0.68359375 0.04133685136323659 0.0265625
0 0.10817941952506596 0.68515625 0.036939313984168866 0.0296875
0 0.19525065963060687 0.68828125 0.03869832893579595 0.0296875
0 0.37906772207563766 0.7015625 0.036939313984168866 0.028125
0 0.4138082673702726 0.40703125 0.03605980650835532 0.0296875
0 0.16930518909410727 0.3921875 0.04133685136323659 0.034375
0 0.2519788918205805 0.31171875 0.03781882145998241 0.0328125
0 0.470976253298153 0.27734375 0.03781882145998241 0.0296875
0 0.4212840809146878 0.70390625 0.03869832893579595 0.0296875
0 0.4762532981530343 0.70703125 0.03781882145998241 0.0359375
0 0.5189094107299912 0.7125 0.03869832893579595 0.028125
0 0.6209322779243623 0.72421875 0.04221635883905013 0.0296875
0 0.7321899736147758 0.4328125 0.04309586631486367 0.03125
0 0.4599824098504837 0.02109375 0.036939313984168866 0.0265625
0 0.41160949868073876 0.0265625 0.040457343887423045 0.034375
0 0.45954265611257694 0.0609375 0.030782761653474055 0.03125
0 0.9762532981530343 0.70234375 0.03869832893579595 0.0328125