0 0.09058927000879508 0.26796875 0.026385224274406333 0.0609375
0 0.14072119613016712 0.34296875 0.03518029903254178 0.0515625
0 0.09146877748460862 0.54921875 0.024626209322779244 0.0484375
0 0.3627968337730871 0.8625 0.03430079155672823 0.06875
0 0.44854881266490765 0.725 0.02990325417766051 0.065625
0 0.4938434476693052 0.65078125 0.029023746701846966 0.0671875
0 0.5153913808267371 0.63515625 0.024626209322779244 0.0515625
0 0.46437994722955145 0.703125 0.028144239226033423 0.0625
0 0.5795954265611257 0.7875 0.0316622691292876 0.059375
0 0.4744942832014072 0.95078125 0.030782761653474055 0.0671875
0 0.43799472295514513 0.9859375 0.026385224274406333 0.028125
0 0.6600703605980651 0.63125 0.03430079155672823 0.05625
0 0.6838170624450308 0.70078125 0.030782761653474055 0.0546875
0 0.7559366754617414 0.07421875 0.025505716798592787 0.0578125
0 0.8135444151275286 0.171875 0.0316622691292876 0.059375
0 0.7730870712401055 0.94453125 0.04221635883905013 0.0453125
0 0.7840809146877749 0.98203125 0.044854881266490766 0.0359375