0 0.13412489006156553 0.67890625 0.044854881266490766 0.0265625
0 0.10642040457343888 0.4203125 0.036939313984168866 0.025
0 0.13500439753737906 0.37578125 0.03781882145998241 0.0296875
0 0.20448548812664907 0.29140625 0.0395778364116095 0.0296875
0 0.2484608619173263 0.3875 0.03781882145998241 0.034375
0 0.3460861917326297 0.39609375 0.03781882145998241 0.0328125
0 0.193051890941073 0.68359375 0.03605980650835532 0.0265625
0 0.2805628847845207 0.6875 0.03869832893579595 0.028125
0 0.4621811785400176 0.696875 0.03605980650835532 0.028125
0 0.5052770448548812 0.70234375 0.0395778364116095 0.0296875
0 0.5589270008795075 0.7078125 0.03781882145998241 0.03125
0 0.6029023746701847 0.71015625 0.03605980650835532 0.0296875
0 0.7062445030782762 0.7234375 0.03518029903254178 0.025
0 0.5162708883025505 0.409375 0.040457343887423045 0.03125
0 0.5496921723834652 0.27421875 0.03869832893579595 0.0328125
0 0.5364995602462621 0.05546875 0.03342128408091469 0.0296875
0 0.5356200527704487 0.0203125 0.040457343887423045 0.028125
0 0.4890061565523307 0.02265625 0.03342128408091469 0.0296875