0 0.07695690413368514 0.553125 0.03605980650835532 0.028125
0 0.12620932277924363 0.565625 0.0395778364116095 0.028125
0 0.07783641160949868 0.81015625 0.03430079155672823 0.0328125
0 0.12928759894459102 0.809375 0.04397537379067722 0.03125
0 0.193051890941073 0.809375 0.0395778364116095 0.034375
0 0.2326297273526825 0.81015625 0.030782761653474055 0.0296875
0 0.3658751099384345 0.71328125 0.03869832893579595 0.0296875
0 0.4542656112576957 0.7875 0.03605980650835532 0.03125
0 0.4982409850483729 0.7875 0.03605980650835532 0.028125
0 0.623570800351803 0.6796875 0.040457343887423045 0.034375
0 0.6442392260334213 0.778125 0.03781882145998241 0.03125
0 0.9793315743183817 0.7203125 0.03781882145998241 0.0625
0 0.9388742304309586 0.36015625 0.018469656992084433 0.0703125
0 0.9362357080035181 0.25234375 0.02198768689533861 0.0796875
0 0.9810905892700088 0.87421875 0.02198768689533861 0.0765625