0 0.8386103781882146 0.9671875 0.03781882145998241 0.0625
0 0.9274406332453826 0.8640625 0.03430079155672823 0.065625
0 0.4894459102902375 0.67734375 0.029023746701846966 0.0671875
0 0.4656992084432718 0.703125 0.030782761653474055 0.078125
0 0.39533861037818824 0.7375 0.02198768689533861 0.075
0 0.2717678100263852 0.7109375 0.024626209322779244 0.065625
0 0.17546174142480211 0.60625 0.03430079155672823 0.065625
0 0.19217238346525944 0.6265625 0.027264731750219876 0.05625
0 0.2519788918205805 0.4609375 0.032541776605101144 0.0625
0 0.2198768689533861 0.4203125 0.03518029903254178 0.059375
0 0.25065963060686014 0.33046875 0.03518029903254178 0.0640625
0 0.2959542656112577 0.3890625 0.03430079155672823 0.06875
0 0.34520668425681617 0.44765625 0.029023746701846966 0.0609375
0 0.32717678100263853 0.19453125 0.02990325417766051 0.0546875
0 0.33992963940193494 0.215625 0.027264731750219876 0.05625
0 0.39797713280562885 0.175 0.029023746701846966 0.05625
0 0.43007915567282323 0.2078125 0.028144239226033423 0.05625
0 0.5259454705364995 0.346875 0.026385224274406333 0.0625
0 0.5949868073878628 0.49765625 0.03430079155672823 0.0515625
0 0.6266490765171504 0.4484375 0.03605980650835532 0.053125
0 0.5910290237467019 0.215625 0.026385224274406333 0.05625
0 0.5787159190853123 0.18828125 0.0316622691292876 0.0578125
0 0.5461741424802111 0.1515625 0.028144239226033423 0.05625
0 0.5312225153913809 0.13515625 0.026385224274406333 0.0578125
0 0.45030782761653476 0.03515625 0.03342128408091469 0.0546875
0 0.3839050131926121 0.15078125 0.029023746701846966 0.0515625
0 0.3685136323658751 0.128125 0.0316622691292876 0.059375
0 0.3438874230430959 0.08515625 0.02990325417766051 0.0578125
0 0.158311345646438 0.57109375 0.028144239226033423 0.0578125
0 0.322339489885664 0.71796875 0.016710642040457344 0.0328125
0 0.34520668425681617 0.73671875 0.014951627088830254 0.0609375
0 0.41688654353562005 0.7234375 0.01759014951627089 0.053125