0 0.05804749340369393 0.62578125 0.03869832893579595 0.0296875
0 0.1284080914687775 0.54140625 0.036939313984168866 0.0265625
0 0.0505716798592788 0.94375 0.048372911169744945 0.028125
0 0.10949868073878628 0.9375 0.04133685136323659 0.025
0 0.20448548812664907 0.93125 0.03781882145998241 0.028125
0 0.3944591029023747 0.92109375 0.03781882145998241 0.0296875
0 0.4388742304309587 0.91796875 0.04221635883905013 0.0328125
0 0.4947229551451187 0.91640625 0.0395778364116095 0.0296875
0 0.5426561125769569 0.91484375 0.04221635883905013 0.0296875
0 0.6508355321020228 0.915625 0.04221635883905013 0.03125
0 0.465259454705365 0.60546875 0.036939313984168866 0.0453125
0 0.47537379067722074 0.4703125 0.0395778364116095 0.028125
0 0.4054529463500439 0.234375 0.03518029903254178 0.028125
0 0.4547053649956025 0.225 0.03518029903254178 0.025
0 0.45602462620932277 0.259375 0.030782761653474055 0.03125
0 0.4551451187335092 0.1875 0.030782761653474055 0.028125
0 0.6701846965699209 0.04609375 0.0158311345646438 0.0546875
0 0.7022867194371152 0.0359375 0.014951627088830254 0.05
0 0.17370272647317503 0.61953125 0.04133685136323659 0.0328125
0 0.9810905892700088 0.84140625 0.03781882145998241 0.0359375
0 0.40325417766051014 0.14296875 0.032541776605101144 0.0296875