0 0.8390501319261213 0.94453125 0.04221635883905013 0.0515625
0 0.77792436235708 0.75078125 0.03605980650835532 0.0421875
0 0.679419525065963 0.865625 0.03781882145998241 0.046875
0 0.6521547933157431 0.765625 0.03605980650835532 0.040625
0 0.6103781882145998 0.696875 0.03869832893579595 0.046875
0 0.4947229551451187 0.68125 0.03605980650835532 0.0375
0 0.5083553210202286 0.6453125 0.03518029903254178 0.040625
0 0.5875109938434476 0.465625 0.021108179419525065 0.0625
0 0.6143359718557607 0.4609375 0.023746701846965697 0.0625
0 0.6046613896218118 0.39296875 0.023746701846965697 0.0640625
0 0.6222515391380826 0.3171875 0.020228671943711522 0.059375
0 0.673702726473175 0.34765625 0.019349164467897976 0.0578125
0 0.6116974494283202 0.23671875 0.020228671943711522 0.0546875
0 0.6525945470536498 0.05859375 0.021108179419525065 0.0546875
0 0.19349164467897978 0.42890625 0.036939313984168866 0.0421875
0 0.07387862796833773 0.21796875 0.03518029903254178 0.0390625