0 0.4951627088830255 0.90703125 0.022867194371152155 0.0703125
0 0.45602462620932277 0.86875 0.023746701846965697 0.06875
0 0.4577836411609499 0.7140625 0.020228671943711522 0.06875
0 0.5571679859278804 0.4625 0.03781882145998241 0.040625
0 0.5417766051011434 0.425 0.036939313984168866 0.04375
0 0.051890941072999124 0.86796875 0.04573438874230431 0.0484375
0 0.11301671064204045 0.89375 0.0395778364116095 0.04375
0 0.24318381706244502 0.75546875 0.0395778364116095 0.0390625
0 0.23218997361477572 0.71328125 0.040457343887423045 0.0453125
0 0.38258575197889183 0.4578125 0.024626209322779244 0.071875
0 0.335971855760774 0.3703125 0.022867194371152155 0.0625
0 0.3153034300791556 0.26875 0.020228671943711522 0.071875
0 0.28232189973614774 0.08359375 0.022867194371152155 0.0671875
0 0.2563764291996482 0.09453125 0.023746701846965697 0.0703125
0 0.26297273526824977 0.29765625 0.024626209322779244 0.0671875
0 0.5065963060686016 0.9796875 0.019349164467897976 0.040625