0 0.0919085312225154 0.95546875 0.04133685136323659 0.0546875
0 0.37554969217238354 0.61328125 0.03869832893579595 0.0484375
0 0.2510993843447669 0.33828125 0.032541776605101144 0.0421875
0 0.2678100263852243 0.42421875 0.03605980650835532 0.0453125
0 0.30782761653474056 0.35625 0.03342128408091469 0.040625
0 0.31354441512752856 0.39140625 0.03781882145998241 0.0421875
0 0.32145998240985046 0.42109375 0.029023746701846966 0.0421875
0 0.48768689533861037 0.11640625 0.02198768689533861 0.0515625
0 0.5140721196130167 0.09140625 0.020228671943711522 0.0515625
0 0.6701846965699209 0.50625 0.036939313984168866 0.040625
0 0.6143359718557607 0.94140625 0.0395778364116095 0.0515625
0 0.8605980650835532 0.43046875 0.03430079155672823 0.0390625
0 0.9195250659630607 0.66171875 0.03781882145998241 0.0453125
0 0.9793315743183817 0.4703125 0.03605980650835532 0.04375