0 0.47757255936675463 0.96640625 0.026385224274406333 0.0671875
0 0.4635004397537379 0.8890625 0.022867194371152155 0.0625
0 0.38698328935795956 0.51484375 0.022867194371152155 0.0578125
0 0.37247141600703604 0.44609375 0.025505716798592787 0.0671875
0 0.35224274406332456 0.3359375 0.029023746701846966 0.075
0 0.33421284080914687 0.246875 0.022867194371152155 0.059375
0 0.4788918205804749 0.2546875 0.025505716798592787 0.071875
0 0.4947229551451187 0.1609375 0.02198768689533861 0.065625
0 0.470976253298153 0.1625 0.023746701846965697 0.065625
0 0.45602462620932277 0.090625 0.027264731750219876 0.053125
0 0.5140721196130167 0.06171875 0.0395778364116095 0.0484375
0 0.5219876868953386 0.03046875 0.032541776605101144 0.0390625
0 0.9349164467897977 0.58671875 0.019349164467897976 0.0671875