0 0.07695690413368514 0.56640625 0.0395778364116095 0.0296875
0 0.05716798592788039 0.87578125 0.047493403693931395 0.0328125
0 0.113896218117854 0.88046875 0.04133685136323659 0.0328125
0 0.20360598065083554 0.88671875 0.044854881266490766 0.0328125
0 0.1882145998240985 0.5796875 0.040457343887423045 0.034375
0 0.27792436235708 0.6234375 0.03518029903254178 0.028125
0 0.3935795954265611 0.9015625 0.03781882145998241 0.028125
0 0.4925241864555849 0.46796875 0.03869832893579595 0.0328125
0 0.4335971855760774 0.225 0.03518029903254178 0.028125
0 0.43799472295514513 0.13515625 0.03869832893579595 0.0265625
0 0.48328935795954264 0.18671875 0.032541776605101144 0.0265625
0 0.48328935795954264 0.22109375 0.03430079155672823 0.0265625
0 0.4815303430079156 0.2546875 0.030782761653474055 0.028125
0 0.4384344766930519 0.90625 0.0395778364116095 0.034375
0 0.49428320140721194 0.91484375 0.03869832893579595 0.0359375
0 0.5404573438874231 0.92265625 0.04133685136323659 0.0328125
0 0.6495162708883025 0.934375 0.04133685136323659 0.03125
0 0.7044854881266491 0.07109375 0.01759014951627089 0.0546875
0 0.7374670184696571 0.06484375 0.018469656992084433 0.0578125