0 0.048812664907651716 0.41640625 0.03781882145998241 0.0296875
0 0.07475813544415127 0.37109375 0.040457343887423045 0.0296875
0 0.16314863676341249 0.28984375 0.03781882145998241 0.0328125
0 0.18909410729991205 0.38359375 0.04397537379067722 0.0328125
0 0.3148636763412489 0.3953125 0.03869832893579595 0.034375
0 0.07080035180299032 0.67265625 0.044854881266490766 0.0296875
0 0.12928759894459102 0.678125 0.040457343887423045 0.03125
0 0.21503957783641162 0.68125 0.04309586631486367 0.034375
0 0.3992963940193492 0.69296875 0.036939313984168866 0.0296875
0 0.44239226033421286 0.69609375 0.04221635883905013 0.0328125
0 0.4951627088830255 0.7 0.03869832893579595 0.03125
0 0.538698328935796 0.70390625 0.03781882145998241 0.0296875
0 0.6429199648197009 0.71484375 0.03869832893579595 0.0296875
0 0.5373790677220757 0.4140625 0.04221635883905013 0.034375
0 0.48988566402814426 0.26953125 0.03869832893579595 0.0265625
0 0.47757255936675463 0.0140625 0.03869832893579595 0.025
0 0.4283201407211961 0.01640625 0.040457343887423045 0.0296875
0 0.4780123131046614 0.0515625 0.032541776605101144 0.034375
0 0.9872471416007036 0.69296875 0.025505716798592787 0.0328125