0 0.10949868073878628 0.2359375 0.03781882145998241 0.05
0 0.27088830255057167 0.25078125 0.02990325417766051 0.0453125
0 0.28935795954265614 0.2265625 0.02990325417766051 0.046875
0 0.3676341248900616 0.33125 0.03518029903254178 0.053125
0 0.19217238346525947 0.44765625 0.03605980650835532 0.0578125
0 0.22999120492524186 0.5015625 0.032541776605101144 0.053125
0 0.2937554969217238 0.5875 0.0316622691292876 0.05
0 0.4318381706244503 0.784375 0.03518029903254178 0.059375
0 0.465259454705365 0.8328125 0.036939313984168866 0.059375
0 0.5079155672823219 0.8953125 0.03605980650835532 0.059375
0 0.5426561125769569 0.94765625 0.036939313984168866 0.0578125
0 0.6433597185576078 0.525 0.03781882145998241 0.05625
0 0.6693051890941073 0.2625 0.036939313984168866 0.046875
0 0.7014072119613016 0.3359375 0.030782761653474055 0.040625
0 0.712401055408971 0.30625 0.03342128408091469 0.05
0 0.7247141600703606 0.2796875 0.0316622691292876 0.046875
0 0.7005277044854882 0.18671875 0.03430079155672823 0.0421875
0 0.9709762532981531 0.390625 0.028144239226033423 0.05625
0 0.023306948109058926 0.021875 0.03430079155672823 0.040625