0 0.03518029903254178 0.42265625 0.03869832893579595 0.0296875
0 0.06200527704485488 0.37734375 0.0395778364116095 0.0296875
0 0.18909410729991205 0.29765625 0.03869832893579595 0.0328125
0 0.17458223394898856 0.3875 0.0395778364116095 0.034375
0 0.05716798592788039 0.67734375 0.04397537379067722 0.0296875
0 0.11477572559366754 0.6828125 0.03781882145998241 0.03125
0 0.19920844327176782 0.68359375 0.04133685136323659 0.0296875
0 0.3460861917326297 0.40078125 0.03781882145998241 0.0359375
0 0.38390501319261217 0.69609375 0.0395778364116095 0.0296875
0 0.42788038698328934 0.6984375 0.03781882145998241 0.034375
0 0.48021108179419525 0.7015625 0.03869832893579595 0.03125
0 0.5268249780123131 0.70703125 0.040457343887423045 0.0296875
0 0.627528583992964 0.71875 0.0395778364116095 0.03125
0 0.6244503078276166 0.421875 0.040457343887423045 0.03125
0 0.4758135444151275 0.27265625 0.040457343887423045 0.0296875
0 0.46394019349164467 0.05 0.030782761653474055 0.025
0 0.46437994722955156 0.01796875 0.03518029903254178 0.0328125
0 0.41424802110817943 0.0203125 0.03869832893579595 0.03125
0 0.9802110817941952 0.6921875 0.0395778364116095 0.034375