0 0.7462620932277925 0.884375 0.03430079155672823 0.065625
0 0.7748460861917327 0.93828125 0.0316622691292876 0.0734375
0 0.8605980650835532 0.80546875 0.030782761653474055 0.0671875
0 0.4599824098504837 0.56875 0.02990325417766051 0.071875
0 0.4815303430079156 0.540625 0.025505716798592787 0.053125
0 0.3913808267370273 0.6078125 0.019349164467897976 0.06875
0 0.26912928759894467 0.58671875 0.022867194371152155 0.0640625
0 0.2418645558487247 0.35546875 0.028144239226033423 0.0640625
0 0.1706244503078276 0.4984375 0.03518029903254178 0.059375
0 0.2102022867194371 0.31875 0.028144239226033423 0.0625
0 0.23702726473175023 0.228125 0.032541776605101144 0.065625
0 0.2836411609498681 0.28203125 0.032541776605101144 0.0671875
0 0.33421284080914687 0.3328125 0.028144239226033423 0.059375
0 0.5813544415127528 0.3609375 0.0316622691292876 0.046875
0 0.6090589270008795 0.30703125 0.030782761653474055 0.0515625
0 0.5114335971855761 0.2203125 0.025505716798592787 0.0625
0 0.56948109058927 0.0890625 0.025505716798592787 0.053125
0 0.5571679859278804 0.0640625 0.029023746701846966 0.059375
0 0.5246262093227793 0.03046875 0.029023746701846966 0.0515625
0 0.5074758135444152 0.02265625 0.02990325417766051 0.0421875
0 0.41160949868073876 0.0953125 0.028144239226033423 0.05625
0 0.3808267370272647 0.06484375 0.0316622691292876 0.0609375
0 0.3649956024626209 0.04453125 0.02990325417766051 0.0484375
0 0.3245382585751979 0.10859375 0.0316622691292876 0.0609375
0 0.31046613896218117 0.08828125 0.028144239226033423 0.0578125
0 0.3482849604221636 0.0265625 0.03518029903254178 0.05
0 0.19129287598944592 0.51640625 0.025505716798592787 0.0515625
0 0.32058047493403696 0.60234375 0.016710642040457344 0.0421875
0 0.34520668425681617 0.60859375 0.014951627088830254 0.0578125
0 0.41160949868073876 0.596875 0.019349164467897976 0.0625
0 0.1534740545294635 0.4640625 0.029023746701846966 0.05625