0 0.37906772207563766 0.78984375 0.036939313984168866 0.0546875
0 0.2748460861917326 0.596875 0.03781882145998241 0.040625
0 0.2612137203166227 0.51171875 0.03342128408091469 0.0390625
0 0.32189973614775724 0.56328125 0.03518029903254178 0.0390625
0 0.3289357959542656 0.59609375 0.02990325417766051 0.0390625
0 0.4969217238346526 0.30625 0.021108179419525065 0.05
0 0.523306948109059 0.28515625 0.01759014951627089 0.0453125
0 0.6187335092348285 0.71953125 0.03781882145998241 0.0390625
0 0.8148636763412489 0.6546875 0.03430079155672823 0.046875
0 0.9357959542656112 0.853125 0.04397537379067722 0.05
0 0.8065083553210203 0.1484375 0.019349164467897976 0.040625
0 0.7862796833773086 0.165625 0.021108179419525065 0.04375
0 0.7603342128408092 0.15546875 0.02198768689533861 0.0453125
0 0.9854881266490765 0.65625 0.029023746701846966 0.0375