0 0.13500439753737906 0.77734375 0.032541776605101144 0.0234375
0 0.18601583113456466 0.778125 0.04309586631486367 0.028125
0 0.24890061565523308 0.784375 0.03869832893579595 0.03125
0 0.2889182058047494 0.78671875 0.030782761653474055 0.0296875
0 0.3447669305189094 0.6984375 0.03869832893579595 0.028125
0 0.5101143359718557 0.78203125 0.03518029903254178 0.0296875
0 0.5545294635004397 0.7875 0.03605980650835532 0.03125
0 0.6257695690413368 0.6859375 0.0395778364116095 0.034375
0 0.7014072119613016 0.7859375 0.03781882145998241 0.034375
0 0.18777484608619174 0.53671875 0.0395778364116095 0.0328125
0 0.13808267370272648 0.52109375 0.03342128408091469 0.0265625
0 0.09542656112576957 0.52265625 0.032541776605101144 0.0328125
0 0.07167985927880387 0.37578125 0.029023746701846966 0.0515625
0 0.0853122251539138 0.3953125 0.026385224274406333 0.05
0 0.055848724714160074 0.34921875 0.027264731750219876 0.0484375