0 0.3355321020228672 0.29609375 0.03605980650835532 0.0328125
0 0.26517150395778366 0.3796875 0.03781882145998241 0.028125
0 0.2343887423043096 0.55859375 0.04309586631486367 0.0484375
0 0.2423043095866315 0.43359375 0.03605980650835532 0.0359375
0 0.3909410729991205 0.39140625 0.0395778364116095 0.0328125
0 0.4700967458223395 0.39453125 0.03605980650835532 0.0296875
0 0.534740545294635 0.396875 0.040457343887423045 0.028125
0 0.06684256816182937 0.9328125 0.022867194371152155 0.078125
0 0.2941952506596306 0.68203125 0.044854881266490766 0.0296875
0 0.34872471416007034 0.68515625 0.04133685136323659 0.0296875
0 0.43579595426561124 0.68515625 0.03430079155672823 0.0296875
0 0.617854001759015 0.69453125 0.03605980650835532 0.0265625
0 0.6613896218117854 0.6984375 0.040457343887423045 0.028125
0 0.7154793315743185 0.7015625 0.03781882145998241 0.028125
0 0.7594547053649956 0.7046875 0.0395778364116095 0.03125
0 0.6956904133685137 0.26953125 0.03869832893579595 0.0296875
0 0.6772207563764292 0.05234375 0.03342128408091469 0.0296875
0 0.8614775725593667 0.71328125 0.04133685136323659 0.0296875
0 0.637203166226913 0.0203125 0.018469656992084433 0.028125
0 0.6759014951627089 0.01796875 0.03605980650835532 0.0296875