0 0.9428320140721196 0.78515625 0.040457343887423045 0.0328125
0 0.9226033421284081 0.69140625 0.036939313984168866 0.0296875
0 0.9802110817941952 0.5078125 0.0395778364116095 0.03125
0 0.7150395778364117 0.503125 0.036939313984168866 0.034375
0 0.6943711521547933 0.68515625 0.03781882145998241 0.0359375
0 0.6490765171503958 0.63203125 0.03869832893579595 0.0296875
0 0.644678979771328 0.55859375 0.03518029903254178 0.0359375
0 0.6037818821459983 0.58203125 0.03605980650835532 0.0296875
0 0.5466138962181178 0.90859375 0.018469656992084433 0.0734375
0 0.5206684256816183 0.91796875 0.019349164467897976 0.0765625
0 0.5052770448548812 0.65 0.03781882145998241 0.03125
0 0.5562884784520669 0.54453125 0.03781882145998241 0.0265625
0 0.44327176781002636 0.5859375 0.03518029903254178 0.028125
0 0.24758135444151275 0.525 0.0395778364116095 0.03125
0 0.5628847845206685 0.33671875 0.0158311345646438 0.0609375
0 0.523306948109059 0.31171875 0.01759014951627089 0.0640625
0 0.4982409850483729 0.33046875 0.016710642040457344 0.0640625
0 0.5026385224274407 0.2515625 0.016710642040457344 0.06875
0 0.5109938434476693 0.10546875 0.0158311345646438 0.0578125
0 0.4824098504837291 0.090625 0.016710642040457344 0.0625