0 0.9824098504837291 0.5375 0.026385224274406333 0.0625
0 0.8456464379947229 0.3375 0.03781882145998241 0.053125
0 0.5131926121372031 0.64921875 0.03605980650835532 0.0515625
0 0.5197889182058048 0.603125 0.036939313984168866 0.05
0 0.256816182937555 0.94609375 0.03342128408091469 0.0734375
0 0.30606860158311344 0.790625 0.02990325417766051 0.06875
0 0.30782761653474056 0.67265625 0.026385224274406333 0.0640625
0 0.35092348284960423 0.6640625 0.0316622691292876 0.06875
0 0.044854881266490766 0.35078125 0.03869832893579595 0.0484375
0 0.14467897977132807 0.38671875 0.0395778364116095 0.0546875
0 0.19700967458223395 0.38828125 0.03869832893579595 0.0546875
0 0.19525065963060687 0.440625 0.036939313984168866 0.053125
0 0.34300791556728233 0.4203125 0.02990325417766051 0.071875
0 0.38830255057167984 0.3625 0.027264731750219876 0.0625
0 0.4393139841688654 0.37890625 0.025505716798592787 0.0609375
0 0.3856640281442392 0.2546875 0.029023746701846966 0.0625
0 0.4388742304309587 0.19296875 0.026385224274406333 0.0578125
0 0.3891820580474934 0.1640625 0.029023746701846966 0.059375
0 0.480650835532102 0.0734375 0.027264731750219876 0.0625
0 0.9542656112576957 0.09296875 0.04221635883905013 0.0484375
0 0.8131046613896218 0.025 0.025505716798592787 0.0375
0 0.8087071240105541 0.15234375 0.030782761653474055 0.0328125
0 0.8188214599824098 0.22578125 0.0316622691292876 0.0359375
0 0.830255057167986 0.2578125 0.022867194371152155 0.034375
0 0.8702726473175022 0.36484375 0.027264731750219876 0.0328125
0 0.9802110817941952 0.01484375 0.032541776605101144 0.0265625