0 0.6108179419525066 0.44296875 0.03781882145998241 0.0453125
0 0.5914687774846086 0.40703125 0.03781882145998241 0.0453125
0 0.5716798592788038 0.909375 0.026385224274406333 0.071875
0 0.5334212840809147 0.88984375 0.025505716798592787 0.0671875
0 0.5321020228671943 0.75078125 0.024626209322779244 0.0640625
0 0.4586631486367634 0.56640625 0.025505716798592787 0.0671875
0 0.38214599824098505 0.37265625 0.025505716798592787 0.0640625
0 0.35839929639401935 0.275 0.029023746701846966 0.075
0 0.30914687774846084 0.3234375 0.025505716798592787 0.06875
0 0.3117854001759015 0.07578125 0.025505716798592787 0.0671875
0 0.2801231310466139 0.06953125 0.027264731750219876 0.0703125
0 0.2985927880386983 0.74296875 0.0395778364116095 0.0515625
0 0.2985927880386983 0.78984375 0.0395778364116095 0.0421875
0 0.07299912049252419 0.96171875 0.04221635883905013 0.0515625
0 0.1882145998240985 0.93828125 0.03869832893579595 0.0484375
0 0.5892700087950747 0.978125 0.024626209322779244 0.04375