0 0.2546174142480211 0.86953125 0.03605980650835532 0.0671875
0 0.3280562884784521 0.72109375 0.0316622691292876 0.0640625
0 0.32145998240985046 0.65703125 0.030782761653474055 0.0609375
0 0.38698328935795956 0.6234375 0.03342128408091469 0.0625
0 0.34872471416007034 0.5140625 0.032541776605101144 0.065625
0 0.43271767810026385 0.4078125 0.02990325417766051 0.05625
0 0.5140721196130167 0.37109375 0.029023746701846966 0.0546875
0 0.420844327176781 0.3296875 0.032541776605101144 0.05
0 0.48548812664907653 0.28828125 0.03342128408091469 0.0515625
0 0.5435356200527705 0.19375 0.02990325417766051 0.05625
0 0.702726473175022 0.1015625 0.02990325417766051 0.053125
0 0.24890061565523308 0.35 0.03518029903254178 0.059375
0 0.24010554089709762 0.39921875 0.03342128408091469 0.0578125
0 0.2040457343887423 0.33515625 0.036939313984168866 0.0609375
0 0.11169744942832013 0.25703125 0.03342128408091469 0.0546875
0 0.5171503957783641 0.73203125 0.0316622691292876 0.0609375
0 0.5290237467018469 0.68828125 0.03605980650835532 0.0609375
0 0.886103781882146 0.56640625 0.0395778364116095 0.0453125
0 0.8729111697449429 0.4453125 0.032541776605101144 0.03125
0 0.018469656992084433 0.090625 0.0316622691292876 0.053125
0 0.46130167106420406 0.2125 0.029023746701846966 0.05625
0 0.9604221635883905 0.07890625 0.021108179419525065 0.0421875
0 0.941952506596306 0.1015625 0.024626209322779244 0.05
0 0.9340369393139841 0.13203125 0.01759014951627089 0.0265625
0 0.8913808267370272 0.2484375 0.025505716798592787 0.040625
0 0.8737906772207564 0.3671875 0.03430079155672823 0.025
0 0.8768689533861038 0.4796875 0.026385224274406333 0.03125
0 0.9067722075637643 0.60546875 0.026385224274406333 0.0421875