0 0.98636763412489 0.2484375 0.027264731750219876 0.05
0 0.7308707124010554 0.709375 0.03342128408091469 0.059375
0 0.7031662269129287 0.6921875 0.032541776605101144 0.05625
0 0.7357080035180299 0.634375 0.032541776605101144 0.053125
0 0.768249780123131 0.578125 0.030782761653474055 0.053125
0 0.7770448548812665 0.4890625 0.029023746701846966 0.05
0 0.8852242744063324 0.50859375 0.027264731750219876 0.0484375
0 0.8575197889182058 0.3515625 0.028144239226033423 0.046875
0 0.8825857519788919 0.31171875 0.025505716798592787 0.0453125
0 0.5637642919964819 0.828125 0.0316622691292876 0.0625
0 0.5817941952506597 0.778125 0.032541776605101144 0.0625
0 0.49340369393139843 0.6515625 0.0316622691292876 0.05625
0 0.20184696569920843 0.28671875 0.027264731750219876 0.0546875
0 0.2774846086191733 0.22734375 0.029023746701846966 0.0515625
0 0.30123131046613894 0.13359375 0.029023746701846966 0.0546875