0 0.6956904133685137 0.90703125 0.024626209322779244 0.0734375
0 0.6240105540897097 0.96796875 0.023746701846965697 0.0640625
0 0.6640281442392261 0.90234375 0.024626209322779244 0.0703125
0 0.6706244503078276 0.7875 0.025505716798592787 0.071875
0 0.6226912928759895 0.7015625 0.026385224274406333 0.071875
0 0.05980650835532102 0.97734375 0.04397537379067722 0.0453125
0 0.17282321899736147 0.97109375 0.04133685136323659 0.0453125
0 0.31090589270008795 0.884375 0.03781882145998241 0.04375
0 0.37423043095866315 0.77578125 0.04133685136323659 0.0453125
0 0.4212840809146878 0.69765625 0.040457343887423045 0.0484375
0 0.4463500439753738 0.27421875 0.027264731750219876 0.0703125
0 0.49648197009674583 0.22890625 0.025505716798592787 0.0734375
0 0.5167106420404574 0.32734375 0.023746701846965697 0.0671875
0 0.7286719437115216 0.38984375 0.03781882145998241 0.0453125
0 0.7581354441512753 0.421875 0.03869832893579595 0.046875
0 0.7119613016710642 0.9828125 0.02198768689533861 0.034375