0 0.5215479331574319 0.84921875 0.019349164467897976 0.0734375
0 0.5466138962181178 0.83203125 0.020228671943711522 0.0734375
0 0.9138082673702727 0.5984375 0.03869832893579595 0.028125
0 0.826297273526825 0.528125 0.03430079155672823 0.03125
0 0.6134564643799472 0.57890625 0.03781882145998241 0.0296875
0 0.5554089709762533 0.5484375 0.03781882145998241 0.034375
0 0.5734388742304309 0.49765625 0.03518029903254178 0.0296875
0 0.5677220756376429 0.46640625 0.03430079155672823 0.0296875
0 0.6759014951627089 0.38828125 0.03430079155672823 0.0296875
0 0.6499560246262093 0.465625 0.03869832893579595 0.028125
0 0.42436235708003517 0.603125 0.03781882145998241 0.03125
0 0.41688654353562005 0.54765625 0.036939313984168866 0.0296875
0 0.28583992963940197 0.53125 0.040457343887423045 0.034375
0 0.5255057167985928 0.328125 0.027264731750219876 0.0625
0 0.4463500439753738 0.27265625 0.016710642040457344 0.0671875
0 0.47053649956024624 0.25 0.01759014951627089 0.065625
0 0.4441512752858399 0.18984375 0.0158311345646438 0.0703125
0 0.4094107299912049 0.0390625 0.016710642040457344 0.0625
0 0.9322779243623571 0.31484375 0.036939313984168866 0.0328125