0 0.07651715039577836 0.9671875 0.019349164467897976 0.065625
0 0.23350923482849603 0.48125 0.03605980650835532 0.053125
0 0.22031662269129287 0.409375 0.03781882145998241 0.034375
0 0.32497801231310464 0.32421875 0.03781882145998241 0.0296875
0 0.3781882145998241 0.4203125 0.03869832893579595 0.03125
0 0.3579595426561126 0.62890625 0.04221635883905013 0.0359375
0 0.3025505716798593 0.71484375 0.04221635883905013 0.0296875
0 0.35664028144239224 0.71875 0.0395778364116095 0.03125
0 0.4467897977132806 0.71953125 0.040457343887423045 0.0296875
0 0.4687774846086192 0.42578125 0.03869832893579595 0.0328125
0 0.5351802990325418 0.42734375 0.0395778364116095 0.0296875
0 0.6288478452066842 0.72890625 0.03869832893579595 0.0296875
0 0.6723834652594547 0.7328125 0.03781882145998241 0.03125
0 0.7260334212840809 0.73671875 0.03781882145998241 0.0328125
0 0.7708883025505717 0.740625 0.0395778364116095 0.034375
0 0.7058047493403694 0.2984375 0.0395778364116095 0.028125
0 0.8742304309586633 0.74609375 0.040457343887423045 0.0296875
0 0.6860158311345647 0.04140625 0.03518029903254178 0.0296875
0 0.6868953386103782 0.07734375 0.03518029903254178 0.0296875
0 0.6824978012313104 0.01171875 0.03869832893579595 0.0203125
0 0.6424802110817942 0.04921875 0.023746701846965697 0.0296875