0 0.13280562884784522 0.575 0.04221635883905013 0.053125
0 0.17810026385224276 0.6140625 0.03605980650835532 0.046875
0 0.25241864555848725 0.67578125 0.03869832893579595 0.0453125
0 0.4133685136323659 0.821875 0.036939313984168866 0.05
0 0.4529463500439754 0.859375 0.036939313984168866 0.05
0 0.017150395778364115 0.4046875 0.032541776605101144 0.053125
0 0.2088830255057168 0.31328125 0.03430079155672823 0.0390625
0 0.2264731750219877 0.3765625 0.032541776605101144 0.040625
0 0.2999120492524187 0.39609375 0.036939313984168866 0.0421875
0 0.5004397537379067 0.903125 0.03869832893579595 0.05625
0 0.5408970976253298 0.940625 0.04221635883905013 0.05
0 0.5914687774846086 0.490625 0.0395778364116095 0.046875
0 0.5892700087950749 0.22734375 0.036939313984168866 0.0421875
0 0.6284080914687775 0.28984375 0.030782761653474055 0.0359375
0 0.6345646437994723 0.25703125 0.03781882145998241 0.0453125
0 0.6442392260334213 0.225 0.032541776605101144 0.0375
0 0.886103781882146 0.25546875 0.020228671943711522 0.0609375
0 0.920844327176781 0.27109375 0.024626209322779244 0.0578125
0 0.6103781882145998 0.14765625 0.03342128408091469 0.0453125