0 0.1077396657871592 0.64453125 0.04133685136323659 0.0453125
0 0.15743183817062445 0.678125 0.036939313984168866 0.040625
0 0.23482849604221637 0.728125 0.03342128408091469 0.040625
0 0.40589270008795075 0.8421875 0.03781882145998241 0.04375
0 0.1706244503078276 0.37109375 0.036939313984168866 0.0421875
0 0.22031662269129287 0.44609375 0.032541776605101144 0.0390625
0 0.2678100263852243 0.43515625 0.03781882145998241 0.0421875
0 0.5664028144239227 0.4796875 0.03869832893579595 0.040625
0 0.548372911169745 0.21875 0.03781882145998241 0.040625
0 0.5901495162708883 0.27265625 0.0316622691292876 0.0328125
0 0.5971855760773968 0.2375 0.036939313984168866 0.0375
0 0.5664028144239226 0.1328125 0.0316622691292876 0.0375
0 0.6037818821459983 0.20625 0.032541776605101144 0.034375
0 0.4472295514511873 0.86953125 0.0395778364116095 0.0453125
0 0.4973614775725594 0.90859375 0.0395778364116095 0.0515625
0 0.5417766051011433 0.9359375 0.040457343887423045 0.04375
0 0.8412489006156553 0.19765625 0.020228671943711522 0.0578125
0 0.8773087071240105 0.20546875 0.02198768689533861 0.0546875