0 0.48504837291116976 0.4953125 0.025505716798592787 0.05625
0 0.44327176781002636 0.51953125 0.028144239226033423 0.0671875
0 0.5118733509234829 0.6890625 0.03518029903254178 0.053125
0 0.4155672823218997 0.7765625 0.030782761653474055 0.046875
0 0.41996481970096744 0.8203125 0.0395778364116095 0.05625
0 0.44283201407211964 0.88515625 0.03605980650835532 0.0515625
0 0.45338610378188215 0.91953125 0.04133685136323659 0.0546875
0 0.5787159190853123 0.91171875 0.03518029903254178 0.0515625
0 0.6231310466138962 0.40625 0.018469656992084433 0.065625
0 0.6477572559366754 0.3984375 0.018469656992084433 0.071875
0 0.6978891820580475 0.40390625 0.016710642040457344 0.0609375
0 0.7194371152154794 0.41796875 0.0158311345646438 0.0640625
0 0.7638522427440633 0.43984375 0.023746701846965697 0.0640625
0 0.7849604221635884 0.4609375 0.027264731750219876 0.071875
0 0.8311345646437994 0.515625 0.03869832893579595 0.06875
0 0.8975373790677221 0.64296875 0.04309586631486367 0.0546875
0 0.9085312225153914 0.678125 0.040457343887423045 0.053125
0 0.9212840809146877 0.725 0.03430079155672823 0.053125
0 0.8122251539138082 0.771875 0.0395778364116095 0.053125
0 0.8381706244503079 0.83671875 0.036939313984168866 0.0453125
0 0.718117854001759 0.71875 0.0395778364116095 0.053125
0 0.7537379067722075 0.8109375 0.04221635883905013 0.05625
0 0.7915567282321899 0.9125 0.04397537379067722 0.059375
0 0.6759014951627089 0.971875 0.03605980650835532 0.05
0 0.6051011433597185 0.97421875 0.040457343887423045 0.0515625
0 0.4102902374670185 0.0546875 0.03430079155672823 0.046875
0 0.47845206684256814 0.01796875 0.03869832893579595 0.0328125