0 0.06112576956904134 0.625 0.0395778364116095 0.028125
0 0.05364995602462621 0.9421875 0.04573438874230431 0.034375
0 0.11213720316622691 0.9390625 0.04309586631486367 0.03125
0 0.20492524186455588 0.928125 0.04573438874230431 0.028125
0 0.18469656992084432 0.61796875 0.040457343887423045 0.0359375
0 0.2647317502198769 0.5296875 0.040457343887423045 0.03125
0 0.47757255936675463 0.465625 0.036939313984168866 0.028125
0 0.5277044854881267 0.54453125 0.02990325417766051 0.0546875
0 0.3975373790677221 0.9171875 0.03869832893579595 0.028125
0 0.4432717678100264 0.9140625 0.040457343887423045 0.03125
0 0.49868073878627966 0.9140625 0.040457343887423045 0.028125
0 0.5452946350043976 0.9109375 0.04221635883905013 0.03125
0 0.6543535620052771 0.90703125 0.04221635883905013 0.0265625
0 0.40853122251539137 0.23046875 0.03605980650835532 0.0265625
0 0.4076517150395778 0.1390625 0.03605980650835532 0.028125
0 0.4573438874230431 0.221875 0.036939313984168866 0.025
0 0.4577836411609499 0.25625 0.030782761653474055 0.034375
0 0.9287598944591029 0.83984375 0.04397537379067722 0.0328125
0 0.4569041336851363 0.184375 0.032541776605101144 0.028125
0 0.6741424802110818 0.040625 0.016710642040457344 0.059375
0 0.704925241864556 0.03046875 0.016710642040457344 0.0515625