0 0.39489885664028146 0.04375 0.024626209322779244 0.053125
0 0.42172383465259455 0.01953125 0.025505716798592787 0.0359375
0 0.1789797713280563 0.3421875 0.03430079155672823 0.05
0 0.20668425681618294 0.4234375 0.03869832893579595 0.053125
0 0.24098504837291118 0.34140625 0.0316622691292876 0.0484375
0 0.25065963060686014 0.3765625 0.03518029903254178 0.05
0 0.26033421284080915 0.40078125 0.02990325417766051 0.0484375
0 0.33773087071240104 0.571875 0.040457343887423045 0.053125
0 0.4766930518909411 0.94296875 0.040457343887423045 0.0578125
0 0.5153913808267371 0.90078125 0.040457343887423045 0.0609375
0 0.6051011433597185 0.8 0.03869832893579595 0.05625
0 0.8095866314863676 0.178125 0.03605980650835532 0.046875
0 0.9089709762532981 0.2375 0.030782761653474055 0.05
0 0.9551451187335093 0.13359375 0.03518029903254178 0.0359375
0 0.8680738786279684 0.44140625 0.03518029903254178 0.0546875
0 0.9432717678100264 0.2984375 0.03605980650835532 0.053125
0 0.4291996481970097 0.98125 0.03869832893579595 0.0375