0 0.46437994722955145 0.9703125 0.024626209322779244 0.059375
0 0.386103781882146 0.59453125 0.022867194371152155 0.0578125
0 0.3729111697449428 0.525 0.024626209322779244 0.06875
0 0.35312225153913807 0.41796875 0.029023746701846966 0.0703125
0 0.3355321020228672 0.33046875 0.023746701846965697 0.0578125
0 0.4810905892700088 0.33515625 0.022867194371152155 0.0703125
0 0.49428320140721194 0.240625 0.022867194371152155 0.065625
0 0.4714160070360598 0.24375 0.024626209322779244 0.0625
0 0.4569041336851363 0.17265625 0.027264731750219876 0.0546875
0 0.5153913808267371 0.14296875 0.03869832893579595 0.0484375
0 0.5224274406332454 0.11171875 0.03518029903254178 0.0421875
0 0.5277044854881267 0.0796875 0.036939313984168866 0.04375
0 0.5338610378188214 0.04296875 0.03518029903254178 0.0421875
0 0.9366754617414248 0.66640625 0.019349164467897976 0.0671875
0 0.2748460861917326 0.034375 0.027264731750219876 0.065625