0 0.1820580474934037 0.13671875 0.0316622691292876 0.0515625
0 0.23614775725593667 0.38046875 0.032541776605101144 0.0546875
0 0.2695690413368514 0.43984375 0.027264731750219876 0.0546875
0 0.32409850483729113 0.5359375 0.030782761653474055 0.05625
0 0.44635004397537387 0.76015625 0.030782761653474055 0.0578125
0 0.4762532981530343 0.815625 0.03605980650835532 0.06875
0 0.5145118733509235 0.8890625 0.03518029903254178 0.065625
0 0.5461741424802111 0.9484375 0.036939313984168866 0.059375
0 0.6750219876868954 0.55 0.0395778364116095 0.059375
0 0.7480211081794196 0.37578125 0.032541776605101144 0.0484375
0 0.7198768689533861 0.29453125 0.03781882145998241 0.0546875
0 0.7594547053649956 0.3453125 0.03430079155672823 0.05625
0 0.7748460861917327 0.3203125 0.0316622691292876 0.05
0 0.0158311345646438 0.3109375 0.02990325417766051 0.053125
0 0.3148636763412489 0.18828125 0.026385224274406333 0.0453125
0 0.34432717678100266 0.1796875 0.027264731750219876 0.05
0 0.41424802110817943 0.30234375 0.03342128408091469 0.0546875
0 0.04969217238346526 0.03125 0.030782761653474055 0.053125
0 0.7541776605101144 0.221875 0.032541776605101144 0.04375