0 0.36323658751099386 0.03515625 0.0316622691292876 0.0546875
0 0.401495162708883 0.56875 0.032541776605101144 0.059375
0 0.4379947229551452 0.52734375 0.02990325417766051 0.0515625
0 0.5571679859278804 0.378125 0.023746701846965697 0.0625
0 0.5800351802990326 0.36015625 0.025505716798592787 0.0703125
0 0.627528583992964 0.34140625 0.016710642040457344 0.0609375
0 0.648636763412489 0.340625 0.018469656992084433 0.06875
0 0.6939313984168866 0.34296875 0.0158311345646438 0.0703125
0 0.7176781002638523 0.3640625 0.01759014951627089 0.053125
0 0.7678100263852242 0.3875 0.024626209322779244 0.065625
0 0.8447669305189094 0.48125 0.029023746701846966 0.0625
0 0.8843447669305189 0.5421875 0.03430079155672823 0.065625
0 0.8636763412489007 0.50625 0.03518029903254178 0.06875
0 0.7889182058047494 0.63828125 0.03518029903254178 0.0609375
0 0.822339489885664 0.6875 0.02990325417766051 0.05625
0 0.7884784520668425 0.784375 0.03605980650835532 0.071875
0 0.7405452946350044 0.70703125 0.036939313984168866 0.0671875
0 0.6917326297273527 0.63125 0.03430079155672823 0.06875
0 0.49428320140721194 0.7015625 0.0316622691292876 0.059375
0 0.41160949868073876 0.83515625 0.028144239226033423 0.0578125
0 0.4230430958663149 0.87109375 0.036939313984168866 0.0640625
0 0.4547053649956025 0.925 0.03342128408091469 0.059375
0 0.4700967458223395 0.9515625 0.032541776605101144 0.0625
0 0.5892700087950747 0.88203125 0.03342128408091469 0.0609375
0 0.6231310466138962 0.93203125 0.03430079155672823 0.0703125
0 0.6904133685136323 0.89921875 0.02990325417766051 0.0609375
0 0.6385224274406333 0.96015625 0.03869832893579595 0.0640625
0 0.6578715919085312 0.978125 0.0316622691292876 0.04375