0 0.5189094107299912 0.74453125 0.02990325417766051 0.0671875
0 0.5378188214599824 0.709375 0.027264731750219876 0.0625
0 0.9098504837291117 0.77265625 0.04133685136323659 0.0359375
0 0.2862796833773087 0.70625 0.03781882145998241 0.053125
0 0.3830255057167986 0.584375 0.03605980650835532 0.05625
0 0.3491644678979771 0.56953125 0.03518029903254178 0.0484375
0 0.341688654353562 0.51640625 0.03781882145998241 0.0578125
0 0.449868073878628 0.534375 0.03605980650835532 0.05
0 0.48504837291116976 0.3921875 0.032541776605101144 0.046875
0 0.4569041336851363 0.31953125 0.03781882145998241 0.0328125
0 0.5285839929639402 0.3171875 0.03518029903254178 0.040625
0 0.6011433597185576 0.26171875 0.03605980650835532 0.0453125
0 0.613896218117854 0.34375 0.0316622691292876 0.046875
0 0.5430958663148637 0.21953125 0.032541776605101144 0.0453125
0 0.30606860158311344 0.2953125 0.026385224274406333 0.065625
0 0.32189973614775724 0.25390625 0.028144239226033423 0.0640625
0 0.28100263852242746 0.22109375 0.029023746701846966 0.0640625
0 0.2075637642919965 0.1 0.026385224274406333 0.059375
0 0.7937554969217239 0.21875 0.03430079155672823 0.053125
0 0.9146877748460862 0.64296875 0.03518029903254178 0.0328125
0 0.9173262972735268 0.68203125 0.022867194371152155 0.0296875
0 0.9256816182937555 0.81953125 0.023746701846965697 0.0265625
0 0.9278803869832893 0.56796875 0.022867194371152155 0.0265625
0 0.9617414248021108 0.45859375 0.027264731750219876 0.0421875