0 0.34300791556728233 0.8953125 0.019349164467897976 0.075
0 0.35312225153913807 0.77734375 0.02198768689533861 0.0703125
0 0.3245382585751979 0.71640625 0.0158311345646438 0.0703125
0 0.3685136323658751 0.51796875 0.019349164467897976 0.0671875
0 0.3289357959542656 0.26171875 0.0158311345646438 0.0671875
0 0.31970096745822335 0.18046875 0.029023746701846966 0.0734375
0 0.3676341248900616 0.0765625 0.019349164467897976 0.071875
0 0.2805628847845207 0.1078125 0.019349164467897976 0.065625
0 0.31398416886543534 0.0375 0.019349164467897976 0.065625
0 0.16490765171503957 0.5125 0.04133685136323659 0.034375
0 0.1539138082673703 0.4640625 0.04221635883905013 0.0375
0 0.04133685136323659 0.48515625 0.04397537379067722 0.0359375
0 0.5043975373790677 0.4359375 0.03781882145998241 0.034375
0 0.5092348284960422 0.48125 0.03869832893579595 0.034375
0 0.9160070360598065 0.040625 0.018469656992084433 0.065625
0 0.9573438874230431 0.06171875 0.020228671943711522 0.0734375
0 0.3386103781882146 0.98515625 0.01759014951627089 0.0296875
0 0.012752858399296392 0.53359375 0.023746701846965697 0.0359375