0 0.09102902374670185 0.93359375 0.04309586631486367 0.0546875
0 0.21152154793315744 0.303125 0.03430079155672823 0.04375
0 0.23482849604221637 0.38828125 0.036939313984168866 0.0484375
0 0.272207563764292 0.3140625 0.03430079155672823 0.05
0 0.2796833773087071 0.34765625 0.03869832893579595 0.0453125
0 0.28935795954265614 0.378125 0.0316622691292876 0.046875
0 0.3540017590149516 0.55625 0.03781882145998241 0.053125
0 0.4736147757255937 0.94921875 0.0395778364116095 0.0546875
0 0.51363236587511 0.9140625 0.03869832893579595 0.053125
0 0.6094986807387863 0.82890625 0.03518029903254178 0.0515625
0 0.7497801231310466 0.3171875 0.03605980650835532 0.05
0 0.9160070360598065 0.23203125 0.03430079155672823 0.0390625
0 0.8927000879507476 0.515625 0.03518029903254178 0.05
0 0.976693051890941 0.3859375 0.03605980650835532 0.05
0 0.9437115215479331 0.31875 0.036939313984168866 0.04375
0 0.4393139841688654 0.04296875 0.02198768689533861 0.0515625
0 0.465259454705365 0.021875 0.022867194371152155 0.040625
0 0.41908531222515394 0.98203125 0.044854881266490766 0.0359375