0 0.6912928759894459 0.7703125 0.03869832893579595 0.03125
0 0.7357080035180299 0.7734375 0.03781882145998241 0.028125
0 0.8843447669305189 0.7734375 0.03781882145998241 0.03125
0 0.6077396657871592 0.675 0.03869832893579595 0.034375
0 0.4656992084432718 0.77421875 0.032541776605101144 0.0296875
0 0.42700087950747584 0.77265625 0.03781882145998241 0.0265625
0 0.36235708003518036 0.7671875 0.04397537379067722 0.034375
0 0.3113456464379947 0.7671875 0.03342128408091469 0.028125
0 0.28232189973614774 0.6796875 0.040457343887423045 0.03125
0 0.1363236587510994 0.76484375 0.03869832893579595 0.0296875
0 0.09058927000879508 0.765625 0.03869832893579595 0.028125
0 0.04221635883905013 0.76171875 0.040457343887423045 0.0296875
0 0.11873350923482849 0.52109375 0.036939313984168866 0.0296875
0 0.27088830255057167 0.5109375 0.03342128408091469 0.034375
0 0.31266490765171506 0.5109375 0.03605980650835532 0.025
0 0.3641160949868074 0.5234375 0.03869832893579595 0.028125
0 0.31926121372031663 0.46796875 0.0316622691292876 0.0234375
0 0.2770448548812665 0.4 0.0316622691292876 0.0625
0 0.262532981530343 0.37890625 0.029023746701846966 0.0515625
0 0.24934036939313983 0.35859375 0.032541776605101144 0.0578125
0 0.23306948109058928 0.3359375 0.028144239226033423 0.05625