0 0.07299912049252419 0.9390625 0.022867194371152155 0.078125
0 0.297273526824978 0.68515625 0.04221635883905013 0.0328125
0 0.29331574318381703 0.58515625 0.04309586631486367 0.0421875
0 0.23658751099384345 0.440625 0.03518029903254178 0.040625
0 0.24714160070360597 0.38203125 0.040457343887423045 0.0328125
0 0.33289357959542654 0.29765625 0.03781882145998241 0.0328125
0 0.386103781882146 0.3921875 0.040457343887423045 0.034375
0 0.4700967458223395 0.39765625 0.03781882145998241 0.0296875
0 0.5338610378188214 0.40078125 0.040457343887423045 0.0296875
0 0.35312225153913807 0.6875 0.0395778364116095 0.03125
0 0.4410729991204925 0.6890625 0.03781882145998241 0.028125
0 0.6231310466138962 0.6984375 0.03781882145998241 0.03125
0 0.6657871591908531 0.69921875 0.04221635883905013 0.0328125
0 0.7203166226912929 0.70546875 0.040457343887423045 0.0296875
0 0.7656112576956904 0.7078125 0.04133685136323659 0.03125
0 0.8698328935795955 0.71640625 0.03518029903254178 0.0265625
0 0.7005277044854882 0.27265625 0.0395778364116095 0.0328125
0 0.6367634124890061 0.02265625 0.026385224274406333 0.0359375
0 0.6816182937554969 0.05234375 0.03518029903254178 0.0265625
0 0.6789797713280563 0.01640625 0.03869832893579595 0.0296875