0 0.6912928759894459 0.740625 0.03518029903254178 0.034375
0 0.5923482849604221 0.7765625 0.03781882145998241 0.034375
0 0.5492524186455585 0.7921875 0.0395778364116095 0.025
0 0.4973614775725594 0.81015625 0.03605980650835532 0.0359375
0 0.4529463500439754 0.82421875 0.03342128408091469 0.0328125
0 0.17678100263852242 0.9359375 0.03869832893579595 0.03125
0 0.11609498680738786 0.96328125 0.04573438874230431 0.0328125
0 0.17634124890061564 0.5796875 0.044854881266490766 0.034375
0 0.19920844327176782 0.6125 0.044854881266490766 0.04375
0 0.0681618293755497 0.615625 0.04309586631486367 0.0375
0 0.4766930518909411 0.3859375 0.03342128408091469 0.040625
0 0.2678100263852243 0.90078125 0.04661389621811785 0.0390625
0 0.3759894459102902 0.08984375 0.030782761653474055 0.0296875
0 0.39050131926121373 0.17265625 0.03518029903254178 0.0296875
0 0.4291996481970097 0.1203125 0.03342128408091469 0.034375
0 0.4335971855760774 0.1546875 0.03518029903254178 0.028125
0 0.4379947229551452 0.1890625 0.02990325417766051 0.0375