0 0.3153034300791557 0.7390625 0.04133685136323659 0.028125
0 0.36939313984168864 0.74765625 0.036939313984168866 0.0265625
0 0.4542656112576957 0.7578125 0.03781882145998241 0.021875
0 0.6416007036059806 0.78984375 0.03605980650835532 0.0328125
0 0.6886543535620053 0.79921875 0.03869832893579595 0.0296875
0 0.7431838170624451 0.809375 0.03869832893579595 0.03125
0 0.7854001759014951 0.81640625 0.03869832893579595 0.0390625
0 0.8940193491644679 0.8390625 0.04309586631486367 0.03125
0 0.7352682497801232 0.3640625 0.04221635883905013 0.034375
0 0.7220756376429199 0.1375 0.03342128408091469 0.03125
0 0.7225153913808268 0.10625 0.0395778364116095 0.03125
0 0.7229551451187335 0.06328125 0.03518029903254178 0.0265625
0 0.08267370272647317 0.96484375 0.022867194371152155 0.0703125
0 0.04177660510114336 0.27890625 0.04309586631486367 0.0328125
0 0.011433597185576077 0.5625 0.021108179419525065 0.0375
0 0.669744942832014 0.01015625 0.03605980650835532 0.0171875
0 0.679419525065963 0.1 0.023746701846965697 0.03125