0 0.26033421284080915 0.64765625 0.036939313984168866 0.0515625
0 0.3759894459102902 0.77109375 0.03430079155672823 0.0484375
0 0.5303430079155673 0.94765625 0.03518029903254178 0.0515625
0 0.6657871591908531 0.634375 0.04221635883905013 0.04375
0 0.43051890941072996 0.49140625 0.03781882145998241 0.0546875
0 0.4045734388742304 0.415625 0.0316622691292876 0.046875
0 0.7673702726473175 0.40546875 0.03430079155672823 0.0484375
0 0.7598944591029024 0.4390625 0.0316622691292876 0.040625
0 0.01978891820580475 0.67265625 0.03781882145998241 0.0640625
0 0.018909410729991204 0.3671875 0.027264731750219876 0.040625
0 0.0853122251539138 0.26171875 0.03342128408091469 0.0453125
0 0.1693051890941073 0.1140625 0.030782761653474055 0.0375
0 0.306948109058927 0.69375 0.028144239226033423 0.053125
0 0.3491644678979771 0.3625 0.03342128408091469 0.053125
0 0.7770448548812665 0.36953125 0.03605980650835532 0.0390625
0 0.7273526824978013 0.3703125 0.028144239226033423 0.040625
0 0.7467018469656992 0.2859375 0.024626209322779244 0.0375
0 0.5712401055408971 0.98046875 0.03781882145998241 0.0390625