0 0.026824978012313105 0.20078125 0.032541776605101144 0.0421875
0 0.05013192612137203 0.35234375 0.03518029903254178 0.0546875
0 0.09542656112576955 0.26328125 0.03430079155672823 0.0453125
0 0.0870712401055409 0.68125 0.03342128408091469 0.071875
0 0.3381706244503078 0.61953125 0.03781882145998241 0.0484375
0 0.3856640281442392 0.66015625 0.0395778364116095 0.0546875
0 0.4630606860158311 0.725 0.03430079155672823 0.04375
0 0.633245382585752 0.88359375 0.036939313984168866 0.0453125
0 0.6745822339489885 0.91875 0.03518029903254178 0.040625
0 0.723834652594547 0.965625 0.04221635883905013 0.053125
0 0.8078276165347406 0.53359375 0.04309586631486367 0.0578125
0 0.8183817062445031 0.14765625 0.03430079155672823 0.0390625
0 0.841688654353562 0.31484375 0.03518029903254178 0.0328125
0 0.8504837291116975 0.2765625 0.03518029903254178 0.04375
0 0.8557607739665787 0.23984375 0.03342128408091469 0.0390625
0 0.802990325417766 0.24921875 0.028144239226033423 0.0453125
0 0.18293755496921724 0.03515625 0.036939313984168866 0.0515625
0 0.0158311345646438 0.91015625 0.02990325417766051 0.0734375
0 0.01802990325417766 0.31875 0.03430079155672823 0.04375