0 0.15479331574318383 0.334375 0.028144239226033423 0.05
0 0.4525065963060686 0.09609375 0.02198768689533861 0.0421875
0 0.29199648197009676 0.740625 0.03342128408091469 0.05625
0 0.3333333333333333 0.8046875 0.02990325417766051 0.05
0 0.0584872471416007 0.29453125 0.027264731750219876 0.0390625
0 0.0505716798592788 0.33515625 0.025505716798592787 0.0421875
0 0.056288478452066845 0.71484375 0.036939313984168866 0.0578125
0 0.6613896218117854 0.8078125 0.040457343887423045 0.040625
0 0.4665787159190853 0.615625 0.03781882145998241 0.059375
0 0.449868073878628 0.53671875 0.03430079155672823 0.0453125
0 0.39841688654353563 0.471875 0.028144239226033423 0.046875
0 0.24494283201407213 0.21171875 0.030782761653474055 0.0390625
0 0.010554089709762533 0.303125 0.019349164467897976 0.04375
0 0.06068601583113457 0.38359375 0.02990325417766051 0.0484375
0 0.08487247141600704 0.42109375 0.023746701846965697 0.0390625
0 0.030782761653474055 0.3390625 0.022867194371152155 0.040625
0 0.14907651715039577 0.0859375 0.023746701846965697 0.034375
0 0.3975373790677221 0.8875 0.03342128408091469 0.05625
0 0.7717678100263852 0.55625 0.03430079155672823 0.05
0 0.8016710642040458 0.48046875 0.023746701846965697 0.0359375
0 0.8087071240105541 0.63046875 0.030782761653474055 0.0328125
0 0.8148636763412489 0.60078125 0.03781882145998241 0.0515625
0 0.8254177660510115 0.56953125 0.032541776605101144 0.0453125