0 0.026385224274406333 0.45859375 0.036939313984168866 0.0328125
0 0.08883025505716799 0.8703125 0.022867194371152155 0.078125
0 0.24582233948988566 0.56015625 0.0395778364116095 0.0296875
0 0.272207563764292 0.525 0.032541776605101144 0.028125
0 0.2858399296394019 0.3125 0.03518029903254178 0.03125
0 0.322339489885664 0.66953125 0.04133685136323659 0.0328125
0 0.3781882145998241 0.6875 0.04221635883905013 0.0375
0 0.45602462620932277 0.52578125 0.0395778364116095 0.0328125
0 0.4630606860158311 0.703125 0.03605980650835532 0.03125
0 0.6068601583113455 0.61640625 0.040457343887423045 0.0359375
0 0.6468777484608619 0.75703125 0.03781882145998241 0.0421875
0 0.6838170624450308 0.68125 0.04309586631486367 0.040625
0 0.6917326297273527 0.7703125 0.04309586631486367 0.040625
0 0.7458223394898856 0.78359375 0.04221635883905013 0.0390625
0 0.7915567282321899 0.80234375 0.03869832893579595 0.0359375
0 0.899736147757256 0.8296875 0.036939313984168866 0.03125
0 0.9199648197009674 0.76953125 0.051011433597185574 0.0453125
0 0.911169744942832 0.50234375 0.04925241864555849 0.0390625
0 0.7554969217238346 0.33828125 0.04573438874230431 0.0390625
0 0.751099384344767 0.1078125 0.03518029903254178 0.0375
0 0.7550571679859279 0.0703125 0.0395778364116095 0.03125
0 0.7559366754617415 0.03203125 0.0395778364116095 0.0265625
0 0.0681618293755497 0.18203125 0.04309586631486367 0.0421875