0 0.37335092348284965 0.43984375 0.03430079155672823 0.0546875
0 0.15523306948109059 0.81015625 0.04133685136323659 0.0609375
0 0.1552330694810906 0.8671875 0.044854881266490766 0.065625
0 0.022427440633245383 0.9640625 0.0395778364116095 0.0625
0 0.281882145998241 0.2546875 0.032541776605101144 0.05
0 0.29331574318381703 0.2828125 0.025505716798592787 0.046875
0 0.4494283201407212 0.865625 0.03342128408091469 0.053125
0 0.48636763412489004 0.81875 0.03518029903254178 0.059375
0 0.5299032541776605 0.76484375 0.030782761653474055 0.0578125
0 0.5637642919964819 0.71875 0.0316622691292876 0.05625
0 0.6437994722955145 0.6171875 0.0316622691292876 0.05625
0 0.20800351802990324 0.2296875 0.027264731750219876 0.04375
0 0.2423043095866315 0.3015625 0.03781882145998241 0.05
0 0.26824978012313105 0.22421875 0.0316622691292876 0.0546875