0 0.014951627088830254 0.23984375 0.028144239226033423 0.0421875
0 0.08487247141600704 0.29453125 0.03781882145998241 0.0421875
0 0.040457343887423045 0.38828125 0.036939313984168866 0.0421875
0 0.012752858399296392 0.36640625 0.023746701846965697 0.0390625
0 0.09234828496042216 0.7171875 0.02990325417766051 0.071875
0 0.3390501319261214 0.6234375 0.0395778364116095 0.05
0 0.3896218117854002 0.65703125 0.040457343887423045 0.0453125
0 0.46921723834652596 0.715625 0.03605980650835532 0.046875
0 0.6037818821459983 0.48671875 0.04133685136323659 0.0484375
0 0.6446789797713279 0.84609375 0.036939313984168866 0.0484375
0 0.6851363236587511 0.87578125 0.04221635883905013 0.0546875
0 0.7392260334212841 0.91640625 0.04133685136323659 0.0515625
0 0.783641160949868 0.9515625 0.04221635883905013 0.05625
0 0.9182058047493403 0.65234375 0.040457343887423045 0.0453125
0 0.8073878627968337 0.48125 0.04397537379067722 0.046875
0 0.8056288478452067 0.09453125 0.036939313984168866 0.0390625
0 0.8469656992084432 0.1828125 0.03869832893579595 0.040625
0 0.8403693931398417 0.21875 0.03605980650835532 0.0375
0 0.8333333333333334 0.25546875 0.03430079155672823 0.0359375
0 0.7950747581354441 0.19609375 0.028144239226033423 0.0390625
0 0.025505716798592787 0.9609375 0.03342128408091469 0.078125
0 0.1627088830255057 0.05234375 0.040457343887423045 0.0484375