0 0.06772207563764292 0.56640625 0.036939313984168866 0.0609375
0 0.17634124890061564 0.4796875 0.044854881266490766 0.06875
0 0.16710642040457344 0.8859375 0.04221635883905013 0.0625
0 0.2145998240985048 0.8203125 0.03342128408091469 0.059375
0 0.2840809146877749 0.72265625 0.036939313984168866 0.0546875
0 0.43007915567282323 0.5171875 0.0316622691292876 0.053125
0 0.4621811785400176 0.46796875 0.03430079155672823 0.0546875
0 0.5026385224274407 0.415625 0.03430079155672823 0.059375
0 0.5360598065083553 0.36875 0.03430079155672823 0.0625
0 0.3337730870712401 0.08828125 0.03605980650835532 0.0609375
0 0.41996481970096744 0.09296875 0.03781882145998241 0.0640625
0 0.6165347405452947 0.25625 0.03342128408091469 0.053125