0 0.2642919964819701 0.76640625 0.032541776605101144 0.0265625
0 0.3148636763412489 0.9046875 0.040457343887423045 0.03125
0 0.3720316622691293 0.9125 0.04221635883905013 0.028125
0 0.47493403693931396 0.82578125 0.040457343887423045 0.0359375
0 0.4630606860158311 0.91484375 0.03605980650835532 0.0328125
0 0.5065963060686016 0.6046875 0.040457343887423045 0.03125
0 0.5584872471416007 0.79296875 0.03342128408091469 0.0390625
0 0.6530343007915567 0.93359375 0.03781882145998241 0.0265625
0 0.7005277044854882 0.9375 0.0395778364116095 0.0375
0 0.755057167985928 0.9421875 0.03781882145998241 0.034375
0 0.8016710642040458 0.946875 0.03781882145998241 0.034375
0 0.8095866314863677 0.7578125 0.04133685136323659 0.040625
0 0.7291116974494283 0.48828125 0.040457343887423045 0.0328125
0 0.7084432717678101 0.2734375 0.030782761653474055 0.03125
0 0.6552330694810906 0.1453125 0.03869832893579595 0.028125
0 0.7084432717678101 0.1984375 0.03605980650835532 0.03125
0 0.706684256816183 0.23984375 0.03781882145998241 0.0296875
0 0.9278803869832893 0.08125 0.0158311345646438 0.059375
0 0.9591029023746702 0.075 0.016710642040457344 0.05625
0 0.9129287598944591 0.8375 0.04573438874230431 0.0375
0 0.9683377308707124 0.8984375 0.04397537379067722 0.03125
0 0.9138082673702727 0.959375 0.04397537379067722 0.040625
0 0.03781882145998241 0.459375 0.04397537379067722 0.0375
0 0.6587510993843447 0.2375 0.03869832893579595 0.03125