0 0.21503957783641162 0.5109375 0.04133685136323659 0.046875
0 0.2198768689533861 0.38125 0.03518029903254178 0.0375
0 0.34564643799472294 0.4171875 0.03869832893579595 0.040625
0 0.3434476693051891 0.59375 0.0395778364116095 0.04375
0 0.19525065963060687 0.18828125 0.03518029903254178 0.0390625
0 0.27308707124010556 0.19296875 0.032541776605101144 0.0328125
0 0.05408970976253298 0.2640625 0.03430079155672823 0.040625
0 0.1468777484608619 0.1203125 0.03518029903254178 0.04375
0 0.6701846965699209 0.36171875 0.036939313984168866 0.0390625
0 0.5145118733509235 0.7140625 0.03342128408091469 0.034375
0 0.5545294635004397 0.74375 0.03430079155672823 0.040625
0 0.6024626209322779 0.7796875 0.036939313984168866 0.04375
0 0.6442392260334213 0.8140625 0.04133685136323659 0.046875
0 0.7467018469656992 0.88828125 0.04221635883905013 0.0421875
0 0.6952506596306068 0.15 0.027264731750219876 0.034375
0 0.6987686895338611 0.1140625 0.032541776605101144 0.0375
0 0.951627088830255 0.084375 0.024626209322779244 0.065625
0 0.9846086191732629 0.09296875 0.020228671943711522 0.0578125
0 0.2642919964819701 0.54296875 0.03430079155672823 0.0453125
0 0.6552330694810906 0.09375 0.02990325417766051 0.040625
0 0.7053649956024626 0.0828125 0.03518029903254178 0.034375