0 0.2612137203166227 0.5390625 0.02990325417766051 0.0375
0 0.2757255936675462 0.4984375 0.029023746701846966 0.03125
0 0.1376429199648197 0.9640625 0.029023746701846966 0.0625
0 0.20052770448548812 0.9015625 0.022867194371152155 0.065625
0 0.22075637642919965 0.91640625 0.026385224274406333 0.0703125
0 0.2405452946350044 0.9296875 0.02198768689533861 0.0625
0 0.3676341248900616 0.978125 0.028144239226033423 0.04375
0 0.6561125769569042 0.9109375 0.022867194371152155 0.065625
0 0.6926121372031663 0.4796875 0.016710642040457344 0.04375
0 0.7339489885664028 0.3734375 0.014951627088830254 0.040625
0 0.7040457343887423 0.171875 0.011433597185576077 0.040625
0 0.7594547053649956 0.1484375 0.011433597185576077 0.028125
0 0.8843447669305189 0.2703125 0.030782761653474055 0.03125
0 0.9107299912049253 0.30703125 0.029023746701846966 0.0296875
0 0.9375549692172384 0.2890625 0.028144239226033423 0.028125
0 0.42480211081794195 0.18046875 0.024626209322779244 0.0265625
0 0.4182058047493404 0.20390625 0.02198768689533861 0.0234375
0 0.3992963940193492 0.21875 0.021108179419525065 0.025