0 0.5180299032541776 0.38984375 0.021108179419525065 0.0390625
0 0.5408970976253298 0.540625 0.014072119613016711 0.0375
0 0.5584872471416007 0.52421875 0.014072119613016711 0.0390625
0 0.48636763412489004 0.240625 0.008795074758135445 0.03125
0 0.6763412489006156 0.41015625 0.026385224274406333 0.0265625
0 0.8500439753737907 0.42890625 0.025505716798592787 0.0203125
0 0.7211961301671064 0.40859375 0.026385224274406333 0.0203125
0 0.07959542656112577 0.9109375 0.0395778364116095 0.0375
0 0.0901495162708883 0.85859375 0.03781882145998241 0.0328125
0 0.22867194371152155 0.46015625 0.028144239226033423 0.0265625
0 0.2264731750219877 0.48671875 0.027264731750219876 0.0234375
0 0.2106420404573439 0.50625 0.018469656992084433 0.01875
0 0.5633245382585752 0.17109375 0.009674582233948988 0.0203125
0 0.8065083553210203 0.42578125 0.024626209322779244 0.0171875
0 0.7651715039577837 0.41796875 0.024626209322779244 0.0234375
0 0.7832014072119613 0.47109375 0.027264731750219876 0.0203125
0 0.8271767810026385 0.4796875 0.032541776605101144 0.025
0 0.523306948109059 0.03515625 0.008795074758135445 0.0234375
0 0.5628847845206685 0.03125 0.010554089709762533 0.025