0 0.2260334212840809 0.51171875 0.036939313984168866 0.0390625
0 0.10554089709762533 0.60703125 0.03518029903254178 0.0421875
0 0.30035180299032543 0.1875 0.014951627088830254 0.04375
0 0.2990325417766051 0.23515625 0.01759014951627089 0.0453125
0 0.30914687774846084 0.2796875 0.014951627088830254 0.046875
0 0.4129287598944591 0.69296875 0.025505716798592787 0.0671875
0 0.49912049252418644 0.84296875 0.023746701846965697 0.0671875
0 0.5488126649076517 0.909375 0.028144239226033423 0.06875
0 0.37730870712401055 0.03828125 0.019349164467897976 0.0390625
0 0.4102902374670185 0.0765625 0.014951627088830254 0.0375
0 0.4837291116974494 0.190625 0.021108179419525065 0.053125
0 0.4366754617414248 0.771875 0.02198768689533861 0.065625
0 0.4731750219876869 0.90625 0.024626209322779244 0.071875
0 0.23790677220756376 0.0140625 0.016710642040457344 0.025
0 0.42656112576956906 0.02734375 0.01759014951627089 0.0421875
0 0.27132805628847845 0.13203125 0.018469656992084433 0.0453125
0 0.2827616534740545 0.1796875 0.020228671943711522 0.046875
0 0.9736147757255936 0.8328125 0.0316622691292876 0.05625
0 0.9283201407211962 0.8921875 0.029023746701846966 0.06875
0 0.965259454705365 0.9640625 0.03605980650835532 0.0625
0 0.9481090589270009 0.9859375 0.024626209322779244 0.028125
0 0.9837291116974495 0.9546875 0.032541776605101144 0.075