0 0.09454705364995601 0.771875 0.032541776605101144 0.06875
0 0.06772207563764292 0.43203125 0.040457343887423045 0.0234375
0 0.23043095866314864 0.5890625 0.019349164467897976 0.0625
0 0.29463500439753737 0.4453125 0.03869832893579595 0.034375
0 0.2590149516270888 0.3421875 0.03605980650835532 0.03125
0 0.41864555848724716 0.45078125 0.03518029903254178 0.0265625
0 0.31046613896218117 0.7453125 0.040457343887423045 0.03125
0 0.3658751099384345 0.74765625 0.03869832893579595 0.0265625
0 0.4547053649956025 0.746875 0.036939313984168866 0.028125
0 0.5932277924362357 0.68515625 0.04309586631486367 0.0359375
0 0.519349164467898 0.45234375 0.04133685136323659 0.0296875
0 0.63896218117854 0.75703125 0.03781882145998241 0.0265625
0 0.6829375549692173 0.76171875 0.03781882145998241 0.0265625
0 0.7361477572559367 0.7625 0.036939313984168866 0.028125
0 0.7814423922603342 0.765625 0.0395778364116095 0.03125
0 0.886103781882146 0.77421875 0.03781882145998241 0.0265625
0 0.7950747581354441 0.41640625 0.04221635883905013 0.0296875
0 0.7154793315743184 0.3234375 0.0395778364116095 0.03125
0 0.6948109058927001 0.06640625 0.03518029903254178 0.0296875
0 0.6965699208443272 0.1046875 0.03342128408091469 0.03125
0 0.6943711521547933 0.02890625 0.03605980650835532 0.0296875