0 0.3188214599824098 0.36328125 0.027264731750219876 0.0453125
0 0.37686895338610377 0.346875 0.027264731750219876 0.05
0 0.3935795954265611 0.3734375 0.030782761653474055 0.05
0 0.40589270008795075 0.39453125 0.025505716798592787 0.0515625
0 0.48636763412489004 0.0484375 0.026385224274406333 0.046875
0 0.5004397537379067 0.5234375 0.03342128408091469 0.059375
0 0.6802990325417766 0.65625 0.027264731750219876 0.05
0 0.6130167106420404 0.93984375 0.02990325417766051 0.0671875
0 0.6473175021987687 0.88203125 0.02990325417766051 0.0734375
0 0.683377308707124 0.81484375 0.0316622691292876 0.0578125
0 0.7128408091468779 0.76171875 0.032541776605101144 0.0671875
0 0.7814423922603342 0.64296875 0.030782761653474055 0.0609375
0 0.816622691292876 0.4921875 0.032541776605101144 0.065625
0 0.8900615655233071 0.334375 0.024626209322779244 0.046875
0 0.5048372911169745 0.01953125 0.028144239226033423 0.0359375