0 0.06728232189973615 0.59765625 0.0395778364116095 0.0484375
0 0.18909410729991205 0.490625 0.03869832893579595 0.04375
0 0.38698328935795956 0.63828125 0.028144239226033423 0.0640625
0 0.4388742304309587 0.65859375 0.026385224274406333 0.0578125
0 0.49340369393139843 0.7234375 0.026385224274406333 0.05625
0 0.41204925241864554 0.7171875 0.023746701846965697 0.053125
0 0.4547053649956025 0.840625 0.028144239226033423 0.065625
0 0.26033421284080915 0.24140625 0.021108179419525065 0.0453125
0 0.24670184696569922 0.2 0.023746701846965697 0.05
0 0.24714160070360597 0.14921875 0.021108179419525065 0.0421875
0 0.21372031662269128 0.0984375 0.021108179419525065 0.046875
0 0.34300791556728233 0.04921875 0.021108179419525065 0.0421875
0 0.3817062445030783 0.08671875 0.021108179419525065 0.0390625
0 0.43447669305189096 0.12734375 0.024626209322779244 0.0453125
0 0.8927000879507476 0.75546875 0.0316622691292876 0.0578125
0 0.9155672823218998 0.85390625 0.03518029903254178 0.0578125
0 0.9313984168865436 0.82734375 0.03518029903254178 0.0734375
0 0.22867194371152155 0.14375 0.019349164467897976 0.046875
0 0.9362357080035181 0.69453125 0.025505716798592787 0.0484375
0 0.9494283201407212 0.803125 0.03430079155672823 0.059375
0 0.8131046613896218 0.98515625 0.025505716798592787 0.0296875