0 0.10686015831134564 0.83046875 0.027264731750219876 0.0796875
0 0.23218997361477572 0.3265625 0.03869832893579595 0.04375
0 0.2541776605101143 0.4453125 0.036939313984168866 0.03125
0 0.3113456464379947 0.74453125 0.04221635883905013 0.0265625
0 0.38830255057167984 0.4453125 0.03781882145998241 0.03125
0 0.36631486367634125 0.746875 0.03781882145998241 0.025
0 0.5021987686895338 0.45 0.04221635883905013 0.0375
0 0.7229551451187335 0.41484375 0.040457343887423045 0.0328125
0 0.7150395778364116 0.32421875 0.03869832893579595 0.0328125
0 0.6934916446789797 0.065625 0.03605980650835532 0.028125
0 0.6956904133685137 0.10390625 0.03518029903254178 0.0328125
0 0.6684256816182937 0.69375 0.04397537379067722 0.0375
0 0.6385224274406333 0.7578125 0.036939313984168866 0.03125
0 0.6816182937554969 0.7609375 0.040457343887423045 0.028125
0 0.7365875109938435 0.76484375 0.03781882145998241 0.0296875
0 0.7814423922603342 0.76875 0.03781882145998241 0.03125
0 0.8869832893579596 0.771875 0.03781882145998241 0.03125
0 0.693051890941073 0.025 0.03518029903254178 0.025
0 0.4547053649956025 0.7453125 0.03869832893579595 0.025
0 0.6468777484608619 0.06953125 0.032541776605101144 0.0296875
0 0.24406332453825857 0.61875 0.030782761653474055 0.059375
0 0.013192612137203167 0.4265625 0.024626209322779244 0.028125
0 0.020228671943711522 0.3140625 0.03869832893579595 0.034375
0 0.0870712401055409 0.98046875 0.022867194371152155 0.0390625