0 0.35795954265611263 0.446875 0.03518029903254178 0.05625
0 0.22075637642919965 0.32265625 0.03869832893579595 0.0515625
0 0.27352682497801234 0.2953125 0.028144239226033423 0.05
0 0.2598944591029024 0.271875 0.03430079155672823 0.05625
0 0.24406332453825857 0.70390625 0.0395778364116095 0.0609375
0 0.14819700967458224 0.88828125 0.04309586631486367 0.0703125
0 0.44591029023746703 0.8703125 0.03342128408091469 0.059375
0 0.47977132805628847 0.815625 0.03430079155672823 0.059375
0 0.5219876868953386 0.7578125 0.03605980650835532 0.05625
0 0.5567282321899737 0.70859375 0.03518029903254178 0.0640625
0 0.6336851363236586 0.6015625 0.030782761653474055 0.05625
0 0.01978891820580475 0.984375 0.032541776605101144 0.03125
0 0.1820580474934037 0.24921875 0.0316622691292876 0.0484375
0 0.24670184696569922 0.23671875 0.032541776605101144 0.0546875