0 0.0980650835532102 0.81328125 0.03605980650835532 0.0359375
0 0.19393139841688656 0.78046875 0.0395778364116095 0.0296875
0 0.14160070360598065 0.5703125 0.03869832893579595 0.034375
0 0.04573438874230431 0.771875 0.04221635883905013 0.040625
0 0.31926121372031663 0.81796875 0.040457343887423045 0.0359375
0 0.3729111697449428 0.796875 0.03869832893579595 0.040625
0 0.30035180299032543 0.5109375 0.0395778364116095 0.0375
0 0.3412489006156552 0.45 0.03869832893579595 0.0375
0 0.42700087950747584 0.6796875 0.03430079155672823 0.0375
0 0.4604221635883905 0.76171875 0.03781882145998241 0.0421875
0 0.6416007036059806 0.6953125 0.03605980650835532 0.034375
0 0.6838170624450308 0.68125 0.0395778364116095 0.0375
0 0.7343887423043096 0.6640625 0.036939313984168866 0.0375
0 0.7783641160949868 0.65078125 0.03869832893579595 0.0359375
0 0.6613896218117854 0.2484375 0.040457343887423045 0.0375
0 0.768249780123131 0.35234375 0.04133685136323659 0.0390625
0 0.6152154793315743 0.03984375 0.030782761653474055 0.0296875
0 0.9740545294635005 0.196875 0.04309586631486367 0.0375
0 0.8808267370272648 0.61484375 0.03605980650835532 0.0328125
0 0.5633245382585752 0.02578125 0.03430079155672823 0.0265625
0 0.6090589270008795 0.01171875 0.03781882145998241 0.0203125