0 0.10817941952506596 0.50546875 0.036939313984168866 0.0359375
0 0.08751099384344767 0.89921875 0.027264731750219876 0.0796875
0 0.3201407211961302 0.60625 0.03869832893579595 0.034375
0 0.3232189973614776 0.7 0.04133685136323659 0.04375
0 0.3768689533861038 0.7125 0.04133685136323659 0.034375
0 0.46437994722955145 0.7296875 0.03869832893579595 0.040625
0 0.5729991204925242 0.5859375 0.04133685136323659 0.0375
0 0.36807387862796836 0.57578125 0.03430079155672823 0.0328125
0 0.19569041336851364 0.31875 0.03605980650835532 0.0375
0 0.6481970096745823 0.78359375 0.03869832893579595 0.0359375
0 0.7080035180299032 0.67890625 0.040457343887423045 0.0390625
0 0.6908531222515392 0.796875 0.04309586631486367 0.04375
0 0.7766051011433597 0.74453125 0.04397537379067722 0.0390625
0 0.7467018469656992 0.8125 0.040457343887423045 0.040625
0 0.7919964819700968 0.82734375 0.04309586631486367 0.0421875
0 0.8992963940193491 0.8609375 0.0395778364116095 0.03125
0 0.7792436235708003 0.50390625 0.04397537379067722 0.0421875
0 0.7554969217238346 0.365625 0.040457343887423045 0.0375
0 0.06904133685136324 0.2125 0.048372911169744945 0.046875
0 0.7102022867194371 0.09453125 0.016710642040457344 0.0296875
0 0.7532981530343008 0.065625 0.03781882145998241 0.03125
0 0.751099384344767 0.1015625 0.03518029903254178 0.03125
0 0.7515391380826737 0.13671875 0.03430079155672823 0.0265625