0 0.21240105540897097 0.5796875 0.032541776605101144 0.034375
0 0.22295514511873352 0.53515625 0.029023746701846966 0.0265625
0 0.6521547933157432 0.409375 0.014951627088830254 0.040625
0 0.6824978012313104 0.33515625 0.014072119613016711 0.0453125
0 0.6253298153034301 0.89453125 0.021108179419525065 0.0640625
0 0.6437994722955145 0.1609375 0.010554089709762533 0.04375
0 0.8214599824098505 0.2390625 0.02990325417766051 0.028125
0 0.9639401934916447 0.28359375 0.026385224274406333 0.0234375
0 0.702726473175022 0.06484375 0.010554089709762533 0.0265625
0 0.8680738786279684 0.25078125 0.024626209322779244 0.0234375
0 0.3641160949868074 0.1953125 0.022867194371152155 0.03125
0 0.3579595426561126 0.21875 0.024626209322779244 0.028125
0 0.3386103781882146 0.23203125 0.024626209322779244 0.0265625
0 0.16358839050131926 0.95546875 0.024626209322779244 0.0703125
0 0.18601583113456466 0.96796875 0.025505716798592787 0.0640625
0 0.20448548812664907 0.9734375 0.020228671943711522 0.053125