0 0.158311345646438 0.6796875 0.0316622691292876 0.034375
0 0.167985927880387 0.63203125 0.0316622691292876 0.0265625
0 0.5914687774846086 0.93671875 0.016710642040457344 0.0671875
0 0.5800351802990326 0.2109375 0.014951627088830254 0.04375
0 0.6024626209322779 0.40859375 0.012313104661389622 0.0421875
0 0.623570800351803 0.36171875 0.012313104661389622 0.0328125
0 0.5646437994722955 0.0375 0.008795074758135445 0.025
0 0.2994722955145119 0.26796875 0.027264731750219876 0.0171875
0 0.29463500439753737 0.29609375 0.024626209322779244 0.0265625
0 0.2783641160949868 0.3125 0.018469656992084433 0.025
0 0.7510993843447671 0.259375 0.02990325417766051 0.025
0 0.7955145118733509 0.2671875 0.027264731750219876 0.028125
0 0.8636763412489006 0.334375 0.028144239226033423 0.028125
0 0.9089709762532981 0.346875 0.029023746701846966 0.028125
0 0.9366754617414248 0.296875 0.028144239226033423 0.025
0 0.8883025505716798 0.2859375 0.026385224274406333 0.021875
0 0.8447669305189094 0.28046875 0.025505716798592787 0.0234375
0 0.6376429199648197 0.05078125 0.014072119613016711 0.0296875