0 0.14643799472295516 0.4265625 0.032541776605101144 0.025
0 0.17458223394898856 0.3828125 0.03781882145998241 0.028125
0 0.23966578715919085 0.2984375 0.03605980650835532 0.03125
0 0.2884784520668426 0.3921875 0.03869832893579595 0.034375
0 0.3759894459102902 0.4015625 0.03605980650835532 0.03125
0 0.17502198768689534 0.6859375 0.04397537379067722 0.028125
0 0.23175021987686895 0.6890625 0.04133685136323659 0.03125
0 0.32058047493403696 0.69375 0.03781882145998241 0.025
0 0.026824978012313105 0.11875 0.016710642040457344 0.071875
0 0.523306948109059 0.4125 0.04221635883905013 0.034375
0 0.5879507475813545 0.278125 0.0395778364116095 0.03125
0 0.5043975373790677 0.70546875 0.03605980650835532 0.0265625
0 0.5470536499560247 0.70546875 0.03869832893579595 0.0328125
0 0.6007036059806509 0.7125 0.036939313984168866 0.03125
0 0.6442392260334213 0.71640625 0.0395778364116095 0.0296875
0 0.7471416007036061 0.72578125 0.03781882145998241 0.0265625
0 0.5729991204925243 0.025 0.03605980650835532 0.03125
0 0.575197889182058 0.06015625 0.02990325417766051 0.0265625
0 0.5237467018469657 0.03125 0.030782761653474055 0.034375