0 0.05013192612137203 0.77109375 0.036939313984168866 0.0359375
0 0.14599824098504838 0.75078125 0.03869832893579595 0.0296875
0 0.20052770448548815 0.51484375 0.036939313984168866 0.0328125
0 0.35312225153913807 0.478125 0.04133685136323659 0.034375
0 0.37994722955145116 0.67890625 0.03869832893579595 0.0296875
0 0.316622691292876 0.79140625 0.04221635883905013 0.0328125
0 0.37115215479331576 0.7796875 0.04221635883905013 0.034375
0 0.4604221635883905 0.75625 0.03605980650835532 0.028125
0 0.42480211081794195 0.41171875 0.040457343887423045 0.0328125
0 0.679419525065963 0.2671875 0.04133685136323659 0.0375
0 0.6420404573438874 0.7140625 0.03869832893579595 0.028125
0 0.6851363236587511 0.70390625 0.03869832893579595 0.0296875
0 0.7383465259454707 0.68984375 0.03605980650835532 0.0296875
0 0.7810026385224275 0.68125 0.036939313984168866 0.028125
0 0.8847845206684257 0.66015625 0.036939313984168866 0.0296875
0 0.8768689533861038 0.36328125 0.04397537379067722 0.0359375
0 0.9819700967458224 0.58359375 0.03605980650835532 0.0421875
0 0.5914687774846086 0.0328125 0.027264731750219876 0.028125
0 0.6363236587510994 0.0171875 0.03781882145998241 0.03125
0 0.6429199648197008 0.053125 0.03342128408091469 0.040625
0 0.018469656992084436 0.5765625 0.03518029903254178 0.046875
0 0.1310466138962181 0.259375 0.019349164467897976 0.046875