0 0.23790677220756376 0.234375 0.03781882145998241 0.04375
0 0.8117854001759015 0.19609375 0.036939313984168866 0.0359375
0 0.8161829375549692 0.1578125 0.03869832893579595 0.0375
0 0.8223394898856641 0.1203125 0.03869832893579595 0.040625
0 0.7805628847845206 0.03515625 0.03430079155672823 0.0328125
0 0.22735268249780125 0.403125 0.03781882145998241 0.04375
0 0.08795074758135445 0.72734375 0.0316622691292876 0.0734375
0 0.32937554969217236 0.5140625 0.0395778364116095 0.046875
0 0.33201407211961304 0.6125 0.04309586631486367 0.04375
0 0.3830255057167986 0.64140625 0.0395778364116095 0.0421875
0 0.4635004397537379 0.68671875 0.03518029903254178 0.0421875
0 0.5474934036939314 0.6625 0.05013192612137203 0.053125
0 0.5118733509234829 0.71796875 0.036939313984168866 0.0484375
0 0.6402814423922604 0.803125 0.03869832893579595 0.0375
0 0.683377308707124 0.82890625 0.040457343887423045 0.0453125
0 0.7361477572559367 0.86328125 0.04221635883905013 0.0484375
0 0.7779243623570801 0.89453125 0.04309586631486367 0.0484375
0 0.8839050131926122 0.96328125 0.04221635883905013 0.0453125
0 0.702726473175022 0.471875 0.03869832893579595 0.0375
0 0.7915567282321899 0.4234375 0.040457343887423045 0.04375
0 0.05364995602462621 0.253125 0.03869832893579595 0.046875
0 0.00967458223394899 0.30859375 0.01759014951627089 0.0359375
0 0.02198768689533861 0.40703125 0.036939313984168866 0.0421875
0 0.0316622691292876 0.96875 0.03342128408091469 0.0625
0 0.13236587510993844 0.05625 0.0395778364116095 0.05
0 0.7708883025505717 0.13984375 0.029023746701846966 0.0390625