0 0.0760773966578716 0.665625 0.03781882145998241 0.04375
0 0.13148636763412488 0.809375 0.04309586631486367 0.046875
0 0.14819700967458224 0.86171875 0.03605980650835532 0.0328125
0 0.24670184696569922 0.81171875 0.03781882145998241 0.0390625
0 0.2519788918205805 0.51953125 0.03605980650835532 0.0421875
0 0.24142480211081793 0.57578125 0.0395778364116095 0.0421875
0 0.3245382585751979 0.84921875 0.040457343887423045 0.0359375
0 0.3781882145998241 0.8203125 0.03869832893579595 0.046875
0 0.4780123131046614 0.66953125 0.03605980650835532 0.0359375
0 0.4621811785400176 0.77265625 0.03430079155672823 0.0328125
0 0.6380826737027264 0.67265625 0.03781882145998241 0.0390625
0 0.6789797713280563 0.6515625 0.040457343887423045 0.040625
0 0.6552330694810905 0.35703125 0.04221635883905013 0.0453125
0 0.6341248900615655 0.22578125 0.036939313984168866 0.0484375
0 0.7299912049252418 0.6234375 0.03869832893579595 0.034375
0 0.772207563764292 0.6046875 0.03869832893579595 0.040625
0 0.8702726473175022 0.55390625 0.03605980650835532 0.0421875
0 0.8597185576077396 0.16640625 0.04309586631486367 0.0453125
0 0.5268249780123131 0.0171875 0.0316622691292876 0.03125
0 0.5778364116094987 0.0265625 0.03518029903254178 0.04375