0 0.0712401055408971 0.11171875 0.03342128408091469 0.0421875
0 0.1358839050131926 0.18671875 0.030782761653474055 0.0390625
0 0.05452946350043976 0.22890625 0.03869832893579595 0.0515625
0 0.03430079155672823 0.16796875 0.03342128408091469 0.0484375
0 0.08487247141600704 0.26484375 0.03430079155672823 0.0453125
0 0.1059806508355321 0.59921875 0.032541776605101144 0.0609375
0 0.024626209322779244 0.8203125 0.03342128408091469 0.071875
0 0.3544415127528584 0.5796875 0.040457343887423045 0.05625
0 0.39929639401934913 0.62890625 0.03869832893579595 0.0515625
0 0.470976253298153 0.70625 0.032541776605101144 0.053125
0 0.6820580474934037 0.578125 0.04133685136323659 0.059375
0 0.830255057167986 0.5734375 0.04221635883905013 0.05625
0 0.633245382585752 0.8890625 0.03869832893579595 0.05
0 0.673702726473175 0.93203125 0.03518029903254178 0.0484375
0 0.7211961301671064 0.97890625 0.03869832893579595 0.0421875
0 0.8773087071240105 0.35703125 0.03605980650835532 0.0421875
0 0.8869832893579596 0.321875 0.04133685136323659 0.04375
0 0.8636763412489007 0.1890625 0.03518029903254178 0.0375
0 0.8979771328056289 0.28515625 0.03869832893579595 0.0453125
0 0.8425681618293756 0.2875 0.02990325417766051 0.0375
0 0.012752858399296392 0.18046875 0.023746701846965697 0.0390625