0 0.1503957783641161 0.4203125 0.036939313984168866 0.05625
0 0.1820580474934037 0.09453125 0.028144239226033423 0.0609375
0 0.2405452946350044 0.04375 0.029023746701846966 0.05
0 0.3843447669305189 0.5171875 0.03342128408091469 0.0625
0 0.41952506596306066 0.5859375 0.0316622691292876 0.059375
0 0.4780123131046614 0.7 0.027264731750219876 0.05625
0 0.0426561125769569 0.58125 0.03605980650835532 0.065625
0 0.8021108179419525 0.8703125 0.04221635883905013 0.06875
0 0.8452066842568162 0.75078125 0.036939313984168866 0.0671875
0 0.9265611257695691 0.5625 0.030782761653474055 0.05
0 0.9445910290237467 0.5359375 0.03518029903254178 0.053125
0 0.9397537379067722 0.39140625 0.03430079155672823 0.0546875
0 0.9591029023746702 0.50546875 0.03430079155672823 0.0546875
0 0.6055408970976254 0.95546875 0.030782761653474055 0.0609375
0 0.9050131926121372 0.47578125 0.02990325417766051 0.0515625
0 0.15919085312225154 0.04609375 0.028144239226033423 0.0578125