0 0.08311345646437995 0.59453125 0.03781882145998241 0.0203125
0 0.13984168865435356 0.5859375 0.03342128408091469 0.025
0 0.27440633245382584 0.5609375 0.03518029903254178 0.025
0 0.3922603342128408 0.53828125 0.03518029903254178 0.0265625
0 0.5013192612137203 0.365625 0.0158311345646438 0.04375
0 0.49912049252418644 0.32109375 0.013192612137203167 0.0453125
0 0.5083553210202286 0.2796875 0.014072119613016711 0.040625
0 0.5611257695690414 0.2671875 0.014072119613016711 0.04375
0 0.49076517150395776 0.22109375 0.014072119613016711 0.0421875
0 0.6525945470536499 0.18359375 0.014072119613016711 0.0359375
0 0.6816182937554969 0.35859375 0.01759014951627089 0.0453125
0 0.5321020228671944 0.8 0.01759014951627089 0.06875
0 0.5378188214599824 0.8921875 0.020228671943711522 0.065625
0 0.4788918205804749 0.08359375 0.014951627088830254 0.0390625