0 0.051451187335092345 0.125 0.03430079155672823 0.0625
0 0.29331574318381703 0.15390625 0.03781882145998241 0.0609375
0 0.33509234828496043 0.215625 0.02990325417766051 0.05
0 0.40105540897097625 0.3046875 0.036939313984168866 0.05625
0 0.5408970976253299 0.50234375 0.03518029903254178 0.0546875
0 0.5743183817062445 0.55078125 0.03518029903254178 0.0578125
0 0.6147757255936676 0.61015625 0.036939313984168866 0.0546875
0 0.6499560246262093 0.659375 0.03869832893579595 0.05625
0 0.623570800351803 0.209375 0.040457343887423045 0.040625
0 0.7313104661389622 0.77890625 0.03605980650835532 0.0546875
0 0.470976253298153 0.02890625 0.04309586631486367 0.0546875
0 0.8403693931398416 0.02109375 0.03430079155672823 0.0390625
0 0.8289357959542656 0.04375 0.029023746701846966 0.04375