0 0.14731750219876869 0.765625 0.04133685136323659 0.059375
0 0.16314863676341249 0.80078125 0.04133685136323659 0.0578125
0 0.39533861037818824 0.42421875 0.032541776605101144 0.0578125
0 0.4542656112576957 0.8578125 0.03605980650835532 0.05
0 0.4890061565523307 0.81953125 0.03518029903254178 0.0546875
0 0.5343007915567283 0.77109375 0.03430079155672823 0.0484375
0 0.5716798592788038 0.728125 0.04221635883905013 0.05
0 0.658311345646438 0.64140625 0.03430079155672823 0.0484375
0 0.027264731750219876 0.87421875 0.04221635883905013 0.0609375
0 0.23922603342128407 0.190625 0.03518029903254178 0.040625
0 0.27352682497801234 0.26953125 0.0316622691292876 0.0484375
0 0.30299032541776605 0.1875 0.032541776605101144 0.05
0 0.31090589270008795 0.225 0.03430079155672823 0.04375
0 0.3232189973614776 0.25390625 0.029023746701846966 0.0390625