0 0.5224274406332454 0.30703125 0.019349164467897976 0.0515625
0 0.3438874230430959 0.28828125 0.01759014951627089 0.0453125
0 0.3390501319261214 0.3328125 0.016710642040457344 0.04375
0 0.34872471416007034 0.3765625 0.014951627088830254 0.046875
0 0.1358839050131926 0.675 0.03781882145998241 0.0375
0 0.2594547053649956 0.59609375 0.03518029903254178 0.0390625
0 0.43579595426561124 0.79296875 0.023746701846965697 0.0703125
0 0.455584872471416 0.87734375 0.021108179419525065 0.0671875
0 0.31618293755496923 0.234375 0.020228671943711522 0.04375
0 0.287598944591029 0.10234375 0.01759014951627089 0.0421875
0 0.4072119613016711 0.09140625 0.014072119613016711 0.0296875
0 0.47493403693931396 0.14140625 0.019349164467897976 0.0421875