0 0.08663148636763413 0.74609375 0.04309586631486367 0.0515625
0 0.13148636763412488 0.76171875 0.04309586631486367 0.0609375
0 0.3113456464379947 0.78671875 0.040457343887423045 0.0546875
0 0.3562005277044855 0.81015625 0.03869832893579595 0.0515625
0 0.2612137203166227 0.8953125 0.03518029903254178 0.046875
0 0.3390501319261214 0.91796875 0.04309586631486367 0.0578125
0 0.3896218117854002 0.8703125 0.03869832893579595 0.05625
0 0.46701846965699206 0.79375 0.03518029903254178 0.05
0 0.45382585751978893 0.46875 0.03869832893579595 0.05
0 0.5787159190853123 0.590625 0.03342128408091469 0.04375
0 0.6288478452066841 0.63515625 0.036939313984168866 0.0453125
0 0.667985927880387 0.6015625 0.03781882145998241 0.05
0 0.714599824098505 0.55703125 0.03605980650835532 0.0453125
0 0.7524186455584873 0.5203125 0.03605980650835532 0.05
0 0.5787159190853123 0.19609375 0.036939313984168866 0.0515625
0 0.6358839050131926 0.2109375 0.04221635883905013 0.059375
0 0.8403693931398416 0.4421875 0.03430079155672823 0.05
0 0.4520668425681618 0.02890625 0.03342128408091469 0.0421875
0 0.5030782761653474 0.0265625 0.028144239226033423 0.05