0 0.24142480211081793 0.16328125 0.032541776605101144 0.0515625
0 0.22559366754617413 0.33125 0.029023746701846966 0.04375
0 0.30430958663148644 0.19453125 0.02990325417766051 0.0484375
0 0.38786279683377306 0.54765625 0.03518029903254178 0.0546875
0 0.2726473175021988 0.55234375 0.03518029903254178 0.0546875
0 0.5338610378188214 0.675 0.03869832893579595 0.059375
0 0.5285839929639402 0.8875 0.03342128408091469 0.05625
0 0.5650835532102023 0.940625 0.03781882145998241 0.05625
0 0.731750219876869 0.60234375 0.040457343887423045 0.0546875
0 0.7906772207563765 0.37265625 0.03342128408091469 0.0484375
0 0.031222515391380826 0.5421875 0.03605980650835532 0.05625
0 0.3144239226033421 0.6015625 0.030782761653474055 0.05
0 0.3817062445030783 0.6859375 0.02990325417766051 0.053125
0 0.0079155672823219 0.14921875 0.014072119613016711 0.0328125
0 0.014072119613016711 0.196875 0.026385224274406333 0.05
0 0.04177660510114336 0.234375 0.030782761653474055 0.05
0 0.10334212840809148 0.22890625 0.032541776605101144 0.0453125
0 0.19920844327176782 0.00859375 0.030782761653474055 0.0140625
0 0.1864555848724714 0.05703125 0.02990325417766051 0.0453125
0 0.7484608619173263 0.3296875 0.03342128408091469 0.046875
0 0.8034300791556728 0.34140625 0.03430079155672823 0.0390625
0 0.7766051011433597 0.24921875 0.022867194371152155 0.0390625
0 0.6072999120492524 0.984375 0.03781882145998241 0.03125