0 0.45954265611257694 0.71640625 0.03605980650835532 0.0609375
0 0.2985927880386983 0.6203125 0.03605980650835532 0.059375
0 0.3007915567282322 0.453125 0.028144239226033423 0.04375
0 0.20976253298153033 0.3671875 0.027264731750219876 0.05
0 0.10026385224274408 0.284375 0.026385224274406333 0.04375
0 0.32058047493403696 0.23515625 0.027264731750219876 0.0421875
0 0.06860158311345646 0.57109375 0.04221635883905013 0.0546875
0 0.0712401055408971 0.19140625 0.024626209322779244 0.0390625
0 0.21416007036059806 0.08984375 0.023746701846965697 0.0421875
0 0.2647317502198769 0.19921875 0.0316622691292876 0.0453125
0 0.6213720316622691 0.90625 0.03781882145998241 0.06875
0 0.7581354441512753 0.7640625 0.040457343887423045 0.065625
0 0.3381706244503078 0.68125 0.029023746701846966 0.05
0 0.4019349164467898 0.78046875 0.03518029903254178 0.0578125
0 0.8183817062445031 0.4171875 0.032541776605101144 0.040625
0 0.7893579595426561 0.49375 0.029023746701846966 0.05
0 0.8197009674582234 0.5671875 0.0316622691292876 0.046875
0 0.8298153034300791 0.54140625 0.03781882145998241 0.0578125
0 0.8430079155672823 0.5125 0.03605980650835532 0.04375
0 0.5294635004397538 0.9875 0.026385224274406333 0.025
0 0.26824978012313105 0.08515625 0.02990325417766051 0.0515625
0 0.0773966578715919 0.24296875 0.02990325417766051 0.0515625
0 0.024186455584872472 0.15625 0.025505716798592787 0.046875
0 0.047053649956024624 0.19609375 0.029023746701846966 0.0421875