0 0.0901495162708883 0.609375 0.03430079155672823 0.071875
0 0.015391380826737027 0.83125 0.029023746701846966 0.071875
0 0.05760773966578716 0.271875 0.03781882145998241 0.046875
0 0.022427440633245383 0.2390625 0.03430079155672823 0.046875
0 0.3144239226033421 0.45078125 0.04133685136323659 0.0578125
0 0.3386103781882146 0.56484375 0.03869832893579595 0.0546875
0 0.386103781882146 0.60859375 0.03518029903254178 0.0515625
0 0.4608619173262973 0.34296875 0.03869832893579595 0.0515625
0 0.4604221635883905 0.68046875 0.030782761653474055 0.0484375
0 0.6433597185576078 0.53359375 0.0395778364116095 0.0515625
0 0.6262093227792436 0.8453125 0.03518029903254178 0.053125
0 0.6649076517150396 0.88515625 0.03869832893579595 0.0546875
0 0.7145998240985049 0.93359375 0.0395778364116095 0.0578125
0 0.7541776605101144 0.9734375 0.0395778364116095 0.053125
0 0.7423043095866315 0.83671875 0.04221635883905013 0.0578125
0 0.810905892700088 0.51640625 0.040457343887423045 0.0515625
0 0.8518029903254177 0.29765625 0.03605980650835532 0.0390625
0 0.8605980650835532 0.2625 0.03781882145998241 0.04375
0 0.8702726473175022 0.2265625 0.0395778364116095 0.05
0 0.13060686015831136 0.25703125 0.04133685136323659 0.0546875
0 0.010114335971855761 0.1859375 0.018469656992084433 0.0375
0 0.011873350923482849 0.08359375 0.02198768689533861 0.0359375
0 0.8333333333333333 0.12734375 0.03605980650835532 0.0453125
0 0.8170624450307827 0.23125 0.026385224274406333 0.046875