0 0.17370272647317503 0.78203125 0.0395778364116095 0.0578125
0 0.15259454705364994 0.8640625 0.044854881266490766 0.059375
0 0.4494283201407212 0.8671875 0.0316622691292876 0.053125
0 0.48548812664907653 0.8203125 0.03342128408091469 0.05
0 0.530782761653474 0.7640625 0.03430079155672823 0.0625
0 0.5628847845206685 0.71875 0.03518029903254178 0.0625
0 0.6420404573438874 0.6203125 0.02990325417766051 0.059375
0 0.37115215479331576 0.43984375 0.03342128408091469 0.0578125
0 0.2911169744942832 0.28203125 0.024626209322779244 0.0484375
0 0.2783641160949868 0.259375 0.032541776605101144 0.05
0 0.023746701846965697 0.96484375 0.040457343887423045 0.0640625
0 0.20448548812664907 0.22890625 0.03781882145998241 0.0453125
0 0.2423043095866315 0.3046875 0.030782761653474055 0.04375
0 0.2642919964819701 0.22265625 0.029023746701846966 0.0515625