0 0.30782761653474056 0.76953125 0.04221635883905013 0.0296875
0 0.36455584872471414 0.7796875 0.0395778364116095 0.03125
0 0.4525065963060686 0.78828125 0.0395778364116095 0.0265625
0 0.6380826737027264 0.8234375 0.03781882145998241 0.03125
0 0.6824978012313104 0.8296875 0.040457343887423045 0.028125
0 0.7370272647317502 0.83984375 0.04221635883905013 0.0296875
0 0.7286719437115216 0.40625 0.0395778364116095 0.034375
0 0.7167985927880387 0.19375 0.0316622691292876 0.028125
0 0.7172383465259454 0.15859375 0.03781882145998241 0.0359375
0 0.7185576077396658 0.125 0.0316622691292876 0.028125
0 0.6679859278803869 0.06328125 0.03605980650835532 0.0265625
0 0.7827616534740546 0.85 0.040457343887423045 0.034375
0 0.8913808267370272 0.87265625 0.0395778364116095 0.0328125
0 0.0079155672823219 0.59453125 0.014072119613016711 0.0296875
0 0.07299912049252419 0.97421875 0.024626209322779244 0.0515625
0 0.6767810026385225 0.159375 0.020228671943711522 0.028125
0 0.03825857519788918 0.321875 0.04133685136323659 0.034375
0 0.9463500439753738 0.02578125 0.021108179419525065 0.0484375
0 0.9797713280562885 0.02578125 0.022867194371152155 0.0484375