0 0.2106420404573439 0.6921875 0.044854881266490766 0.03125
0 0.26561125769569044 0.69375 0.036939313984168866 0.028125
0 0.3544415127528584 0.696875 0.036939313984168866 0.028125
0 0.3210202286719437 0.3984375 0.03869832893579595 0.03125
0 0.40281442392260336 0.4078125 0.036939313984168866 0.034375
0 0.20800351802990324 0.38828125 0.03781882145998241 0.0265625
0 0.17766051011433598 0.43203125 0.036939313984168866 0.0265625
0 0.27132805628847845 0.30390625 0.03781882145998241 0.0296875
0 0.5272647317502199 0.41171875 0.0395778364116095 0.0328125
0 0.538698328935796 0.70859375 0.03605980650835532 0.0296875
0 0.5809146877748461 0.70859375 0.03781882145998241 0.0296875
0 0.6341248900615655 0.7140625 0.03869832893579595 0.028125
0 0.6772207563764292 0.71796875 0.04221635883905013 0.0296875
0 0.7827616534740546 0.72890625 0.036939313984168866 0.0296875
0 0.6191732629727352 0.28203125 0.040457343887423045 0.0328125
0 0.055848724714160074 0.215625 0.018469656992084433 0.071875
0 0.6037818821459983 0.03046875 0.03605980650835532 0.0359375
0 0.6037818821459983 0.06484375 0.032541776605101144 0.0296875
0 0.5554089709762534 0.03125 0.032541776605101144 0.034375