0 0.19349164467897978 0.6 0.02990325417766051 0.0625
0 0.25857519788918204 0.503125 0.03342128408091469 0.084375
0 0.2598944591029024 0.21796875 0.027264731750219876 0.0703125
0 0.4366754617414248 0.55625 0.025505716798592787 0.059375
0 0.4586631486367634 0.48828125 0.023746701846965697 0.0640625
0 0.48504837291116976 0.41328125 0.027264731750219876 0.0734375
0 0.5070360598065083 0.34453125 0.025505716798592787 0.0609375
0 0.5589270008795075 0.1890625 0.025505716798592787 0.059375
0 0.0316622691292876 0.13125 0.028144239226033423 0.059375
0 0.0901495162708883 0.17421875 0.027264731750219876 0.0578125
0 0.09102902374670185 0.07265625 0.029023746701846966 0.0671875
0 0.11301671064204045 0.0984375 0.029023746701846966 0.0625
0 0.13412489006156553 0.1140625 0.020228671943711522 0.059375
0 0.3460861917326297 0.83828125 0.029023746701846966 0.0671875
0 0.30255057167985927 0.97265625 0.02990325417766051 0.0546875