0 0.03210202286719437 0.67578125 0.04133685136323659 0.0484375
0 0.07871591908531222 0.74765625 0.03781882145998241 0.0546875
0 0.12445030782761654 0.66328125 0.04309586631486367 0.0515625
0 0.2436235708003518 0.59375 0.04221635883905013 0.046875
0 0.16974494283201408 0.959375 0.04573438874230431 0.046875
0 0.22735268249780125 0.921875 0.03781882145998241 0.040625
0 0.3122251539138083 0.865625 0.03869832893579595 0.04375
0 0.48504837291116976 0.75390625 0.03430079155672823 0.0453125
0 0.5259454705364995 0.7265625 0.03869832893579595 0.040625
0 0.5747581354441513 0.6984375 0.03605980650835532 0.04375
0 0.6165347405452947 0.6734375 0.03869832893579595 0.046875
0 0.7110817941952506 0.61953125 0.0395778364116095 0.0453125
0 0.3751099384344767 0.125 0.032541776605101144 0.040625
0 0.42656112576956906 0.1265625 0.0316622691292876 0.040625
0 0.4212840809146878 0.09453125 0.036939313984168866 0.0359375
0 0.3562005277044855 0.0390625 0.02990325417766051 0.034375
0 0.41424802110817943 0.059375 0.0316622691292876 0.040625