0 0.13236587510993844 0.34375 0.032541776605101144 0.0375
0 0.23966578715919085 0.865625 0.0395778364116095 0.05
0 0.28891820580474936 0.91015625 0.03605980650835532 0.0453125
0 0.3649956024626209 0.97421875 0.03869832893579595 0.0484375
0 0.42963940193491645 0.9359375 0.03781882145998241 0.04375
0 0.5101143359718557 0.95703125 0.040457343887423045 0.0515625
0 0.5650835532102023 0.8421875 0.04309586631486367 0.05
0 0.6917326297273527 0.50546875 0.03430079155672823 0.0390625
0 0.7387862796833773 0.53125 0.03869832893579595 0.040625
0 0.7339489885664028 0.5640625 0.030782761653474055 0.034375
0 0.9885664028144239 0.5265625 0.021108179419525065 0.05625
0 0.0158311345646438 0.24609375 0.022867194371152155 0.0296875
0 0.7093227792436235 0.42421875 0.029023746701846966 0.0296875
0 0.7449428320140722 0.49765625 0.03342128408091469 0.0359375