0 0.3438874230430959 0.8375 0.036939313984168866 0.05
0 0.20360598065083552 0.50078125 0.027264731750219876 0.0390625
0 0.2185576077396658 0.46171875 0.029023746701846966 0.0421875
0 0.6644678979771328 0.50859375 0.020228671943711522 0.0484375
0 0.693051890941073 0.4921875 0.021108179419525065 0.05
0 0.6864555848724714 0.44296875 0.016710642040457344 0.0515625
0 0.7137203166226913 0.43046875 0.016710642040457344 0.0390625
0 0.7119613016710642 0.36484375 0.02198768689533861 0.0515625
0 0.6886543535620053 0.0578125 0.01759014951627089 0.04375
0 0.6912928759894459 0.0984375 0.0158311345646438 0.034375
0 0.7132805628847845 0.04296875 0.0158311345646438 0.0390625
0 0.8707124010554089 0.33203125 0.0316622691292876 0.0359375
0 0.5435356200527706 0.97578125 0.024626209322779244 0.0484375
0 0.5650835532102023 0.9796875 0.025505716798592787 0.040625
0 0.0316622691292876 0.9234375 0.0316622691292876 0.05625
0 0.08091468777484609 0.971875 0.03869832893579595 0.05625
0 0.10158311345646438 0.8703125 0.030782761653474055 0.0625
0 0.11873350923482849 0.8953125 0.036939313984168866 0.06875
0 0.13808267370272648 0.90859375 0.028144239226033423 0.0640625
0 0.37730870712401055 0.1796875 0.024626209322779244 0.03125
0 0.40017590149516263 0.16640625 0.024626209322779244 0.0296875
0 0.4094107299912049 0.13984375 0.025505716798592787 0.0328125