0 0.405452946350044 0.2 0.024626209322779244 0.046875
0 0.42788038698328934 0.16953125 0.023746701846965697 0.0421875
0 0.28452066842568163 0.51875 0.03605980650835532 0.053125
0 0.295514511873351 0.54453125 0.028144239226033423 0.0484375
0 0.3742304309586632 0.69375 0.03605980650835532 0.05625
0 0.4296394019349164 0.70546875 0.03605980650835532 0.0609375
0 0.6556728232189973 0.8609375 0.03430079155672823 0.059375
0 0.6473175021987687 0.7375 0.0316622691292876 0.05
0 0.7867194371152155 0.45078125 0.030782761653474055 0.0453125
0 0.5703605980650835 0.9734375 0.048372911169744945 0.053125
0 0.7871591908531222 0.26171875 0.028144239226033423 0.0484375
0 0.9151275285839929 0.375 0.029023746701846966 0.04375
0 0.9375549692172384 0.08984375 0.03342128408091469 0.0484375
0 0.9881266490765171 0.115625 0.023746701846965697 0.05625
0 0.22691292875989447 0.9828125 0.04221635883905013 0.034375
0 0.2708883025505717 0.98515625 0.026385224274406333 0.0296875
0 0.20976253298153033 0.49609375 0.032541776605101144 0.0484375
0 0.2418645558487247 0.56640625 0.036939313984168866 0.0453125
0 0.2700087950747581 0.48671875 0.0316622691292876 0.0453125