0 0.6174142480211082 0.46796875 0.04221635883905013 0.0296875
0 0.503957783641161 0.80078125 0.03518029903254178 0.0328125
0 0.5479331574318381 0.80234375 0.036939313984168866 0.0265625
0 0.5976253298153036 0.8046875 0.03781882145998241 0.03125
0 0.6424802110817942 0.80625 0.03781882145998241 0.028125
0 0.7269129287598944 0.7734375 0.04133685136323659 0.028125
0 0.7493403693931399 0.81015625 0.03342128408091469 0.0296875
0 0.8240985048372911 0.74296875 0.036939313984168866 0.0359375
0 0.9195250659630607 0.7203125 0.03781882145998241 0.028125
0 0.1424802110817942 0.54921875 0.03869832893579595 0.0359375
0 0.17150395778364116 0.80390625 0.04221635883905013 0.0328125
0 0.23131046613896217 0.80078125 0.03869832893579595 0.0328125
0 0.3201407211961302 0.80234375 0.04221635883905013 0.0328125
0 0.5123131046613896 0.05078125 0.029023746701846966 0.0296875
0 0.5149516270888302 0.14296875 0.030782761653474055 0.0328125
0 0.5606860158311345 0.1359375 0.03781882145998241 0.034375
0 0.5615655233069481 0.171875 0.032541776605101144 0.03125
0 0.5606860158311345 0.0984375 0.032541776605101144 0.028125
0 0.9934036939313984 0.46484375 0.013192612137203167 0.0328125