0 0.19876868953386106 0.5453125 0.03342128408091469 0.028125
0 0.3201407211961302 0.49296875 0.0316622691292876 0.0296875
0 0.06200527704485488 0.60625 0.03781882145998241 0.03125
0 0.5479331574318382 0.5671875 0.01759014951627089 0.059375
0 0.4815303430079156 0.7078125 0.020228671943711522 0.06875
0 0.49648197009674583 0.79296875 0.016710642040457344 0.0484375
0 0.5206684256816183 0.92578125 0.019349164467897976 0.0671875
0 0.7295514511873351 0.865625 0.027264731750219876 0.075
0 0.6033421284080913 0.5078125 0.01759014951627089 0.046875
0 0.6248900615655233 0.4921875 0.020228671943711522 0.05625
0 0.6411609498680739 0.64375 0.022867194371152155 0.0625
0 0.4177660510114336 0.29140625 0.01759014951627089 0.0390625
0 0.4155672823218997 0.20078125 0.014951627088830254 0.0390625
0 0.37115215479331576 0.01875 0.01759014951627089 0.034375
0 0.4155672823218997 0.01015625 0.014951627088830254 0.0171875
0 0.3940193491644679 0.1453125 0.0158311345646438 0.04375
0 0.40853122251539137 0.24296875 0.016710642040457344 0.0484375
0 0.40105540897097625 0.190625 0.0158311345646438 0.046875
0 0.010993843447669306 0.62734375 0.020228671943711522 0.0265625
0 0.590589270008795 0.2359375 0.018469656992084433 0.046875
0 0.5505716798592788 0.0703125 0.014072119613016711 0.040625