0 0.2985927880386983 0.71171875 0.032541776605101144 0.0609375
0 0.3245382585751979 0.63671875 0.026385224274406333 0.0578125
0 0.26605101143359716 0.4875 0.030782761653474055 0.046875
0 0.4951627088830255 0.91484375 0.03869832893579595 0.0703125
0 0.12313104661389622 0.271875 0.028144239226033423 0.05
0 0.14775725593667546 0.36171875 0.022867194371152155 0.0390625
0 0.10026385224274408 0.3765625 0.026385224274406333 0.040625
0 0.2620932277924362 0.175 0.02990325417766051 0.04375
0 0.07519788918205805 0.33828125 0.029023746701846966 0.0453125
0 0.06772207563764292 0.284375 0.024626209322779244 0.04375
0 0.06948109058927 0.01640625 0.02990325417766051 0.0296875
0 0.1662269129287599 0.03984375 0.022867194371152155 0.0359375
0 0.044854881266490766 0.28984375 0.026385224274406333 0.0421875
0 0.06552330694810905 0.66640625 0.03781882145998241 0.0609375
0 0.022427440633245383 0.25078125 0.025505716798592787 0.0421875
0 0.335971855760774 0.76796875 0.0316622691292876 0.0578125
0 0.39841688654353563 0.86796875 0.03342128408091469 0.0578125
0 0.8117854001759015 0.4796875 0.0316622691292876 0.04375
0 0.7840809146877749 0.5578125 0.030782761653474055 0.053125
0 0.8381706244503079 0.5734375 0.036939313984168866 0.04375
0 0.8276165347405453 0.6046875 0.03518029903254178 0.05
0 0.82014072119613 0.63515625 0.025505716798592787 0.0359375