0 0.2423043095866315 0.27421875 0.03430079155672823 0.0359375
0 0.1266490765171504 0.36796875 0.03518029903254178 0.0390625
0 0.4318381706244503 0.45 0.024626209322779244 0.0625
0 0.45338610378188215 0.52734375 0.023746701846965697 0.0546875
0 0.4890061565523307 0.65078125 0.022867194371152155 0.0640625
0 0.5721196130167107 0.95234375 0.027264731750219876 0.0734375
0 0.712401055408971 0.7515625 0.02990325417766051 0.06875
0 0.8425681618293756 0.871875 0.03518029903254178 0.078125
0 0.4793315743183817 0.1140625 0.021108179419525065 0.05
0 0.4023746701846966 0.11015625 0.025505716798592787 0.0578125
0 0.32058047493403696 0.0328125 0.018469656992084433 0.046875
0 0.49076517150395776 0.0203125 0.026385224274406333 0.0375
0 0.9296394019349165 0.63203125 0.0316622691292876 0.0671875
0 0.9494283201407212 0.7296875 0.032541776605101144 0.06875
0 0.9661389621811786 0.70859375 0.032541776605101144 0.0703125
0 0.9846086191732629 0.6875 0.030782761653474055 0.071875
0 0.9824098504837291 0.57890625 0.022867194371152155 0.0515625