0 0.2941952506596306 0.6578125 0.0395778364116095 0.04375
0 0.4656992084432718 0.6921875 0.03430079155672823 0.040625
0 0.4837291116974494 0.809375 0.03518029903254178 0.046875
0 0.5241864555848724 0.7828125 0.040457343887423045 0.05
0 0.5747581354441513 0.75234375 0.0395778364116095 0.0484375
0 0.4731750219876869 0.36328125 0.036939313984168866 0.0453125
0 0.5 0.440625 0.04133685136323659 0.053125
0 0.6116974494283202 0.54140625 0.03605980650835532 0.0421875
0 0.7462620932277926 0.32890625 0.03605980650835532 0.0421875
0 0.7638522427440633 0.26015625 0.03781882145998241 0.0453125
0 0.6156552330694811 0.725 0.040457343887423045 0.04375
0 0.7137203166226913 0.66484375 0.03605980650835532 0.0453125
0 0.8381706244503079 0.48984375 0.03869832893579595 0.0421875
0 0.3051890941072999 0.93203125 0.03869832893579595 0.0453125
0 0.21943711521547934 0.98203125 0.0395778364116095 0.0359375
0 0.35092348284960423 0.08515625 0.026385224274406333 0.0328125
0 0.3702726473175022 0.171875 0.02990325417766051 0.03125
0 0.4204045734388742 0.17421875 0.02990325417766051 0.0484375
0 0.40589270008795075 0.1109375 0.032541776605101144 0.040625
0 0.41380826737027265 0.14296875 0.03781882145998241 0.0421875