0 0.11565523306948108 0.58125 0.04133685136323659 0.053125
0 0.17282321899736147 0.584375 0.03781882145998241 0.053125
0 0.22911169744942833 0.5390625 0.03605980650835532 0.05625
0 0.12532981530343007 0.67578125 0.0395778364116095 0.0515625
0 0.1455584872471416 0.9453125 0.044854881266490766 0.0625
0 0.45118733509234826 0.67578125 0.040457343887423045 0.0453125
0 0.48812664907651715 0.6421875 0.03342128408091469 0.0375
0 0.5356200527704486 0.60078125 0.03518029903254178 0.0421875
0 0.5725593667546175 0.575 0.03518029903254178 0.046875
0 0.6649076517150396 0.503125 0.03342128408091469 0.046875
0 0.010554089709762533 0.66328125 0.019349164467897976 0.0390625
0 0.20140721196130168 0.8953125 0.036939313984168866 0.046875
0 0.2827616534740545 0.82109375 0.04133685136323659 0.0453125
0 0.29683377308707126 0.06171875 0.03605980650835532 0.0359375
0 0.3491644678979771 0.05703125 0.03342128408091469 0.0484375
0 0.33773087071240104 0.028125 0.036939313984168866 0.05