0 0.15787159190853123 0.73515625 0.04309586631486367 0.0671875
0 0.10246262093227793 0.75390625 0.03605980650835532 0.0609375
0 0.1284080914687775 0.8421875 0.03518029903254178 0.0625
0 0.2102022867194371 0.66640625 0.036939313984168866 0.0578125
0 0.025505716798592787 0.8640625 0.040457343887423045 0.0625
0 0.4467897977132806 0.7015625 0.0316622691292876 0.059375
0 0.48197009674582236 0.64921875 0.0316622691292876 0.0515625
0 0.521108179419525 0.5953125 0.03605980650835532 0.05625
0 0.6257695690413368 0.4359375 0.032541776605101144 0.05625
0 0.23482849604221637 0.08046875 0.02990325417766051 0.0515625
0 0.24538258575197888 0.11015625 0.036939313984168866 0.0609375
0 0.26341248900615655 0.14296875 0.030782761653474055 0.0515625
0 0.17326297273526825 0.09453125 0.02990325417766051 0.0515625
0 0.21372031662269128 0.1703125 0.028144239226033423 0.059375
0 0.5545294635004397 0.54453125 0.03430079155672823 0.0578125
0 0.30474934036939316 0.915625 0.03605980650835532 0.05625