0 0.5197889182058048 0.840625 0.03869832893579595 0.046875
0 0.23790677220756376 0.90078125 0.03605980650835532 0.0484375
0 0.13280562884784522 0.37734375 0.0316622691292876 0.0390625
0 0.9881266490765171 0.56015625 0.018469656992084433 0.0578125
0 0.014951627088830254 0.2796875 0.028144239226033423 0.03125
0 0.287598944591029 0.94453125 0.03342128408091469 0.0484375
0 0.7110817941952506 0.45625 0.027264731750219876 0.03125
0 0.6965699208443272 0.54140625 0.028144239226033423 0.0390625
0 0.7467018469656992 0.528125 0.03342128408091469 0.040625
0 0.7405452946350044 0.5640625 0.036939313984168866 0.0375
0 0.7335092348284961 0.5953125 0.03342128408091469 0.034375