0 0.4683377308707124 0.6046875 0.03430079155672823 0.053125
0 0.20492524186455585 0.88359375 0.04221635883905013 0.0609375
0 0.46701846965699206 0.071875 0.026385224274406333 0.05
0 0.490325417766051 0.04296875 0.018469656992084433 0.0421875
0 0.8452066842568162 0.18125 0.02990325417766051 0.046875
0 0.9604221635883905 0.35 0.02990325417766051 0.05625
0 0.8979771328056289 0.4171875 0.03342128408091469 0.05
0 0.8790677220756377 0.4890625 0.032541776605101144 0.053125
0 0.6657871591908531 0.73984375 0.03518029903254178 0.0546875
0 0.6798592788038699 0.7671875 0.03342128408091469 0.05625
0 0.5576077396657871 0.9078125 0.040457343887423045 0.053125
0 0.5941072999120494 0.86640625 0.030782761653474055 0.0546875
0 0.5092348284960422 0.96015625 0.040457343887423045 0.0578125
0 0.4780123131046614 0.9875 0.025505716798592787 0.025
0 0.2612137203166227 0.33828125 0.028144239226033423 0.0421875
0 0.34212840809146877 0.39765625 0.0316622691292876 0.0484375
0 0.3324538258575198 0.3703125 0.03518029903254178 0.046875
0 0.32365875109938436 0.33828125 0.02990325417766051 0.0453125
0 0.2937554969217238 0.41171875 0.03342128408091469 0.0390625
0 0.9894459102902374 0.3625 0.021108179419525065 0.04375