0 0.2612137203166227 0.5390625 0.03869832893579595 0.046875
0 0.15875109938434476 0.59296875 0.04133685136323659 0.0484375
0 0.07695690413368514 0.59765625 0.0395778364116095 0.0453125
0 0.09718557607739665 0.68046875 0.0395778364116095 0.0421875
0 0.16666666666666666 0.9109375 0.04309586631486367 0.046875
0 0.4841688654353562 0.71796875 0.03605980650835532 0.0359375
0 0.5228671943711521 0.69375 0.03430079155672823 0.040625
0 0.5703605980650835 0.6671875 0.0395778364116095 0.04375
0 0.613896218117854 0.6453125 0.036939313984168866 0.04375
0 0.7080035180299032 0.5921875 0.036939313984168866 0.046875
0 0.22295514511873352 0.87734375 0.03781882145998241 0.0515625
0 0.306948109058927 0.8234375 0.03869832893579595 0.046875
0 0.376429199648197 0.08671875 0.0316622691292876 0.0390625
0 0.4278803869832893 0.08828125 0.032541776605101144 0.0421875
0 0.41952506596306066 0.0546875 0.036939313984168866 0.04375
0 0.4182058047493404 0.02109375 0.032541776605101144 0.0390625