0 0.5835532102022867 0.9109375 0.029023746701846966 0.053125
0 0.7977132805628848 0.896875 0.021108179419525065 0.05
0 0.8245382585751979 0.90390625 0.02198768689533861 0.0484375
0 0.8262972735268249 0.83203125 0.02198768689533861 0.0515625
0 0.8588390501319261 0.82890625 0.018469656992084433 0.0453125
0 0.8575197889182058 0.76015625 0.024626209322779244 0.0484375
0 0.3306948109058927 0.74296875 0.026385224274406333 0.0421875
0 0.3518029903254178 0.70625 0.021108179419525065 0.04375
0 0.8504837291116975 0.47890625 0.019349164467897976 0.0359375
0 0.8843447669305189 0.4140625 0.018469656992084433 0.03125
0 0.8570800351802991 0.41875 0.018469656992084433 0.03125
0 0.9890061565523307 0.15859375 0.018469656992084433 0.0265625
0 0.5606860158311345 0.45078125 0.020228671943711522 0.0296875
0 0.5492524186455586 0.475 0.020228671943711522 0.028125
0 0.5268249780123132 0.47578125 0.022867194371152155 0.0296875