0 0.262532981530343 0.51640625 0.03605980650835532 0.0453125
0 0.23922603342128407 0.58671875 0.036939313984168866 0.0453125
0 0.1996481970096746 0.39453125 0.01759014951627089 0.0609375
0 0.5197889182058048 0.75546875 0.036939313984168866 0.0484375
0 0.5184696569920845 0.84921875 0.03781882145998241 0.0484375
0 0.5602462620932278 0.88671875 0.036939313984168866 0.0484375
0 0.6094986807387863 0.93515625 0.036939313984168866 0.0515625
0 0.6512752858399297 0.97578125 0.04133685136323659 0.0453125
0 0.6842568161829375 0.925 0.036939313984168866 0.053125
0 0.7018469656992085 0.8125 0.040457343887423045 0.053125
0 0.12005277044854881 0.0453125 0.03430079155672823 0.04375
0 0.11917326297273527 0.13046875 0.03430079155672823 0.0421875
0 0.010993843447669306 0.225 0.020228671943711522 0.04375
0 0.2862796833773087 0.63125 0.032541776605101144 0.04375
0 0.35927880386983296 0.6953125 0.03781882145998241 0.046875
0 0.8100263852242744 0.9875 0.02990325417766051 0.025
0 0.7167985927880387 0.16953125 0.026385224274406333 0.0359375
0 0.6934916446789797 0.25390625 0.03430079155672823 0.0421875
0 0.7352682497801233 0.31796875 0.02990325417766051 0.0359375
0 0.7423043095866315 0.28515625 0.03518029903254178 0.0453125
0 0.7493403693931399 0.253125 0.036939313984168866 0.0375
0 0.9912049252418645 0.2984375 0.01759014951627089 0.059375