0 0.42744063324538256 0.40390625 0.028144239226033423 0.0609375
0 0.3447669305189094 0.25078125 0.024626209322779244 0.0515625
0 0.06068601583113457 0.4828125 0.03518029903254178 0.046875
0 0.1741424802110818 0.36484375 0.036939313984168866 0.0421875
0 0.3817062445030783 0.48984375 0.026385224274406333 0.0609375
0 0.4542656112576957 0.67265625 0.030782761653474055 0.0640625
0 0.5681618293755497 0.46171875 0.02990325417766051 0.0609375
0 0.7704485488126649 0.915625 0.03869832893579595 0.071875
0 0.8139841688654353 0.79296875 0.03781882145998241 0.0703125
0 0.9199648197009674 0.609375 0.0316622691292876 0.059375
0 0.5611257695690415 0.9359375 0.028144239226033423 0.059375
0 0.4089709762532981 0.5625 0.026385224274406333 0.059375
0 0.8799472295514512 0.53984375 0.029023746701846966 0.0578125
0 0.9041336851363236 0.63203125 0.02990325417766051 0.0484375
0 0.9357959542656112 0.5875 0.03342128408091469 0.05625
0 0.924802110817942 0.48125 0.02198768689533861 0.05
0 0.23614775725593667 0.10859375 0.020228671943711522 0.0453125
0 0.21767810026385223 0.065625 0.02198768689533861 0.04375
0 0.21767810026385223 0.021875 0.02198768689533861 0.040625