0 0.5963060686015831 0.81953125 0.036939313984168866 0.0546875
0 0.5593667546174143 0.86796875 0.03518029903254178 0.0515625
0 0.5202286719437115 0.92265625 0.03605980650835532 0.0578125
0 0.47977132805628847 0.97265625 0.03430079155672823 0.0453125
0 0.6776605101143359 0.71796875 0.029023746701846966 0.0515625
0 0.4384344766930519 0.046875 0.023746701846965697 0.046875
0 0.882145998240985 0.05390625 0.03518029903254178 0.0484375
0 0.24406332453825857 0.3390625 0.032541776605101144 0.040625
0 0.27616534740545295 0.41015625 0.03342128408091469 0.0453125
0 0.30430958663148644 0.33046875 0.02990325417766051 0.0515625
0 0.3131046613896218 0.359375 0.03342128408091469 0.046875
0 0.32717678100263853 0.3828125 0.026385224274406333 0.046875
0 0.4608619173262973 0.01796875 0.024626209322779244 0.0328125