0 0.020228671943711522 0.73828125 0.03869832893579595 0.0578125
0 0.14072119613016712 0.5984375 0.03869832893579595 0.053125
0 0.3526824978012313 0.703125 0.0316622691292876 0.0625
0 0.39270008795074757 0.659375 0.027264731750219876 0.05
0 0.3839050131926121 0.77578125 0.027264731750219876 0.0546875
0 0.4340369393139842 0.89140625 0.029023746701846966 0.0640625
0 0.5219876868953386 0.93671875 0.030782761653474055 0.0609375
0 0.5087950747581355 0.9734375 0.032541776605101144 0.053125
0 0.14072119613016712 0.1984375 0.024626209322779244 0.04375
0 0.1789797713280563 0.240625 0.020228671943711522 0.040625
0 0.18073878627968337 0.28828125 0.027264731750219876 0.0484375
0 0.19788918205804748 0.33203125 0.021108179419525065 0.0421875
0 0.36851363236587514 0.18203125 0.024626209322779244 0.0453125
0 0.08619173262972735 0.0703125 0.019349164467897976 0.034375
0 0.8839050131926122 0.79375 0.03342128408091469 0.05
0 0.8966578715919086 0.76796875 0.03605980650835532 0.0671875
0 0.8544415127528584 0.703125 0.032541776605101144 0.053125
0 0.29155672823219 0.03671875 0.018469656992084433 0.0328125
0 0.15831134564643798 0.23671875 0.019349164467897976 0.0453125
0 0.11257695690413369 0.009375 0.021108179419525065 0.015625
0 0.46394019349164467 0.753125 0.030782761653474055 0.0625
0 0.8922603342128408 0.63515625 0.025505716798592787 0.0421875
0 0.9102902374670184 0.734375 0.03342128408091469 0.053125