0 0.47713280562884786 0.66796875 0.03605980650835532 0.0453125
0 0.5321020228671943 0.921875 0.03518029903254178 0.046875
0 0.6094986807387863 0.94375 0.040457343887423045 0.046875
0 0.24098504837291118 0.75234375 0.036939313984168866 0.0421875
0 0.3597185576077397 0.85859375 0.036939313984168866 0.0453125
0 0.98636763412489 0.43515625 0.020228671943711522 0.0578125
0 0.010114335971855761 0.13125 0.018469656992084433 0.028125
0 0.12708883025505716 0.225 0.04133685136323659 0.04375
0 0.7106420404573439 0.325 0.024626209322779244 0.03125
0 0.6943711521547933 0.4046875 0.029023746701846966 0.04375
0 0.7436235708003518 0.39765625 0.029023746701846966 0.0359375
0 0.7379067722075637 0.43046875 0.036939313984168866 0.0484375
0 0.731750219876869 0.46328125 0.0316622691292876 0.0296875
0 0.28671943711521547 0.79453125 0.036939313984168866 0.0484375