0 0.21020228671943708 0.48359375 0.040457343887423045 0.0328125
0 0.1864555848724714 0.72890625 0.04397537379067722 0.0359375
0 0.24406332453825857 0.74453125 0.03605980650835532 0.0296875
0 0.5083553210202286 0.8 0.036939313984168866 0.03125
0 0.5536499560246262 0.8109375 0.03605980650835532 0.034375
0 0.6037818821459983 0.8234375 0.0395778364116095 0.03125
0 0.6495162708883025 0.83359375 0.0395778364116095 0.0328125
0 0.7229551451187335 0.81875 0.040457343887423045 0.034375
0 0.7537379067722075 0.86015625 0.04221635883905013 0.0296875
0 0.7783641160949867 0.78515625 0.036939313984168866 0.0328125
0 0.8799472295514512 0.7890625 0.03781882145998241 0.034375
0 0.7379067722075637 0.50703125 0.040457343887423045 0.0359375
0 0.32717678100263853 0.75703125 0.03869832893579595 0.0390625
0 0.5659630606860159 0.05546875 0.029023746701846966 0.0265625
0 0.5642040457343888 0.14765625 0.030782761653474055 0.0359375
0 0.6090589270008795 0.15 0.03605980650835532 0.03125
0 0.6077396657871592 0.1828125 0.0316622691292876 0.025
0 0.6125769569041337 0.1109375 0.029023746701846966 0.028125
0 0.8355321020228672 0.028125 0.022867194371152155 0.053125
0 0.866754617414248 0.028125 0.020228671943711522 0.053125