0 0.22867194371152155 0.5359375 0.03342128408091469 0.071875
0 0.1517150395778364 0.6359375 0.027264731750219876 0.06875
0 0.4340369393139842 0.54921875 0.027264731750219876 0.0609375
0 0.4577836411609499 0.4859375 0.027264731750219876 0.059375
0 0.49076517150395776 0.409375 0.028144239226033423 0.059375
0 0.5131926121372031 0.3515625 0.029023746701846966 0.065625
0 0.5729991204925242 0.2046875 0.027264731750219876 0.06875
0 0.2748460861917326 0.184375 0.029023746701846966 0.065625
0 0.05321020228671944 0.05625 0.029023746701846966 0.05625
0 0.10686015831134564 0.11484375 0.032541776605101144 0.0546875
0 0.15435356200527706 0.06484375 0.029023746701846966 0.0609375
0 0.13500439753737906 0.0421875 0.03605980650835532 0.0625
0 0.11345646437994723 0.02578125 0.0316622691292876 0.0484375
0 0.3227792436235708 0.81328125 0.02990325417766051 0.0609375
0 0.27308707124010556 0.940625 0.032541776605101144 0.06875