0 0.27792436235708 0.40625 0.036939313984168866 0.040625
0 0.8597185576077396 0.54921875 0.04133685136323659 0.0453125
0 0.828056288478452 0.7921875 0.0395778364116095 0.040625
0 0.727792436235708 0.76875 0.03781882145998241 0.03125
0 0.7115215479331575 0.81015625 0.036939313984168866 0.0359375
0 0.7568161829375549 0.86875 0.03605980650835532 0.0375
0 0.51363236587511 0.75859375 0.03518029903254178 0.0359375
0 0.5571679859278805 0.77890625 0.03605980650835532 0.0390625
0 0.6077396657871592 0.79921875 0.036939313984168866 0.0359375
0 0.6512752858399297 0.82109375 0.0395778364116095 0.0359375
0 0.2022867194371152 0.63203125 0.04221635883905013 0.0359375
0 0.33465259454705365 0.6859375 0.03430079155672823 0.034375
0 0.9854881266490765 0.91171875 0.029023746701846966 0.0515625
0 0.9221635883905013 0.0359375 0.018469656992084433 0.05625
0 0.8874230430958663 0.03125 0.021108179419525065 0.05625
0 0.6108179419525066 0.01953125 0.03605980650835532 0.0296875
0 0.6037818821459981 0.10859375 0.03430079155672823 0.0359375
0 0.6512752858399297 0.12265625 0.03781882145998241 0.0390625
0 0.6539138082673702 0.08671875 0.03605980650835532 0.0328125
0 0.6477572559366754 0.15625 0.032541776605101144 0.03125