0 0.23922603342128407 0.346875 0.04221635883905013 0.05
0 0.28935795954265614 0.38515625 0.0316622691292876 0.0390625
0 0.37906772207563766 0.35234375 0.03869832893579595 0.0484375
0 0.36543535620052775 0.4390625 0.03430079155672823 0.04375
0 0.5444151275285841 0.45390625 0.04221635883905013 0.0515625
0 0.530782761653474 0.565625 0.03605980650835532 0.04375
0 0.07080035180299032 0.08359375 0.03430079155672823 0.0453125
0 0.0839929639401935 0.04375 0.03781882145998241 0.046875
0 0.5686015831134564 0.59453125 0.0395778364116095 0.0515625
0 0.617854001759015 0.63515625 0.0395778364116095 0.0515625
0 0.6605101143359718 0.66640625 0.040457343887423045 0.0484375
0 0.7594547053649956 0.74296875 0.03605980650835532 0.0453125
0 0.44854881266490765 0.178125 0.03869832893579595 0.046875
0 0.6987686895338611 0.2203125 0.03781882145998241 0.046875