0 0.19832893579595426 0.70390625 0.0395778364116095 0.0546875
0 0.06508355321020229 0.828125 0.047493403693931395 0.053125
0 0.0584872471416007 0.90703125 0.03781882145998241 0.0640625
0 0.5637642919964819 0.67421875 0.03518029903254178 0.0484375
0 0.5184696569920845 0.7234375 0.03430079155672823 0.046875
0 0.48197009674582236 0.7578125 0.03869832893579595 0.04375
0 0.6873350923482849 0.55390625 0.032541776605101144 0.0453125
0 0.6046613896218118 0.63671875 0.03781882145998241 0.0546875
0 0.32058047493403696 0.928125 0.03605980650835532 0.053125
0 0.2805628847845207 0.08828125 0.03342128408091469 0.0421875
0 0.306948109058927 0.171875 0.03869832893579595 0.046875
0 0.36015831134564646 0.15859375 0.027264731750219876 0.0484375
0 0.3491644678979771 0.12578125 0.036939313984168866 0.0484375
0 0.3412489006156552 0.09609375 0.02990325417766051 0.0421875