0 0.18777484608619174 0.47734375 0.032541776605101144 0.0484375
0 0.22427440633245382 0.42265625 0.03342128408091469 0.0578125
0 0.23834652594547054 0.44765625 0.028144239226033423 0.0484375
0 0.3575197889182058 0.40078125 0.029023746701846966 0.0578125
0 0.33641160949868076 0.08828125 0.027264731750219876 0.0484375
0 0.35839929639401935 0.0515625 0.025505716798592787 0.046875
0 0.4577836411609499 0.96015625 0.03605980650835532 0.0609375
0 0.49912049252418644 0.89765625 0.03781882145998241 0.0671875
0 0.5334212840809147 0.8375 0.03430079155672823 0.059375
0 0.5760773966578716 0.72109375 0.021108179419525065 0.0671875
0 0.6055408970976254 0.7234375 0.030782761653474055 0.059375
0 0.7924362357080035 0.3078125 0.026385224274406333 0.046875
0 0.8245382585751979 0.30703125 0.023746701846965697 0.0453125
0 0.8271767810026385 0.25078125 0.027264731750219876 0.0515625
0 0.8588390501319261 0.25703125 0.023746701846965697 0.0453125
0 0.8702726473175022 0.1859375 0.029023746701846966 0.05
0 0.21152154793315742 0.390625 0.027264731750219876 0.05625
0 0.14775725593667546 0.40703125 0.036939313984168866 0.0453125