0 0.7251539138082673 0.67265625 0.020228671943711522 0.0515625
0 0.7031662269129287 0.75859375 0.016710642040457344 0.0484375
0 0.6842568161829375 0.8234375 0.01759014951627089 0.0625
0 0.7115215479331575 0.80546875 0.012313104661389622 0.0453125
0 0.7308707124010554 0.73828125 0.0158311345646438 0.0390625
0 0.6934916446789797 0.4171875 0.016710642040457344 0.034375
0 0.6877748460861919 0.375 0.014072119613016711 0.034375
0 0.7132805628847845 0.36328125 0.014072119613016711 0.0296875
0 0.20976253298153033 0.834375 0.027264731750219876 0.040625
0 0.22867194371152155 0.7921875 0.028144239226033423 0.040625
0 0.38830255057167984 0.5046875 0.027264731750219876 0.028125
0 0.4133685136323659 0.4921875 0.021108179419525065 0.028125
0 0.42172383465259455 0.46640625 0.02198768689533861 0.0265625
0 0.7867194371152155 0.0921875 0.011433597185576077 0.025
0 0.8905013192612138 0.10546875 0.009674582233948988 0.0234375
0 0.8777484608619174 0.14453125 0.014072119613016711 0.0265625
0 0.8856640281442393 0.63359375 0.03518029903254178 0.0328125