0 0.15875109938434476 0.9515625 0.04309586631486367 0.04375
0 0.05980650835532102 0.74453125 0.04221635883905013 0.0578125
0 0.4810905892700088 0.4796875 0.03869832893579595 0.04375
0 0.4894459102902375 0.81796875 0.03781882145998241 0.0359375
0 0.5316622691292876 0.8 0.03605980650835532 0.03125
0 0.5857519788918206 0.78359375 0.03518029903254178 0.0359375
0 0.6270888302550571 0.76328125 0.040457343887423045 0.0359375
0 0.7132805628847845 0.7015625 0.036939313984168866 0.0375
0 0.7295514511873351 0.73046875 0.03605980650835532 0.0359375
0 0.8465259454705365 0.62890625 0.0395778364116095 0.0359375
0 0.9270008795074758 0.5671875 0.036939313984168866 0.0375
0 0.8421284080914688 0.34609375 0.0395778364116095 0.0453125
0 0.21943711521547934 0.92578125 0.0395778364116095 0.0421875
0 0.306948109058927 0.88984375 0.04573438874230431 0.0359375
0 0.4780123131046614 0.17734375 0.029023746701846966 0.0390625
0 0.42656112576956906 0.16328125 0.03518029903254178 0.0328125
0 0.41380826737027265 0.07890625 0.030782761653474055 0.0328125
0 0.4683377308707124 0.10703125 0.03430079155672823 0.0328125
0 0.470976253298153 0.14453125 0.03605980650835532 0.0359375