0 0.46613896218117856 0.084375 0.02990325417766051 0.071875
0 0.5334212840809147 0.14921875 0.03430079155672823 0.0765625
0 0.5584872471416007 0.41015625 0.028144239226033423 0.0609375
0 0.5875109938434476 0.47265625 0.028144239226033423 0.0578125
0 0.6174142480211081 0.540625 0.02990325417766051 0.0625
0 0.6459982409850483 0.6046875 0.027264731750219876 0.053125
0 0.7132805628847845 0.64375 0.0316622691292876 0.06875
0 0.7080035180299032 0.75078125 0.02990325417766051 0.0609375
0 0.39313984168865435 0.03515625 0.028144239226033423 0.0640625
0 0.4476693051890941 0.15234375 0.02990325417766051 0.0609375
0 0.9270008795074758 0.03203125 0.03518029903254178 0.0609375
0 0.9089709762532981 0.059375 0.029023746701846966 0.046875
0 0.9525065963060686 0.01640625 0.022867194371152155 0.0296875