0 0.7550571679859279 0.68671875 0.020228671943711522 0.0484375
0 0.7313104661389623 0.76328125 0.02198768689533861 0.0515625
0 0.7102022867194371 0.8328125 0.020228671943711522 0.053125
0 0.7396657871591908 0.8171875 0.014072119613016711 0.04375
0 0.7612137203166227 0.7578125 0.016710642040457344 0.04375
0 0.7304309586631487 0.4234375 0.016710642040457344 0.034375
0 0.7519788918205805 0.36875 0.0158311345646438 0.034375
0 0.9212840809146877 0.1703125 0.013192612137203167 0.028125
0 0.23878627968337732 0.8046875 0.027264731750219876 0.040625
0 0.25857519788918204 0.7671875 0.022867194371152155 0.034375
0 0.9204045734388743 0.659375 0.03605980650835532 0.0375
0 0.727792436235708 0.37890625 0.018469656992084433 0.0390625
0 0.8324538258575198 0.09921875 0.014951627088830254 0.0296875
0 0.4551451187335092 0.45859375 0.020228671943711522 0.0265625
0 0.44547053649956025 0.4828125 0.02198768689533861 0.03125
0 0.42172383465259455 0.490625 0.023746701846965697 0.03125
0 0.9393139841688655 0.11875 0.010554089709762533 0.01875