0 0.05277044854881268 0.4234375 0.03518029903254178 0.03125
0 0.1917326297273527 0.3578125 0.036939313984168866 0.0375
0 0.3095866314863676 0.29765625 0.03518029903254178 0.0328125
0 0.4762532981530343 0.5125 0.02198768689533861 0.065625
0 0.4916446789797713 0.5953125 0.021108179419525065 0.059375
0 0.5171503957783641 0.728125 0.022867194371152155 0.071875
0 0.5773966578715919 0.540625 0.025505716798592787 0.0625
0 0.5963060686015831 0.31328125 0.022867194371152155 0.0515625
0 0.56948109058927 0.1953125 0.018469656992084433 0.04375
0 0.5883905013192612 0.171875 0.022867194371152155 0.053125
0 0.401495162708883 0.08125 0.018469656992084433 0.046875
0 0.39489885664028146 0.034375 0.01759014951627089 0.046875
0 0.6873350923482849 0.81328125 0.025505716798592787 0.0671875
0 0.6759014951627089 0.50390625 0.025505716798592787 0.0609375
0 0.5861917326297273 0.02734375 0.023746701846965697 0.0515625
0 0.976693051890941 0.83515625 0.025505716798592787 0.0671875
0 0.9850483729111698 0.94375 0.02990325417766051 0.06875