0 0.16402814423922604 0.81484375 0.04133685136323659 0.0796875
0 0.14116094986807387 0.93125 0.03605980650835532 0.065625
0 0.10729991204925243 0.85390625 0.040457343887423045 0.0734375
0 0.3218997361477572 0.96328125 0.03342128408091469 0.0671875
0 0.4489885664028144 0.71328125 0.030782761653474055 0.0609375
0 0.4780123131046614 0.65703125 0.032541776605101144 0.0640625
0 0.5123131046613896 0.58828125 0.030782761653474055 0.0609375
0 0.5417766051011433 0.5375 0.0316622691292876 0.059375
0 0.6094986807387863 0.40625 0.0316622691292876 0.05625
0 0.2075637642919965 0.73359375 0.03342128408091469 0.0703125
0 0.04133685136323659 0.9671875 0.04221635883905013 0.065625
0 0.12576956904133685 0.1765625 0.02990325417766051 0.05
0 0.17150395778364116 0.23984375 0.028144239226033423 0.0546875
0 0.22075637642919965 0.1984375 0.028144239226033423 0.059375
0 0.2040457343887423 0.17578125 0.0316622691292876 0.0578125
0 0.18997361477572558 0.1484375 0.022867194371152155 0.053125