0 0.1284080914687775 0.51171875 0.03869832893579595 0.0453125
0 0.20536499560246263 0.29765625 0.03605980650835532 0.0390625
0 0.20624450307827616 0.64375 0.03781882145998241 0.040625
0 0.3887423043095866 0.66328125 0.03869832893579595 0.0390625
0 0.4727352682497801 0.61875 0.03781882145998241 0.040625
0 0.5496921723834652 0.76953125 0.03869832893579595 0.0421875
0 0.5101143359718557 0.8265625 0.03342128408091469 0.04375
0 0.5514511873350924 0.85234375 0.036939313984168866 0.0421875
0 0.1521547933157432 0.41796875 0.0316622691292876 0.0578125
0 0.667985927880387 0.80078125 0.04133685136323659 0.0453125
0 0.25857519788918204 0.67265625 0.036939313984168866 0.0390625
0 0.33729111697449426 0.71875 0.0395778364116095 0.04375
0 0.03386103781882146 0.1265625 0.03605980650835532 0.04375
0 0.6055408970976254 0.8828125 0.04133685136323659 0.053125
0 0.6468777484608618 0.91171875 0.04133685136323659 0.0484375
0 0.7431838170624451 0.896875 0.04221635883905013 0.053125
0 0.7510993843447671 0.978125 0.04573438874230431 0.04375
0 0.6481970096745823 0.11015625 0.02990325417766051 0.0265625
0 0.6341248900615655 0.19765625 0.03342128408091469 0.0390625
0 0.6838170624450308 0.18203125 0.03430079155672823 0.0328125
0 0.6789797713280563 0.2140625 0.036939313984168866 0.034375
0 0.6754617414248021 0.246875 0.03342128408091469 0.0375
0 0.9204045734388743 0.1671875 0.02198768689533861 0.05625
0 0.9547053649956024 0.17734375 0.023746701846965697 0.0546875