0 0.20800351802990324 0.6015625 0.030782761653474055 0.034375
0 0.2233948988566403 0.56015625 0.02990325417766051 0.0359375
0 0.3658751099384345 0.90546875 0.036939313984168866 0.0609375
0 0.669744942832014 0.59765625 0.018469656992084433 0.0453125
0 0.6978891820580475 0.58203125 0.014951627088830254 0.0390625
0 0.6917326297273527 0.52890625 0.014951627088830254 0.0484375
0 0.718117854001759 0.521875 0.018469656992084433 0.0375
0 0.7137203166226913 0.46171875 0.020228671943711522 0.0484375
0 0.6886543535620053 0.165625 0.0158311345646438 0.034375
0 0.6917326297273527 0.20625 0.014951627088830254 0.028125
0 0.7119613016710642 0.15546875 0.016710642040457344 0.0328125
0 0.8742304309586632 0.42578125 0.03342128408091469 0.0328125
0 0.4155672823218997 0.25078125 0.025505716798592787 0.0265625
0 0.40369393139841686 0.27890625 0.024626209322779244 0.0296875
0 0.38258575197889183 0.28671875 0.026385224274406333 0.0296875
0 0.09894459102902374 0.96640625 0.03605980650835532 0.0609375
0 0.12093227792436236 0.97890625 0.029023746701846966 0.0421875