0 0.3540017590149516 0.19921875 0.025505716798592787 0.0453125
0 0.20668425681618294 0.23984375 0.021108179419525065 0.0421875
0 0.1657871591908531 0.26015625 0.018469656992084433 0.0359375
0 0.15787159190853123 0.18359375 0.020228671943711522 0.0453125
0 0.1855760773966579 0.35390625 0.022867194371152155 0.0421875
0 0.16666666666666666 0.309375 0.025505716798592787 0.04375
0 0.3460861917326297 0.72109375 0.030782761653474055 0.0609375
0 0.3768689533861038 0.790625 0.025505716798592787 0.05625
0 0.43271767810026385 0.70234375 0.02990325417766051 0.0609375
0 0.4204045734388742 0.759375 0.02990325417766051 0.059375
0 0.1297273526824978 0.62265625 0.03605980650835532 0.0515625
0 0.31574318381706246 0.4625 0.028144239226033423 0.053125
0 0.31882145998240985 0.53671875 0.023746701846965697 0.0453125
0 0.2757255936675462 0.05390625 0.018469656992084433 0.0359375
0 0.1424802110817942 0.26015625 0.021108179419525065 0.0421875
0 0.12620932277924363 0.21953125 0.027264731750219876 0.0421875
0 0.06948109058927 0.09375 0.022867194371152155 0.046875
0 0.4287598944591029 0.89921875 0.029023746701846966 0.0640625
0 0.8834652594547053 0.6296875 0.030782761653474055 0.046875
0 0.8482849604221636 0.70078125 0.030782761653474055 0.0578125
0 0.9036939313984169 0.73203125 0.03430079155672823 0.0484375
0 0.8891820580474934 0.75859375 0.04221635883905013 0.0609375
0 0.8799472295514512 0.78671875 0.029023746701846966 0.0453125
0 0.0158311345646438 0.76640625 0.02990325417766051 0.0609375