0 0.0853122251539138 0.6515625 0.03869832893579595 0.05625
0 0.1917326297273527 0.32734375 0.026385224274406333 0.0546875
0 0.12620932277924363 0.36640625 0.023746701846965697 0.0390625
0 0.20800351802990324 0.41328125 0.025505716798592787 0.0421875
0 0.322339489885664 0.54609375 0.03605980650835532 0.0609375
0 0.3544415127528584 0.6640625 0.0316622691292876 0.053125
0 0.31354441512752856 0.709375 0.03430079155672823 0.05625
0 0.35224274406332456 0.7734375 0.025505716798592787 0.05
0 0.40941072999120487 0.8734375 0.027264731750219876 0.053125
0 0.29331574318381703 0.1765625 0.029023746701846966 0.05
0 0.056288478452066845 0.23359375 0.024626209322779244 0.0453125
0 0.0773966578715919 0.2765625 0.022867194371152155 0.040625
0 0.10026385224274406 0.2734375 0.024626209322779244 0.04375
0 0.1059806508355321 0.3265625 0.027264731750219876 0.04375
0 0.202726473175022 0.04140625 0.02198768689533861 0.0359375
0 0.01802990325417766 0.08125 0.023746701846965697 0.0375
0 0.8359718557607739 0.5265625 0.027264731750219876 0.04375
0 0.8051890941072999 0.59921875 0.03430079155672823 0.0484375
0 0.8478452066842568 0.65234375 0.03869832893579595 0.0515625
0 0.8597185576077396 0.62421875 0.03605980650835532 0.0453125
0 0.8372911169744943 0.67890625 0.0316622691292876 0.0390625