0 0.7137203166226913 0.359375 0.0395778364116095 0.04375
0 0.9397537379067722 0.49453125 0.03781882145998241 0.0421875
0 0.8755496921723834 0.56484375 0.03605980650835532 0.0421875
0 0.7058047493403694 0.67734375 0.04133685136323659 0.0453125
0 0.7150395778364116 0.70625 0.03869832893579595 0.040625
0 0.6209322779243623 0.7640625 0.040457343887423045 0.040625
0 0.5769569041336852 0.7890625 0.040457343887423045 0.040625
0 0.5259454705364995 0.8125 0.036939313984168866 0.04375
0 0.484608619173263 0.8375 0.03518029903254178 0.040625
0 0.38390501319261217 0.54140625 0.0395778364116095 0.0453125
0 0.01802990325417766 0.8890625 0.03430079155672823 0.078125
0 0.3043095866314864 0.9453125 0.04397537379067722 0.04375
0 0.21459982409850484 0.98671875 0.04221635883905013 0.0265625
0 0.36807387862796836 0.11171875 0.03430079155672823 0.0359375
0 0.38698328935795956 0.1953125 0.0316622691292876 0.034375
0 0.42480211081794195 0.134375 0.02990325417766051 0.0375
0 0.4309586631486368 0.16796875 0.036939313984168866 0.0390625
0 0.436235708003518 0.2 0.0316622691292876 0.046875