0 0.1468777484608619 0.33671875 0.0316622691292876 0.0234375
0 0.16402814423922604 0.38203125 0.0395778364116095 0.0296875
0 0.2510993843447669 0.3421875 0.03605980650835532 0.021875
0 0.16710642040457344 0.68125 0.03869832893579595 0.025
0 0.22427440633245382 0.68515625 0.03518029903254178 0.0234375
0 0.31090589270008795 0.68515625 0.03605980650835532 0.0265625
0 0.49428320140721194 0.69140625 0.03869832893579595 0.0265625
0 0.5382585751978892 0.696875 0.03342128408091469 0.028125
0 0.5901495162708883 0.69609375 0.036939313984168866 0.0265625
0 0.6363236587510994 0.70390625 0.03781882145998241 0.0296875
0 0.7409850483729111 0.7078125 0.0395778364116095 0.03125
0 0.5765171503957783 0.26796875 0.03430079155672823 0.0265625
0 0.08135444151275285 0.503125 0.04309586631486367 0.03125
0 0.0079155672823219 0.546875 0.014072119613016711 0.03125
0 0.5153913808267371 0.025 0.036939313984168866 0.028125
0 0.5602462620932278 0.01875 0.036939313984168866 0.034375
0 0.5624450307827616 0.0515625 0.032541776605101144 0.034375