0 0.2832014072119613 0.77265625 0.026385224274406333 0.0390625
0 0.3021108179419525 0.734375 0.023746701846965697 0.040625
0 0.5087950747581355 0.9734375 0.030782761653474055 0.053125
0 0.7519788918205804 0.85703125 0.021108179419525065 0.0546875
0 0.7814423922603342 0.85 0.020228671943711522 0.046875
0 0.776165347405453 0.790625 0.02198768689533861 0.053125
0 0.8065083553210203 0.784375 0.01759014951627089 0.040625
0 0.8034300791556728 0.71640625 0.02198768689533861 0.0484375
0 0.7867194371152155 0.44375 0.016710642040457344 0.034375
0 0.785839929639402 0.39375 0.016710642040457344 0.034375
0 0.8126649076517151 0.384375 0.014072119613016711 0.028125
0 0.9898856640281443 0.21640625 0.013192612137203167 0.0265625
0 0.4714160070360598 0.48125 0.021108179419525065 0.03125
0 0.49296394019349166 0.471875 0.02198768689533861 0.028125
0 0.5057167985927881 0.453125 0.021108179419525065 0.03125
0 0.9771328056288479 0.70390625 0.03869832893579595 0.0421875
0 0.9028144239226034 0.1234375 0.014951627088830254 0.025