0 0.1851363236587511 0.2921875 0.03430079155672823 0.03125
0 0.3043095866314864 0.228125 0.03518029903254178 0.028125
0 0.04661389621811785 0.35703125 0.03342128408091469 0.0328125
0 0.4731750219876869 0.44296875 0.021108179419525065 0.0640625
0 0.4916446789797713 0.52578125 0.01759014951627089 0.0546875
0 0.5158311345646438 0.65546875 0.016710642040457344 0.0640625
0 0.6174142480211082 0.66328125 0.024626209322779244 0.0703125
0 0.633245382585752 0.51171875 0.021108179419525065 0.0609375
0 0.5747581354441513 0.9671875 0.023746701846965697 0.065625
0 0.8566402814423922 0.96484375 0.02990325417766051 0.0703125
0 0.978891820580475 0.86015625 0.026385224274406333 0.0640625
0 0.5593667546174143 0.11328125 0.022867194371152155 0.0515625
0 0.6341248900615655 0.28359375 0.022867194371152155 0.0546875
0 0.9683377308707124 0.75859375 0.0316622691292876 0.0640625
0 0.3988566402814424 0.01328125 0.020228671943711522 0.0234375