0 0.4463500439753738 0.4359375 0.0395778364116095 0.0375
0 0.6310466138962181 0.50078125 0.044854881266490766 0.0421875
0 0.5202286719437115 0.5625 0.03781882145998241 0.034375
0 0.5620052770448549 0.58203125 0.036939313984168866 0.0359375
0 0.6134564643799473 0.603125 0.0395778364116095 0.034375
0 0.6574318381706244 0.625 0.03605980650835532 0.034375
0 0.8953386103781882 0.4546875 0.040457343887423045 0.034375
0 0.7607739665787159 0.6765625 0.03518029903254178 0.0375
0 0.20932277924362358 0.42734375 0.040457343887423045 0.0359375
0 0.10202286719437115 0.25390625 0.03869832893579595 0.0421875
0 0.1345646437994723 0.221875 0.03518029903254178 0.028125
0 0.26561125769569044 0.4546875 0.03869832893579595 0.040625
0 0.3131046613896218 0.1578125 0.036939313984168866 0.0375
0 0.34520668425681617 0.4828125 0.0395778364116095 0.046875
0 0.6543535620052771 0.171875 0.04397537379067722 0.040625