0 0.3153034300791557 0.9703125 0.03781882145998241 0.059375
0 0.47977132805628847 0.97578125 0.03430079155672823 0.0484375
0 0.5162708883025505 0.92578125 0.03342128408091469 0.0484375
0 0.5589270008795075 0.86953125 0.03430079155672823 0.0515625
0 0.5932277924362357 0.82734375 0.030782761653474055 0.0546875
0 0.6741424802110818 0.72109375 0.03430079155672823 0.0578125
0 0.8390501319261213 0.1078125 0.02990325417766051 0.04375
0 0.24142480211081793 0.34453125 0.032541776605101144 0.0421875
0 0.2748460861917326 0.41484375 0.027264731750219876 0.0453125
0 0.30123131046613894 0.33515625 0.030782761653474055 0.0515625
0 0.3100263852242744 0.3640625 0.03605980650835532 0.04375
0 0.32365875109938436 0.3890625 0.03342128408091469 0.046875
0 0.4335971855760774 0.046875 0.024626209322779244 0.05
0 0.4586631486367634 0.0203125 0.027264731750219876 0.0375