0 0.28100263852242746 0.41015625 0.03430079155672823 0.0484375
0 0.3087071240105541 0.33515625 0.03342128408091469 0.0515625
0 0.31926121372031663 0.3671875 0.03518029903254178 0.05
0 0.33157431838170626 0.38984375 0.024626209322779244 0.0421875
0 0.4450307827616535 0.05234375 0.024626209322779244 0.0453125
0 0.46701846965699206 0.02421875 0.022867194371152155 0.0453125
0 0.5782761653474054 0.6375 0.03430079155672823 0.0625
0 0.47405452946350046 0.978125 0.04221635883905013 0.04375
0 0.5153913808267371 0.93515625 0.03869832893579595 0.0609375
0 0.5584872471416007 0.88203125 0.03518029903254178 0.0546875
0 0.5949868073878628 0.83828125 0.03781882145998241 0.0640625
0 0.6763412489006156 0.73515625 0.03869832893579595 0.0609375
0 0.6842568161829375 0.33125 0.0316622691292876 0.05
0 0.8623570800351804 0.11484375 0.032541776605101144 0.0484375
0 0.24934036939313983 0.3328125 0.029023746701846966 0.040625