0 0.3021108179419525 0.6421875 0.03605980650835532 0.046875
0 0.4630606860158311 0.74765625 0.03430079155672823 0.0515625
0 0.4731750219876869 0.875 0.03518029903254178 0.04375
0 0.5145118733509235 0.84453125 0.036939313984168866 0.0453125
0 0.5620052770448549 0.80546875 0.03869832893579595 0.0484375
0 0.6024626209322779 0.77734375 0.036939313984168866 0.0484375
0 0.633245382585752 0.55859375 0.036939313984168866 0.0515625
0 0.6657871591908531 0.36484375 0.036939313984168866 0.0484375
0 0.6965699208443272 0.70390625 0.036939313984168866 0.0484375
0 0.015391380826737027 0.9703125 0.029023746701846966 0.059375
0 0.18997361477572558 0.984375 0.03869832893579595 0.03125
0 0.31706244503078274 0.1703125 0.032541776605101144 0.03125
0 0.34080914687774844 0.253125 0.032541776605101144 0.034375
0 0.3755496921723835 0.1890625 0.03342128408091469 0.040625
0 0.3808267370272647 0.21953125 0.03518029903254178 0.0390625
0 0.39050131926121373 0.25078125 0.02990325417766051 0.0453125