0 0.24670184696569922 0.6953125 0.04133685136323659 0.040625
0 0.04133685136323659 0.66953125 0.036939313984168866 0.0671875
0 0.04969217238346526 0.8109375 0.04309586631486367 0.0375
0 0.15523306948109059 0.85859375 0.04133685136323659 0.0359375
0 0.21943711521547934 0.8421875 0.03605980650835532 0.03125
0 0.30123131046613894 0.81015625 0.03781882145998241 0.0328125
0 0.48284960422163586 0.7453125 0.040457343887423045 0.025
0 0.525065963060686 0.72890625 0.03518029903254178 0.0359375
0 0.5773966578715919 0.715625 0.04133685136323659 0.040625
0 0.6218117854001759 0.6984375 0.040457343887423045 0.040625
0 0.7220756376429199 0.6734375 0.03869832893579595 0.040625
0 0.49560246262093227 0.4 0.03781882145998241 0.0375
0 0.7700087950747582 0.55234375 0.03781882145998241 0.0421875
0 0.9683377308707124 0.39921875 0.03869832893579595 0.0390625
0 0.3759894459102902 0.6984375 0.04309586631486367 0.05
0 0.2075637642919965 0.75703125 0.040457343887423045 0.0390625
0 0.01978891820580475 0.5875 0.03781882145998241 0.040625
0 0.42436235708003517 0.09140625 0.03430079155672823 0.0328125
0 0.47493403693931396 0.10390625 0.028144239226033423 0.0359375
0 0.46921723834652596 0.07265625 0.03430079155672823 0.0359375
0 0.4648197009674582 0.034375 0.03605980650835532 0.040625