0 0.465259454705365 0.59375 0.03342128408091469 0.053125
0 0.4463500439753738 0.8046875 0.0395778364116095 0.0625
0 0.51363236587511 0.9375 0.03869832893579595 0.046875
0 0.5562884784520669 0.89453125 0.03605980650835532 0.0453125
0 0.5954265611257695 0.846875 0.036939313984168866 0.059375
0 0.6789797713280563 0.753125 0.0316622691292876 0.05625
0 0.8179419525065963 0.3796875 0.02990325417766051 0.05
0 0.7370272647317503 0.303125 0.03342128408091469 0.05
0 0.4714160070360598 0.97734375 0.040457343887423045 0.0453125
0 0.2620932277924362 0.325 0.02990325417766051 0.040625
0 0.2897977132805629 0.4015625 0.032541776605101144 0.046875
0 0.3179419525065963 0.3296875 0.029023746701846966 0.046875
0 0.32937554969217236 0.35390625 0.03430079155672823 0.0453125
0 0.3412489006156552 0.3828125 0.028144239226033423 0.04375
0 0.4635004397537379 0.05625 0.022867194371152155 0.046875
0 0.4859278803869833 0.0265625 0.025505716798592787 0.04375