0 0.39533861037818824 0.765625 0.04133685136323659 0.028125
0 0.19700967458223395 0.7078125 0.040457343887423045 0.028125
0 0.22867194371152155 0.796875 0.0316622691292876 0.03125
0 0.054969217238346524 0.69453125 0.03605980650835532 0.0671875
0 0.15787159190853123 0.8953125 0.04309586631486367 0.0375
0 0.49428320140721194 0.83125 0.03869832893579595 0.025
0 0.48284960422163586 0.7046875 0.040457343887423045 0.034375
0 0.5373790677220757 0.82265625 0.03869832893579595 0.0328125
0 0.5875109938434476 0.8109375 0.04221635883905013 0.03125
0 0.6345646437994723 0.8078125 0.0395778364116095 0.034375
0 0.7387862796833773 0.78828125 0.03518029903254178 0.0296875
0 0.2185576077396658 0.884375 0.0395778364116095 0.03125
0 0.3065083553210202 0.86484375 0.04133685136323659 0.0390625
0 0.256816182937555 0.528125 0.04221635883905013 0.0375
0 0.5817941952506597 0.7375 0.04661389621811785 0.040625
0 0.4569041336851363 0.0828125 0.029023746701846966 0.025
0 0.46701846965699206 0.171875 0.03518029903254178 0.034375
0 0.5109938434476693 0.12109375 0.02990325417766051 0.0328125
0 0.5092348284960422 0.16015625 0.036939313984168866 0.0328125
0 0.5149516270888302 0.18984375 0.030782761653474055 0.0359375