0 0.558047493403694 0.88515625 0.032541776605101144 0.0546875
0 0.5941072999120492 0.8375 0.032541776605101144 0.059375
0 0.6732629727352683 0.740625 0.03430079155672823 0.0625
0 0.6591908531222515 0.540625 0.03430079155672823 0.053125
0 0.6160949868073878 0.41875 0.03430079155672823 0.053125
0 0.8210202286719437 0.17109375 0.03430079155672823 0.0484375
0 0.5101143359718557 0.93671875 0.04221635883905013 0.0703125
0 0.4731750219876869 0.97421875 0.04397537379067722 0.0515625
0 0.2937554969217238 0.98359375 0.03869832893579595 0.0328125
0 0.2515391380826737 0.33671875 0.02990325417766051 0.0390625
0 0.28232189973614774 0.409375 0.0316622691292876 0.04375
0 0.32937554969217236 0.3890625 0.030782761653474055 0.05
0 0.31838170624450307 0.3609375 0.03342128408091469 0.04375
0 0.30826737027264733 0.33046875 0.032541776605101144 0.0453125
0 0.4476693051890941 0.05234375 0.026385224274406333 0.0453125
0 0.4687774846086192 0.02265625 0.026385224274406333 0.0421875