0 0.08047493403693931 0.5265625 0.03605980650835532 0.059375
0 0.2497801231310466 0.4625 0.024626209322779244 0.046875
0 0.04309586631486367 0.08671875 0.026385224274406333 0.0546875
0 0.13720316622691292 0.2546875 0.02990325417766051 0.053125
0 0.167985927880387 0.309375 0.026385224274406333 0.046875
0 0.19613016710642042 0.35625 0.028144239226033423 0.053125
0 0.3913808267370273 0.725 0.028144239226033423 0.05625
0 0.7510993843447671 0.85 0.02990325417766051 0.065625
0 0.7203166226912929 0.91953125 0.03518029903254178 0.0734375
0 0.924802110817942 0.70078125 0.030782761653474055 0.0546875
0 0.969217238346526 0.60390625 0.03342128408091469 0.0578125
0 0.9907651715039578 0.65625 0.018469656992084433 0.04375
0 0.9573438874230431 0.1921875 0.032541776605101144 0.053125