0 0.3007915567282322 0.53515625 0.0316622691292876 0.0546875
0 0.2669305189094107 0.59609375 0.03605980650835532 0.0640625
0 0.4780123131046614 0.3890625 0.029023746701846966 0.05625
0 0.5219876868953386 0.29453125 0.029023746701846966 0.0515625
0 0.5514511873350924 0.35078125 0.03342128408091469 0.0578125
0 0.6147757255936676 0.459375 0.03342128408091469 0.05625
0 0.6477572559366754 0.5125 0.030782761653474055 0.053125
0 0.6811785400175902 0.56328125 0.025505716798592787 0.0515625
0 0.8768689533861038 0.60703125 0.03342128408091469 0.0578125
0 0.7247141600703606 0.64296875 0.0316622691292876 0.0578125
0 0.5993843447669305 0.02421875 0.029023746701846966 0.0453125