0 0.03342128408091469 0.5296875 0.028144239226033423 0.05625
0 0.35664028144239224 0.71484375 0.03430079155672823 0.0609375
0 0.3896218117854002 0.65078125 0.0316622691292876 0.0578125
0 0.6112576956904133 0.40625 0.02990325417766051 0.05
0 0.6407211961301671 0.46484375 0.032541776605101144 0.0578125
0 0.5659630606860159 0.50234375 0.029023746701846966 0.0546875
0 0.5989445910290238 0.01484375 0.022867194371152155 0.0265625
0 0.7207563764291997 0.0765625 0.025505716798592787 0.040625
0 0.6873350923482849 0.1328125 0.025505716798592787 0.05
0 0.7075637642919965 0.578125 0.03430079155672823 0.059375
0 0.7383465259454706 0.63046875 0.030782761653474055 0.0546875
0 0.7713280562884784 0.68046875 0.026385224274406333 0.0484375
0 0.9678979771328057 0.73046875 0.03430079155672823 0.0578125
0 0.8161829375549692 0.759375 0.036939313984168866 0.059375