0 0.48812664907651715 0.07890625 0.02990325417766051 0.0515625
0 0.5167106420404574 0.13203125 0.032541776605101144 0.0515625
0 0.5822339489885664 0.23984375 0.02990325417766051 0.0578125
0 0.6121372031662269 0.28984375 0.02990325417766051 0.0515625
0 0.6451187335092349 0.340625 0.025505716798592787 0.046875
0 0.6895338610378188 0.41484375 0.036939313984168866 0.0640625
0 0.4441512752858399 0.17109375 0.02990325417766051 0.0546875
0 0.2695690413368514 0.31953125 0.029023746701846966 0.0515625
0 0.23658751099384345 0.38515625 0.03342128408091469 0.0640625
0 0.876429199648197 0.909375 0.032541776605101144 0.059375
0 0.9177660510114336 0.97109375 0.0395778364116095 0.0578125
0 0.8408091468777484 0.37734375 0.03342128408091469 0.0671875