0 0.2198768689533861 0.20859375 0.03518029903254178 0.0328125
0 0.25813544415127526 0.2296875 0.03605980650835532 0.04375
0 0.30299032541776605 0.25078125 0.032541776605101144 0.0359375
0 0.2519788918205805 0.3265625 0.0395778364116095 0.040625
0 0.39533861037818824 0.54453125 0.018469656992084433 0.0578125
0 0.37247141600703604 0.696875 0.02198768689533861 0.065625
0 0.357080035180299 0.78046875 0.024626209322779244 0.0734375
0 0.08443271767810026 0.05 0.01759014951627089 0.071875
0 0.9050131926121372 0.55703125 0.021108179419525065 0.0484375
0 0.8518029903254177 0.83359375 0.02198768689533861 0.0609375
0 0.8636763412489006 0.77421875 0.021108179419525065 0.0328125
0 0.9674582233948988 0.21015625 0.021108179419525065 0.0609375