0 0.010554089709762533 0.26953125 0.019349164467897976 0.0609375
0 0.056288478452066845 0.375 0.024626209322779244 0.046875
0 0.19920844327176782 0.63515625 0.030782761653474055 0.0609375
0 0.558047493403694 0.75859375 0.027264731750219876 0.0546875
0 0.5268249780123131 0.825 0.03342128408091469 0.06875
0 0.7713280562884784 0.1015625 0.03342128408091469 0.05625
0 0.8333333333333334 0.02578125 0.032541776605101144 0.0484375
0 0.8847845206684258 0.1859375 0.02990325417766051 0.046875
0 0.8518029903254177 0.24453125 0.027264731750219876 0.0546875
0 0.7348284960422163 0.6125 0.030782761653474055 0.053125
0 0.7805628847845206 0.515625 0.029023746701846966 0.059375
0 0.810905892700088 0.57421875 0.03342128408091469 0.0578125
0 0.8781882145998242 0.6859375 0.032541776605101144 0.059375
0 0.9098504837291117 0.74296875 0.032541776605101144 0.0546875
0 0.9432717678100264 0.7921875 0.025505716798592787 0.053125
0 0.9841688654353562 0.875 0.0316622691292876 0.065625