0 0.6824978012313104 0.05234375 0.02990325417766051 0.0546875
0 0.7651715039577835 0.19140625 0.026385224274406333 0.0453125
0 0.7985927880386984 0.134375 0.026385224274406333 0.04375
0 0.6899736147757256 0.4640625 0.029023746701846966 0.05625
0 0.7198768689533861 0.52265625 0.032541776605101144 0.0515625
0 0.6455584872471416 0.5625 0.028144239226033423 0.05625
0 0.787598944591029 0.63828125 0.032541776605101144 0.0609375
0 0.8192612137203166 0.68984375 0.032541776605101144 0.0546875
0 0.8518029903254177 0.74375 0.025505716798592787 0.046875
0 0.8966578715919086 0.82421875 0.03430079155672823 0.0609375
0 0.4371152154793316 0.77421875 0.03342128408091469 0.0671875
0 0.4687774846086192 0.70859375 0.02990325417766051 0.0578125
0 0.10993843447669305 0.58828125 0.028144239226033423 0.0546875