0 0.577396657871592 0.0171875 0.029023746701846966 0.03125
0 0.6059806508355321 0.053125 0.02990325417766051 0.053125
0 0.6380826737027264 0.09765625 0.027264731750219876 0.0515625
0 0.6811785400175902 0.17265625 0.032541776605101144 0.0609375
0 0.2638522427440633 0.08046875 0.028144239226033423 0.0546875
0 0.23218997361477572 0.14296875 0.036939313984168866 0.0640625
0 0.830255057167986 0.134375 0.03342128408091469 0.0625
0 0.9674582233948988 0.8234375 0.028144239226033423 0.05
0 0.9357959542656112 0.7765625 0.03518029903254178 0.05625
0 0.9028144239226034 0.71796875 0.03430079155672823 0.0609375
0 0.8636763412489006 0.65625 0.0316622691292876 0.053125