0 0.012752858399296392 0.3546875 0.023746701846965697 0.05
0 0.15435356200527706 0.61328125 0.029023746701846966 0.0515625
0 0.7343887423043096 0.48984375 0.02990325417766051 0.0546875
0 0.7647317502198768 0.5515625 0.029023746701846966 0.05625
0 0.6899736147757256 0.58671875 0.029023746701846966 0.0578125
0 0.8306948109058927 0.66171875 0.03605980650835532 0.0546875
0 0.8623570800351804 0.715625 0.032541776605101144 0.053125
0 0.8962181178540017 0.7703125 0.028144239226033423 0.053125
0 0.941952506596306 0.85078125 0.03342128408091469 0.0640625
0 0.7242744063324539 0.07578125 0.030782761653474055 0.0578125
0 0.8078276165347406 0.21953125 0.025505716798592787 0.0484375
0 0.8394898856640282 0.1609375 0.027264731750219876 0.046875
0 0.48021108179419525 0.80078125 0.03342128408091469 0.0734375
0 0.5131926121372031 0.73359375 0.030782761653474055 0.0609375