0 0.07036059806508356 0.5625 0.02990325417766051 0.05
0 0.39665787159190846 0.746875 0.03342128408091469 0.06875
0 0.4287598944591029 0.68125 0.032541776605101144 0.059375
0 0.6037818821459983 0.534375 0.029023746701846966 0.05625
0 0.650395778364116 0.43671875 0.032541776605101144 0.0578125
0 0.6798592788038699 0.49453125 0.0316622691292876 0.0578125
0 0.7458223394898856 0.609375 0.03342128408091469 0.0625
0 0.7788038698328936 0.6640625 0.030782761653474055 0.05625
0 0.8100263852242744 0.715625 0.028144239226033423 0.05
0 0.8575197889182058 0.79296875 0.03518029903254178 0.0609375
0 0.6437994722955145 0.02890625 0.03342128408091469 0.0546875
0 0.7563764291996482 0.10625 0.026385224274406333 0.046875
0 0.7247141600703606 0.16640625 0.028144239226033423 0.0484375