0 0.06640281442392261 0.20234375 0.02198768689533861 0.0578125
0 0.04177660510114336 0.32734375 0.02198768689533861 0.0703125
0 0.08443271767810026 0.096875 0.024626209322779244 0.059375
0 0.3676341248900616 0.04296875 0.040457343887423045 0.0453125
0 0.44239226033421286 0.1125 0.036939313984168866 0.046875
0 0.22559366754617413 0.7890625 0.03430079155672823 0.034375
0 0.2647317502198769 0.80859375 0.036939313984168866 0.0421875
0 0.31090589270008795 0.83125 0.03430079155672823 0.034375
0 0.25857519788918204 0.9109375 0.036939313984168866 0.04375
0 0.08927000879507475 0.63828125 0.014951627088830254 0.0484375
0 0.026385224274406333 0.91328125 0.021108179419525065 0.0640625
0 0.8742304309586632 0.15625 0.036939313984168866 0.040625
0 0.9217238346525946 0.17421875 0.040457343887423045 0.0390625
0 0.9832893579595426 0.77578125 0.021108179419525065 0.0578125