0 0.08267370272647317 0.209375 0.022867194371152155 0.059375
0 0.06420404573438875 0.315625 0.024626209322779244 0.059375
0 0.03913808267370272 0.44140625 0.02198768689533861 0.0640625
0 0.4419525065963061 0.2234375 0.03605980650835532 0.04375
0 0.47713280562884786 0.02890625 0.030782761653474055 0.0390625
0 0.43227792436235707 0.0109375 0.032541776605101144 0.01875
0 0.7211961301671064 0.05390625 0.019349164467897976 0.0640625
0 0.6521547933157432 0.03046875 0.02198768689533861 0.0578125
0 0.8768689533861038 0.26328125 0.036939313984168866 0.0421875
0 0.9217238346525946 0.284375 0.04221635883905013 0.046875
0 0.08795074758135443 0.75703125 0.019349164467897976 0.0390625
0 0.22559366754617413 0.90390625 0.03430079155672823 0.0390625
0 0.2647317502198769 0.92265625 0.03518029903254178 0.0421875
0 0.3095866314863676 0.94453125 0.0316622691292876 0.0390625
0 0.9850483729111698 0.8859375 0.021108179419525065 0.065625