0 0.08970976253298153 0.1625 0.019349164467897976 0.06875
0 0.2229551451187335 0.32265625 0.03430079155672823 0.0359375
0 0.256816182937555 0.4390625 0.036939313984168866 0.04375
0 0.3073878627968338 0.3625 0.03430079155672823 0.034375
0 0.2638522427440633 0.340625 0.036939313984168866 0.04375
0 0.40105540897097625 0.65703125 0.019349164467897976 0.0578125
0 0.3777484608619173 0.81171875 0.02198768689533861 0.0671875
0 0.36059806508355324 0.89609375 0.024626209322779244 0.0765625
0 0.8588390501319261 0.946875 0.023746701846965697 0.065625
0 0.9102902374670184 0.6703125 0.019349164467897976 0.05
0 0.9727352682497801 0.3203125 0.022867194371152155 0.0625