0 0.6116974494283202 0.309375 0.032541776605101144 0.0625
0 0.6455584872471416 0.4 0.03518029903254178 0.05625
0 0.6103781882145998 0.45390625 0.03518029903254178 0.0578125
0 0.714160070360598 0.28359375 0.0316622691292876 0.0578125
0 0.48548812664907653 0.51875 0.03342128408091469 0.059375
0 0.4340369393139842 0.59609375 0.03430079155672823 0.0640625
0 0.3034300791556728 0.80859375 0.03518029903254178 0.0578125
0 0.341688654353562 0.61953125 0.03605980650835532 0.0546875
0 0.4252418645558487 0.73984375 0.03430079155672823 0.0609375
0 0.2405452946350044 0.91796875 0.03430079155672823 0.0578125
0 0.20624450307827613 0.971875 0.032541776605101144 0.05625