0 0.2436235708003518 0.6859375 0.036939313984168866 0.040625
0 0.024626209322779244 0.359375 0.03869832893579595 0.040625
0 0.23306948109058928 0.4609375 0.02990325417766051 0.0375
0 0.2774846086191733 0.48671875 0.030782761653474055 0.0421875
0 0.46965699208443273 0.4046875 0.021108179419525065 0.065625
0 0.4547053649956025 0.47890625 0.021108179419525065 0.0640625
0 0.523306948109059 0.50234375 0.021108179419525065 0.0640625
0 0.5321020228671943 0.01796875 0.014072119613016711 0.0328125
0 0.5162708883025505 0.10234375 0.019349164467897976 0.0546875
0 0.5061565523306948 0.17734375 0.02198768689533861 0.0640625
0 0.4947229551451187 0.253125 0.023746701846965697 0.06875
0 0.6811785400175902 0.71328125 0.03430079155672823 0.0359375
0 0.7291116974494283 0.7328125 0.040457343887423045 0.0375