0 0.051011433597185574 0.5875 0.021108179419525065 0.05625
0 0.034740545294635 0.6953125 0.020228671943711522 0.05625
0 0.012313104661389622 0.82109375 0.022867194371152155 0.0671875
0 0.013632365875109938 0.3765625 0.025505716798592787 0.0375
0 0.07211961301671065 0.19765625 0.036939313984168866 0.0359375
0 0.11873350923482849 0.225 0.03518029903254178 0.0375
0 0.19217238346525944 0.2640625 0.03781882145998241 0.04375
0 0.41424802110817943 0.59609375 0.03869832893579595 0.0390625
0 0.40061565523306947 0.3703125 0.030782761653474055 0.034375
0 0.4463500439753738 0.39765625 0.032541776605101144 0.0390625
0 0.6222515391380826 0.39140625 0.023746701846965697 0.0640625
0 0.6398416886543535 0.31640625 0.02198768689533861 0.0671875
0 0.6877748460861918 0.02421875 0.021108179419525065 0.0453125
0 0.6772207563764292 0.09140625 0.022867194371152155 0.0671875
0 0.6631486367634125 0.16484375 0.024626209322779244 0.0703125
0 0.6934916446789797 0.415625 0.02198768689533861 0.0625
0 0.8992963940193491 0.64765625 0.04133685136323659 0.0390625
0 0.8518029903254177 0.628125 0.03605980650835532 0.040625