0 0.011873350923482849 0.2734375 0.02198768689533861 0.03125
0 0.047053649956024624 0.29765625 0.03430079155672823 0.0359375
0 0.12137203166226913 0.33828125 0.036939313984168866 0.0421875
0 0.3289357959542656 0.440625 0.02990325417766051 0.034375
0 0.37686895338610377 0.46640625 0.030782761653474055 0.0421875
0 0.3412489006156552 0.66796875 0.03869832893579595 0.0421875
0 0.2647317502198769 0.60390625 0.040457343887423045 0.0421875
0 0.6222515391380826 0.48359375 0.02198768689533861 0.0671875
0 0.5514511873350924 0.46015625 0.021108179419525065 0.0609375
0 0.5659630606860159 0.3859375 0.023746701846965697 0.06875
0 0.6147757255936676 0.08359375 0.021108179419525065 0.0515625
0 0.6051011433597185 0.1578125 0.022867194371152155 0.065625
0 0.592788038698329 0.23125 0.024626209322779244 0.06875
0 0.7814423922603342 0.69453125 0.03605980650835532 0.0390625
0 0.8271767810026385 0.7171875 0.04309586631486367 0.040625