0 0.020668425681618294 0.6328125 0.02198768689533861 0.05625
0 0.0079155672823219 0.74140625 0.014072119613016711 0.0546875
0 0.0426561125769569 0.2421875 0.03605980650835532 0.040625
0 0.08663148636763413 0.26875 0.03430079155672823 0.0375
0 0.1600703605980651 0.30703125 0.036939313984168866 0.0390625
0 0.36939313984168864 0.41484375 0.02990325417766051 0.0359375
0 0.4146877748460862 0.440625 0.030782761653474055 0.0375
0 0.3808267370272647 0.63984375 0.03869832893579595 0.0421875
0 0.30255057167985927 0.57421875 0.040457343887423045 0.0421875
0 0.6556728232189973 0.059375 0.020228671943711522 0.053125
0 0.6442392260334212 0.13203125 0.020228671943711522 0.0609375
0 0.6323658751099385 0.2046875 0.026385224274406333 0.06875
0 0.6064204045734388 0.3578125 0.020228671943711522 0.065625
0 0.5897097625329816 0.4328125 0.023746701846965697 0.0625
0 0.6627088830255057 0.459375 0.02198768689533861 0.065625
0 0.8201407211961301 0.66953125 0.03781882145998241 0.0421875
0 0.8680738786279684 0.6921875 0.04221635883905013 0.0375