0 0.22075637642919965 0.01171875 0.04397537379067722 0.0203125
0 0.4309586631486368 0.11015625 0.03342128408091469 0.0359375
0 0.4762532981530343 0.1390625 0.030782761653474055 0.040625
0 0.44195250659630614 0.334375 0.03781882145998241 0.04375
0 0.3649956024626209 0.26875 0.03869832893579595 0.04375
0 0.03781882145998241 0.55234375 0.022867194371152155 0.0671875
0 0.06200527704485488 0.4265625 0.020228671943711522 0.05625
0 0.08003518029903255 0.32109375 0.021108179419525065 0.0578125
0 0.03386103781882146 0.1046875 0.04309586631486367 0.04375
0 0.667985927880387 0.0609375 0.02198768689533861 0.06875
0 0.6530343007915568 0.134375 0.023746701846965697 0.06875
0 0.7229551451187335 0.1640625 0.024626209322779244 0.059375
0 0.9226033421284081 0.39609375 0.04221635883905013 0.0390625
0 0.8759894459102903 0.37578125 0.03869832893579595 0.0421875
0 0.9890061565523307 0.98515625 0.020228671943711522 0.0296875