0 0.619613016710642 0.10625 0.03430079155672823 0.0625
0 0.7211961301671065 0.08359375 0.03342128408091469 0.0515625
0 0.6490765171503958 0.19765625 0.03518029903254178 0.0546875
0 0.6152154793315743 0.25390625 0.03605980650835532 0.0578125
0 0.4916446789797713 0.315625 0.03342128408091469 0.065625
0 0.4397537379067722 0.3921875 0.036939313984168866 0.05625
0 0.4313984168865435 0.52890625 0.03605980650835532 0.0578125
0 0.3113456464379947 0.59453125 0.03518029903254178 0.0578125
0 0.34872471416007034 0.4109375 0.029023746701846966 0.05625
0 0.4604221635883905 0.8359375 0.032541776605101144 0.05
0 0.24934036939313983 0.70390625 0.032541776605101144 0.0578125
0 0.21416007036059803 0.753125 0.032541776605101144 0.05625
0 0.17326297273526825 0.81953125 0.0316622691292876 0.0578125
0 0.10158311345646438 0.9453125 0.03781882145998241 0.059375
0 0.011433597185576077 0.95 0.021108179419525065 0.046875