0 0.42700087950747584 0.0234375 0.018469656992084433 0.04375
0 0.4410729991204925 0.10390625 0.018469656992084433 0.0546875
0 0.49912049252418644 0.15546875 0.020228671943711522 0.0546875
0 0.6490765171503958 0.203125 0.019349164467897976 0.04375
0 0.5180299032541776 0.4578125 0.021108179419525065 0.065625
0 0.530782761653474 0.52265625 0.018469656992084433 0.0546875
0 0.548372911169745 0.6046875 0.02198768689533861 0.059375
0 0.5844327176781002 0.7609375 0.025505716798592787 0.065625
0 0.7796833773087071 0.76328125 0.04133685136323659 0.0515625
0 0.826297273526825 0.73125 0.03605980650835532 0.040625
0 0.8438874230430958 0.87421875 0.0395778364116095 0.0484375
0 0.9265611257695691 0.8203125 0.0395778364116095 0.05
0 0.5448548812664907 0.921875 0.03781882145998241 0.046875