0 0.36147757255936674 0.715625 0.022867194371152155 0.075
0 0.4859278803869833 0.71953125 0.02198768689533861 0.0671875
0 0.33992963940193494 0.8953125 0.02198768689533861 0.078125
0 0.3293755496921723 0.57734375 0.016710642040457344 0.0609375
0 0.29991204925241866 0.43828125 0.01759014951627089 0.0609375
0 0.29991204925241866 0.553125 0.022867194371152155 0.071875
0 0.4635004397537379 0.24375 0.0158311345646438 0.0375
0 0.46921723834652596 0.2828125 0.016710642040457344 0.05
0 0.26824978012313105 0.12109375 0.0158311345646438 0.0578125
0 0.4441512752858399 0.01875 0.01759014951627089 0.034375
0 0.4489885664028144 0.06171875 0.016710642040457344 0.0453125
0 0.48284960422163586 0.4546875 0.014072119613016711 0.05625
0 0.1627088830255057 0.859375 0.0316622691292876 0.065625
0 0.19744942832014073 0.846875 0.032541776605101144 0.059375
0 0.7251539138082673 0.046875 0.029023746701846966 0.04375