0 0.46262093227792433 0.11875 0.012313104661389622 0.03125
0 0.6811785400175902 0.39140625 0.023746701846965697 0.0265625
0 0.6490765171503957 0.40859375 0.02990325417766051 0.0296875
0 0.51363236587511 0.41015625 0.0158311345646438 0.0359375
0 0.48328935795954264 0.490625 0.029023746701846966 0.034375
0 0.46965699208443273 0.2546875 0.014072119613016711 0.03125
0 0.47845206684256814 0.28671875 0.014072119613016711 0.0328125
0 0.4890061565523307 0.3296875 0.014072119613016711 0.034375
0 0.1785400175901495 0.6375 0.0316622691292876 0.034375
0 0.8355321020228672 0.9875 0.04221635883905013 0.025
0 0.7480211081794196 0.4390625 0.018469656992084433 0.025