0 0.10114335971855762 0.76875 0.028144239226033423 0.059375
0 0.14819700967458224 0.80390625 0.03430079155672823 0.0546875
0 0.3447669305189094 0.77578125 0.021108179419525065 0.0765625
0 0.3210202286719437 0.9640625 0.019349164467897976 0.071875
0 0.3113456464379947 0.62265625 0.021108179419525065 0.0671875
0 0.2836411609498681 0.4515625 0.014951627088830254 0.071875
0 0.2796833773087071 0.5796875 0.021108179419525065 0.06875
0 0.45118733509234826 0.5625 0.019349164467897976 0.05625
0 0.25285839929639403 0.11953125 0.020228671943711522 0.0609375
0 0.4313984168865435 0.02109375 0.018469656992084433 0.0390625
0 0.43491644678979774 0.06171875 0.016710642040457344 0.0515625
0 0.449868073878628 0.24296875 0.014951627088830254 0.0421875
0 0.4520668425681618 0.2875 0.014072119613016711 0.046875
0 0.4687774846086192 0.46015625 0.014072119613016711 0.0609375
0 0.7093227792436235 0.05234375 0.027264731750219876 0.0421875