0 0.12884784520668427 0.75703125 0.03605980650835532 0.0359375
0 0.455584872471416 0.58828125 0.028144239226033423 0.0328125
0 0.465259454705365 0.40859375 0.014072119613016711 0.0390625
0 0.48856640281442393 0.49375 0.018469656992084433 0.040625
0 0.44547053649956025 0.328125 0.014951627088830254 0.034375
0 0.45338610378188215 0.36484375 0.014951627088830254 0.0359375
0 0.3944591029023747 0.11328125 0.009674582233948988 0.0265625
0 0.4023746701846966 0.1546875 0.011433597185576077 0.028125
0 0.44019349164467897 0.17890625 0.013192612137203167 0.0328125
0 0.6666666666666666 0.478125 0.022867194371152155 0.025
0 0.6328056288478452 0.496875 0.030782761653474055 0.034375
0 0.7361477572559367 0.53046875 0.0158311345646438 0.0265625
0 0.6838170624450308 0.55546875 0.02198768689533861 0.0234375
0 0.40061565523306947 0.0171875 0.011433597185576077 0.025
0 0.4072119613016711 0.0421875 0.010554089709762533 0.028125