0 0.27924362357080035 0.47890625 0.020228671943711522 0.0671875
0 0.2770448548812665 0.62109375 0.014072119613016711 0.0640625
0 0.30826737027264733 0.678125 0.020228671943711522 0.065625
0 0.24758135444151275 0.11875 0.018469656992084433 0.053125
0 0.4463500439753738 0.24765625 0.016710642040457344 0.0421875
0 0.4494283201407212 0.2859375 0.0158311345646438 0.04375
0 0.43227792436235707 0.41328125 0.016710642040457344 0.0578125
0 0.46437994722955145 0.4625 0.01759014951627089 0.053125
0 0.42744063324538256 0.02109375 0.0158311345646438 0.0390625
0 0.4318381706244503 0.06171875 0.0158311345646438 0.0484375
0 0.05804749340369393 0.6609375 0.0316622691292876 0.059375
0 0.12005277044854881 0.7609375 0.032541776605101144 0.05625
0 0.34520668425681617 0.85 0.020228671943711522 0.075
0 0.7071240105540897 0.05625 0.02990325417766051 0.05