0 0.3843447669305189 0.009375 0.010554089709762533 0.015625
0 0.39577836411609496 0.05 0.010554089709762533 0.028125
0 0.40149516270888297 0.07421875 0.011433597185576077 0.0265625
0 0.3865435356200528 0.14921875 0.009674582233948988 0.0359375
0 0.4340369393139842 0.21796875 0.014951627088830254 0.0359375
0 0.3944591029023747 0.19296875 0.011433597185576077 0.0328125
0 0.6684256816182937 0.53515625 0.026385224274406333 0.0265625
0 0.6838170624450308 0.62109375 0.029023746701846966 0.0296875
0 0.633245382585752 0.55703125 0.03342128408091469 0.0328125
0 0.4841688654353562 0.55703125 0.016710642040457344 0.0390625
0 0.4489885664028144 0.65546875 0.030782761653474055 0.0359375
0 0.44019349164467897 0.37890625 0.013192612137203167 0.0359375
0 0.4476693051890941 0.41484375 0.014072119613016711 0.0359375
0 0.4586631486367634 0.46015625 0.013192612137203167 0.0421875
0 0.7383465259454706 0.59296875 0.014951627088830254 0.0265625
0 0.6926121372031663 0.09375 0.014951627088830254 0.034375
0 0.10817941952506596 0.83828125 0.03518029903254178 0.0359375