0 0.29243623570800353 0.52265625 0.018469656992084433 0.0640625
0 0.29023746701846964 0.6765625 0.019349164467897976 0.06875
0 0.36323658751099386 0.940625 0.024626209322779244 0.078125
0 0.25857519788918204 0.11875 0.01759014951627089 0.053125
0 0.4573438874230431 0.24765625 0.0158311345646438 0.0453125
0 0.4599824098504837 0.28828125 0.0158311345646438 0.0453125
0 0.4309586631486368 0.27265625 0.01759014951627089 0.0515625
0 0.4388742304309587 0.02265625 0.01759014951627089 0.0421875
0 0.44327176781002636 0.065625 0.0158311345646438 0.04375
0 0.032981530343007916 0.55234375 0.025505716798592787 0.0578125
0 0.11081794195250659 0.7109375 0.03342128408091469 0.059375
0 0.3245382585751979 0.74609375 0.01759014951627089 0.0671875
0 0.7176781002638523 0.06328125 0.02990325417766051 0.0484375