0 0.5461741424802111 0.2359375 0.021108179419525065 0.059375
0 0.7005277044854882 0.2828125 0.02198768689533861 0.05
0 0.47185576077396657 0.090625 0.014951627088830254 0.05625
0 0.4859278803869833 0.1828125 0.018469656992084433 0.053125
0 0.6024626209322779 0.70234375 0.024626209322779244 0.0640625
0 0.5677220756376429 0.546875 0.018469656992084433 0.0625
0 0.581354441512753 0.61328125 0.021108179419525065 0.0640625
0 0.8878627968337731 0.8328125 0.03430079155672823 0.0375
0 0.8412489006156553 0.86640625 0.044854881266490766 0.0515625
0 0.9080914687774846 0.97890625 0.04133685136323659 0.0421875
0 0.98636763412489 0.934375 0.027264731750219876 0.046875
0 0.6402814423922604 0.865625 0.024626209322779244 0.0625