0 0.06596306068601583 0.89296875 0.040457343887423045 0.0421875
0 0.3865435356200528 0.82734375 0.03605980650835532 0.0390625
0 0.43755496921723835 0.671875 0.03430079155672823 0.040625
0 0.7607739665787159 0.59765625 0.024626209322779244 0.0296875
0 0.6798592788038699 0.53046875 0.026385224274406333 0.0328125
0 0.6407211961301671 0.553125 0.03781882145998241 0.040625
0 0.6961301671064204 0.63359375 0.032541776605101144 0.0328125
0 0.4758135444151275 0.5515625 0.021108179419525065 0.046875
0 0.4256816182937555 0.33046875 0.0158311345646438 0.0453125
0 0.43535620052770446 0.3765625 0.0158311345646438 0.046875
0 0.44854881266490765 0.43515625 0.01759014951627089 0.0453125
0 0.3645558487247142 0.03671875 0.016710642040457344 0.0359375
0 0.37467018469656993 0.09140625 0.014072119613016711 0.0390625
0 0.41996481970096744 0.1234375 0.014951627088830254 0.040625