0 0.41644678979771327 0.015625 0.013192612137203167 0.028125
0 0.4489885664028144 0.1453125 0.014951627088830254 0.03125
0 0.405452946350044 0.0859375 0.010554089709762533 0.028125
0 0.41160949868073876 0.12265625 0.010554089709762533 0.0296875
0 0.455584872471416 0.28828125 0.014072119613016711 0.0328125
0 0.46437994722955145 0.321875 0.012313104661389622 0.0375
0 0.47493403693931396 0.36484375 0.014072119613016711 0.0359375
0 0.49868073878627966 0.4484375 0.0158311345646438 0.040625
0 0.6723834652594547 0.43125 0.023746701846965697 0.028125
0 0.6376429199648197 0.44921875 0.0316622691292876 0.0296875
0 0.7392260334212841 0.48203125 0.016710642040457344 0.0234375
0 0.4678979771328056 0.53515625 0.02990325417766051 0.0328125
0 0.1517150395778364 0.69296875 0.032541776605101144 0.0328125