0 0.48988566402814426 0.6203125 0.022867194371152155 0.046875
0 0.4604221635883905 0.66875 0.025505716798592787 0.05
0 0.5549692172383466 0.478125 0.024626209322779244 0.046875
0 0.534740545294635 0.52109375 0.028144239226033423 0.0484375
0 0.5127528583992964 0.5671875 0.02990325417766051 0.053125
0 0.63896218117854 0.31015625 0.018469656992084433 0.0328125
0 0.6279683377308707 0.3375 0.022867194371152155 0.03125
0 0.8139841688654353 0.36015625 0.018469656992084433 0.0421875
0 0.7396657871591908 0.46875 0.026385224274406333 0.05
0 0.7401055408970977 0.63359375 0.027264731750219876 0.0578125
0 0.35576077396657874 0.21328125 0.020228671943711522 0.0484375