0 0.6490765171503958 0.41953125 0.019349164467897976 0.0421875
0 0.6996481970096747 0.31171875 0.02198768689533861 0.0421875
0 0.6336851363236587 0.44765625 0.018469656992084433 0.0421875
0 0.5628847845206685 0.60390625 0.024626209322779244 0.0515625
0 0.5400175901495162 0.6515625 0.022867194371152155 0.05
0 0.4604221635883905 0.8203125 0.023746701846965697 0.059375
0 0.4920844327176781 0.76796875 0.027264731750219876 0.0515625
0 0.5162708883025505 0.7046875 0.02990325417766051 0.0625
0 0.7594547053649956 0.7765625 0.029023746701846966 0.0625
0 0.785839929639402 0.51875 0.023746701846965697 0.05
0 0.8412489006156553 0.45234375 0.02198768689533861 0.0421875
0 0.35312225153913807 0.31328125 0.016710642040457344 0.0484375