0 0.7963940193491644 0.33203125 0.020228671943711522 0.0421875
0 0.6864555848724714 0.51640625 0.029023746701846966 0.0578125
0 0.7295514511873351 0.5671875 0.027264731750219876 0.05625
0 0.6816182937554969 0.16796875 0.021108179419525065 0.0390625
0 0.6345646437994723 0.2625 0.018469656992084433 0.0375
0 0.6191732629727352 0.28984375 0.019349164467897976 0.0390625
0 0.5518909410729991 0.421875 0.023746701846965697 0.046875
0 0.45954265611257694 0.6015625 0.023746701846965697 0.04375
0 0.48812664907651715 0.55625 0.024626209322779244 0.046875
0 0.5114335971855761 0.5046875 0.027264731750219876 0.046875
0 0.5312225153913809 0.4625 0.024626209322779244 0.040625
0 0.357080035180299 0.1703125 0.019349164467897976 0.053125