0 0.35092348284960423 0.371875 0.01759014951627089 0.053125
0 0.6539138082673702 0.48125 0.020228671943711522 0.0375
0 0.7044854881266491 0.36875 0.021108179419525065 0.0375
0 0.6416007036059806 0.51484375 0.023746701846965697 0.0421875
0 0.565523306948109 0.68359375 0.024626209322779244 0.0515625
0 0.5417766051011433 0.734375 0.028144239226033423 0.059375
0 0.5171503957783641 0.7921875 0.03518029903254178 0.065625
0 0.4947229551451187 0.85546875 0.029023746701846966 0.0578125
0 0.46130167106420406 0.915625 0.025505716798592787 0.05625
0 0.802990325417766 0.5703125 0.026385224274406333 0.05625
0 0.8540017590149517 0.5109375 0.022867194371152155 0.046875
0 0.7686895338610378 0.865625 0.02990325417766051 0.059375