0 0.46262093227792433 0.146875 0.019349164467897976 0.04375
0 0.7304309586631487 0.296875 0.018469656992084433 0.034375
0 0.7871591908531222 0.21484375 0.021108179419525065 0.0328125
0 0.7137203166226913 0.321875 0.02198768689533861 0.034375
0 0.6328056288478452 0.4375 0.027264731750219876 0.04375
0 0.6081794195250658 0.47421875 0.027264731750219876 0.0453125
0 0.5817941952506597 0.5109375 0.029023746701846966 0.05
0 0.6767810026385225 0.71171875 0.03781882145998241 0.0609375
0 0.8025505716798593 0.62890625 0.027264731750219876 0.0453125
0 0.558047493403694 0.55625 0.025505716798592787 0.04375
0 0.5241864555848724 0.58984375 0.024626209322779244 0.0515625
0 0.8720316622691293 0.44609375 0.02198768689533861 0.0390625