0 0.4766930518909411 0.75703125 0.022867194371152155 0.0546875
0 0.42216358839050133 0.934375 0.024626209322779244 0.05625
0 0.40677220756376425 0.97890625 0.02198768689533861 0.0421875
0 0.6376429199648197 0.7984375 0.026385224274406333 0.06875
0 0.6521547933157432 0.86875 0.02198768689533861 0.059375
0 0.5518909410729992 0.0125 0.009674582233948988 0.021875
0 0.5650835532102023 0.01171875 0.0079155672823219 0.0203125
0 0.6398416886543535 0.275 0.013192612137203167 0.04375
0 0.6086191732629727 0.2234375 0.012313104661389622 0.0375
0 0.5769569041336852 0.16015625 0.010554089709762533 0.0296875
0 0.588830255057168 0.2015625 0.011433597185576077 0.03125
0 0.5971855760773966 0.24765625 0.012313104661389622 0.0359375
0 0.592788038698329 0.06328125 0.014072119613016711 0.0390625
0 0.6055408970976254 0.11875 0.014951627088830254 0.034375
0 0.8324538258575198 0.34375 0.02198768689533861 0.021875
0 0.8197009674582234 0.3921875 0.028144239226033423 0.025