0 0.42216358839050133 0.9453125 0.03518029903254178 0.075
0 0.5514511873350924 0.659375 0.019349164467897976 0.059375
0 0.42656112576956906 0.49609375 0.019349164467897976 0.0484375
0 0.4599824098504837 0.51953125 0.019349164467897976 0.0515625
0 0.4415127528583993 0.39609375 0.0158311345646438 0.0421875
0 0.6640281442392261 0.509375 0.02990325417766051 0.028125
0 0.683377308707124 0.4546875 0.022867194371152155 0.025
0 0.4340369393139842 0.25703125 0.013192612137203167 0.0328125
0 0.42875989445910295 0.13046875 0.011433597185576077 0.0359375
0 0.44459102902374675 0.11640625 0.011433597185576077 0.0328125
0 0.4621811785400176 0.15078125 0.014951627088830254 0.0453125
0 0.4683377308707124 0.2015625 0.014951627088830254 0.0375
0 0.23702726473175023 0.93828125 0.030782761653474055 0.0609375