0 0.7990325417766051 0.35703125 0.023746701846965697 0.0421875
0 0.7387862796833773 0.5703125 0.026385224274406333 0.05
0 0.6613896218117854 0.59375 0.02990325417766051 0.0625
0 0.5615655233069481 0.421875 0.025505716798592787 0.046875
0 0.5413368513632366 0.4609375 0.027264731750219876 0.05
0 0.5189094107299912 0.50390625 0.028144239226033423 0.0546875
0 0.49648197009674583 0.55390625 0.025505716798592787 0.0484375
0 0.4683377308707124 0.5984375 0.025505716798592787 0.046875
0 0.3702726473175022 0.16640625 0.01759014951627089 0.0484375
0 0.6455584872471416 0.265625 0.019349164467897976 0.034375
0 0.6314863676341249 0.29140625 0.021108179419525065 0.0421875