0 0.5589270008795075 0.53125 0.025505716798592787 0.046875
0 0.5364995602462621 0.57734375 0.028144239226033423 0.0484375
0 0.5127528583992964 0.62734375 0.028144239226033423 0.0609375
0 0.4916446789797713 0.68046875 0.022867194371152155 0.0515625
0 0.4608619173262973 0.73515625 0.026385224274406333 0.0546875
0 0.6429199648197008 0.359375 0.01759014951627089 0.0375
0 0.6297273526824977 0.3875 0.022867194371152155 0.0375
0 0.6917326297273527 0.25625 0.020228671943711522 0.034375
0 0.76429199648197 0.4828125 0.024626209322779244 0.05625
0 0.7484608619173264 0.69375 0.024626209322779244 0.05625
0 0.8271767810026385 0.39921875 0.018469656992084433 0.0453125
0 0.35532102022867196 0.25703125 0.01759014951627089 0.0453125