0 0.28188214599824096 0.49609375 0.018469656992084433 0.0609375
0 0.5197889182058048 0.8078125 0.026385224274406333 0.053125
0 0.49648197009674583 0.8703125 0.030782761653474055 0.065625
0 0.47537379067722074 0.93203125 0.030782761653474055 0.0546875
0 0.6081794195250659 0.5734375 0.02198768689533861 0.04375
0 0.5932277924362357 0.61015625 0.016710642040457344 0.0484375
0 0.6556728232189973 0.44140625 0.020228671943711522 0.0390625
0 0.8170624450307827 0.5703125 0.021108179419525065 0.05
0 0.7766051011433597 0.6046875 0.024626209322779244 0.05625
0 0.7405452946350045 0.975 0.024626209322779244 0.05
0 0.8157431838170625 0.04453125 0.014951627088830254 0.0390625
0 0.9912049252418645 0.184375 0.01759014951627089 0.021875