0 0.490325417766051 0.5765625 0.025505716798592787 0.053125
0 0.4608619173262973 0.621875 0.021108179419525065 0.05
0 0.5532102022867195 0.43671875 0.021108179419525065 0.0484375
0 0.5329815303430079 0.48046875 0.026385224274406333 0.0453125
0 0.5123131046613896 0.52265625 0.030782761653474055 0.0484375
0 0.6358839050131925 0.275 0.019349164467897976 0.034375
0 0.6218117854001759 0.3015625 0.019349164467897976 0.034375
0 0.35708003518029907 0.1828125 0.01759014951627089 0.053125
0 0.683377308707124 0.18125 0.019349164467897976 0.034375
0 0.8043095866314863 0.3359375 0.020228671943711522 0.040625
0 0.7348284960422163 0.58671875 0.027264731750219876 0.0484375
0 0.7132805628847845 0.4734375 0.026385224274406333 0.059375