0 0.33509234828496043 0.42890625 0.01759014951627089 0.0546875
0 0.55584872471416 0.7484375 0.024626209322779244 0.05
0 0.5329815303430079 0.80390625 0.02990325417766051 0.0578125
0 0.5079155672823219 0.86640625 0.030782761653474055 0.0609375
0 0.48328935795954264 0.93828125 0.027264731750219876 0.0609375
0 0.45030782761653476 0.98515625 0.022867194371152155 0.0296875
0 0.6495162708883025 0.53671875 0.02198768689533861 0.0359375
0 0.7000879507475813 0.41796875 0.021108179419525065 0.0453125
0 0.6341248900615655 0.57109375 0.024626209322779244 0.0421875
0 0.8073878627968337 0.60703125 0.026385224274406333 0.0609375
0 0.8562005277044855 0.5609375 0.025505716798592787 0.05625
0 0.768249780123131 0.94609375 0.030782761653474055 0.0734375