0 0.6187335092348284 0.30234375 0.016710642040457344 0.0453125
0 0.5338610378188214 0.03203125 0.010554089709762533 0.0296875
0 0.548372911169745 0.0328125 0.009674582233948988 0.028125
0 0.5725593667546174 0.07890625 0.012313104661389622 0.0390625
0 0.5554089709762533 0.171875 0.013192612137203167 0.03125
0 0.5848724714160072 0.13203125 0.012313104661389622 0.0328125
0 0.565523306948109 0.21640625 0.014072119613016711 0.0359375
0 0.5738786279683378 0.2640625 0.014951627088830254 0.0375
0 0.5883905013192612 0.25078125 0.014072119613016711 0.0390625
0 0.8109058927000878 0.3609375 0.022867194371152155 0.021875
0 0.7963940193491644 0.4078125 0.027264731750219876 0.025
0 0.44283201407211964 0.784375 0.025505716798592787 0.05625
0 0.6081794195250659 0.8140625 0.025505716798592787 0.06875
0 0.6200527704485488 0.90078125 0.024626209322779244 0.0578125
0 0.3839050131926121 0.96875 0.025505716798592787 0.05625