0 0.26561125769569044 0.38203125 0.021108179419525065 0.0453125
0 0.5118733509234829 0.728125 0.03869832893579595 0.0625
0 0.21108179419525067 0.075 0.021108179419525065 0.05
0 0.3733509234828496 0.2578125 0.02198768689533861 0.05
0 0.7119613016710642 0.51484375 0.03605980650835532 0.0359375
0 0.8623570800351803 0.4890625 0.03781882145998241 0.034375
0 0.7102022867194371 0.3953125 0.03781882145998241 0.0375
0 0.7357080035180299 0.334375 0.03605980650835532 0.04375
0 0.7779243623570801 0.3578125 0.03430079155672823 0.034375
0 0.8478452066842568 0.23515625 0.036939313984168866 0.0421875
0 0.8693931398416886 0.30859375 0.03430079155672823 0.0359375
0 0.980650835532102 0.2421875 0.03518029903254178 0.034375
0 0.9784520668425681 0.47734375 0.030782761653474055 0.0296875
0 0.9920844327176781 0.11015625 0.0158311345646438 0.0328125
0 0.8685136323658751 0.546875 0.03430079155672823 0.040625