0 0.39577836411609496 0.68125 0.036939313984168866 0.053125
0 0.47493403693931396 0.52109375 0.040457343887423045 0.0484375
0 0.2941952506596306 0.7140625 0.0395778364116095 0.06875
0 0.3649956024626209 0.23046875 0.028144239226033423 0.0703125
0 0.3051890941072999 0.0109375 0.022867194371152155 0.01875
0 0.34256816182937555 0.125 0.027264731750219876 0.0625
0 0.322339489885664 0.28125 0.020228671943711522 0.059375
0 0.673702726473175 0.27734375 0.03342128408091469 0.0328125
0 0.6666666666666666 0.44375 0.03869832893579595 0.0375
0 0.7537379067722075 0.39609375 0.04397537379067722 0.0421875
0 0.9656992084432717 0.5890625 0.04221635883905013 0.040625