0 0.3940193491644679 0.21484375 0.024626209322779244 0.0390625
0 0.48504837291116976 0.34375 0.02198768689533861 0.034375
0 0.5070360598065083 0.371875 0.02198768689533861 0.034375
0 0.27088830255057167 0.28046875 0.028144239226033423 0.0484375
0 0.3447669305189094 0.390625 0.028144239226033423 0.05
0 0.2612137203166227 0.43125 0.028144239226033423 0.05
0 0.37994722955145116 0.4953125 0.02990325417766051 0.053125
0 0.4419525065963061 0.5890625 0.030782761653474055 0.053125
0 0.4604221635883905 0.55234375 0.032541776605101144 0.0515625
0 0.13060686015831136 0.12734375 0.029023746701846966 0.0453125
0 0.2985927880386983 0.0875 0.020228671943711522 0.03125
0 0.3179419525065963 0.121875 0.02198768689533861 0.03125
0 0.34432717678100266 0.15234375 0.025505716798592787 0.0359375
0 0.3689533861037819 0.1828125 0.025505716798592787 0.0375
0 0.5936675461741425 0.484375 0.026385224274406333 0.04375
0 0.5277044854881267 0.7171875 0.036939313984168866 0.059375
0 0.5479331574318381 0.6921875 0.03518029903254178 0.059375
0 0.5932277924362357 0.76015625 0.03605980650835532 0.0578125
0 0.5769569041336852 0.88046875 0.03342128408091469 0.0640625