0 0.890061565523307 0.4625 0.03518029903254178 0.040625
0 0.7115215479331575 0.95859375 0.040457343887423045 0.0640625
0 0.23790677220756376 0.47109375 0.029023746701846966 0.0265625
0 0.2669305189094107 0.471875 0.027264731750219876 0.025
0 0.3817062445030783 0.48046875 0.0316622691292876 0.0265625
0 0.021108179419525065 0.45390625 0.036939313984168866 0.0296875
0 0.06068601583113457 0.4546875 0.03518029903254178 0.028125
0 0.10026385224274406 0.45625 0.0316622691292876 0.03125
0 0.10202286719437115 0.72578125 0.04397537379067722 0.0359375
0 0.04969217238346526 0.80625 0.04309586631486367 0.034375
0 0.19525065963060687 0.67421875 0.040457343887423045 0.0390625
0 0.2959542656112577 0.67890625 0.03781882145998241 0.0296875
0 0.3671943711521548 0.68203125 0.03605980650835532 0.0359375
0 0.4173262972735268 0.69140625 0.03781882145998241 0.0359375
0 0.4731750219876869 0.69765625 0.04221635883905013 0.0359375
0 0.49428320140721194 0.73984375 0.04397537379067722 0.0390625
0 0.3940193491644679 0.74375 0.04221635883905013 0.0375
0 0.3034300791556728 0.72578125 0.040457343887423045 0.0359375