0 0.04529463500439754 0.05 0.027264731750219876 0.04375
0 0.20448548812664907 0.234375 0.025505716798592787 0.05
0 0.27440633245382584 0.340625 0.02990325417766051 0.05
0 0.25769569041336854 0.078125 0.019349164467897976 0.03125
0 0.2766051011433598 0.11015625 0.02198768689533861 0.0328125
0 0.3025505716798593 0.140625 0.026385224274406333 0.0375
0 0.3267370272647317 0.17109375 0.027264731750219876 0.0359375
0 0.3491644678979771 0.20234375 0.022867194371152155 0.0359375
0 0.44063324538258575 0.33125 0.022867194371152155 0.0375
0 0.4604221635883905 0.3578125 0.023746701846965697 0.034375
0 0.5448548812664907 0.47421875 0.029023746701846966 0.0484375
0 0.38258575197889183 0.49765625 0.02990325417766051 0.0515625
0 0.3144239226033421 0.45625 0.032541776605101144 0.05
0 0.37906772207563766 0.55859375 0.0316622691292876 0.0546875
0 0.4925241864555849 0.67421875 0.0316622691292876 0.0578125
0 0.5373790677220757 0.74375 0.03518029903254178 0.06875
0 0.46745822339489884 0.69140625 0.03605980650835532 0.0609375
0 0.5 0.828125 0.032541776605101144 0.0625
0 0.21240105540897097 0.41875 0.030782761653474055 0.053125