0 0.42260334212840805 0.09609375 0.02198768689533861 0.0328125
0 0.4410729991204925 0.13359375 0.02198768689533861 0.0328125
0 0.46613896218117856 0.165625 0.024626209322779244 0.0375
0 0.4894459102902375 0.1984375 0.023746701846965697 0.040625
0 0.5118733509234829 0.23359375 0.024626209322779244 0.0390625
0 0.600263852242744 0.37109375 0.023746701846965697 0.0359375
0 0.6209322779243623 0.4046875 0.022867194371152155 0.040625
0 0.7084432717678101 0.53203125 0.029023746701846966 0.0484375
0 0.5101143359718557 0.4875 0.028144239226033423 0.05
0 0.5175901495162709 0.55625 0.030782761653474055 0.05625
0 0.43447669305189096 0.36171875 0.028144239226033423 0.0515625
0 0.33948988566402816 0.26171875 0.026385224274406333 0.0515625
0 0.37950747581354444 0.43515625 0.029023746701846966 0.0546875
0 0.7185576077396658 0.034375 0.02990325417766051 0.03125
0 0.6094986807387863 0.6484375 0.0316622691292876 0.05625
0 0.5747581354441513 0.6625 0.030782761653474055 0.059375
0 0.658311345646438 0.7390625 0.03430079155672823 0.065625
0 0.7005277044854882 0.81328125 0.03781882145998241 0.0671875
0 0.6517150395778364 0.78984375 0.036939313984168866 0.0671875