0 0.44942832014072126 0.49609375 0.036939313984168866 0.0578125
0 0.48504837291116976 0.3609375 0.0395778364116095 0.059375
0 0.633245382585752 0.20625 0.04221635883905013 0.05
0 0.7396657871591908 0.26484375 0.03518029903254178 0.0421875
0 0.8218997361477572 0.1609375 0.0395778364116095 0.0375
0 0.9014951627088831 0.1921875 0.036939313984168866 0.0375
0 0.9718557607739666 0.15859375 0.04221635883905013 0.0390625
0 0.9617414248021108 0.04453125 0.0395778364116095 0.0390625
0 0.35532102022867196 0.12578125 0.019349164467897976 0.0546875
0 0.3997361477572559 0.07265625 0.027264731750219876 0.0671875
0 0.9881266490765171 0.42578125 0.023746701846965697 0.0296875