0 0.10334212840809147 0.26953125 0.025505716798592787 0.0265625
0 0.13148636763412488 0.2921875 0.029023746701846966 0.03125
0 0.16842568161829374 0.3015625 0.032541776605101144 0.03125
0 0.20140721196130168 0.31796875 0.0316622691292876 0.0328125
0 0.23482849604221637 0.3328125 0.028144239226033423 0.03125
0 0.357080035180299 0.390625 0.026385224274406333 0.03125
0 0.3843447669305189 0.4046875 0.026385224274406333 0.03125
0 0.1662269129287599 0.55859375 0.036939313984168866 0.0390625
0 0.15435356200527706 0.634375 0.03605980650835532 0.040625
0 0.26077396657871593 0.55234375 0.03605980650835532 0.0421875
0 0.49076517150395776 0.4546875 0.02990325417766051 0.03125
0 0.36807387862796836 0.6015625 0.03605980650835532 0.040625
0 0.3667546174142481 0.6484375 0.036939313984168866 0.040625
0 0.4529463500439754 0.63984375 0.03518029903254178 0.0453125
0 0.45030782761653476 0.69765625 0.036939313984168866 0.0421875
0 0.4973614775725594 0.66875 0.03605980650835532 0.040625
0 0.5527704485488126 0.69921875 0.04133685136323659 0.0421875
0 0.5395778364116095 0.734375 0.04133685136323659 0.04375
0 0.7159190853122253 0.9796875 0.03869832893579595 0.040625