0 0.007036059806508356 0.59375 0.012313104661389622 0.03125
0 0.1785400175901495 0.55625 0.02990325417766051 0.028125
0 0.1468777484608619 0.565625 0.02990325417766051 0.03125
0 0.29991204925241866 0.53125 0.03342128408091469 0.028125
0 0.158311345646438 0.78125 0.04221635883905013 0.040625
0 0.2418645558487247 0.75390625 0.03869832893579595 0.0359375
0 0.3034300791556728 0.73828125 0.03869832893579595 0.0328125
0 0.35576077396657874 0.73203125 0.0395778364116095 0.0390625
0 0.4155672823218997 0.71953125 0.04133685136323659 0.0359375
0 0.3671943711521548 0.7859375 0.04133685136323659 0.0375
0 0.26824978012313105 0.79921875 0.040457343887423045 0.0421875
0 0.08003518029903255 0.86171875 0.04573438874230431 0.0359375
0 0.4736147757255937 0.74296875 0.04309586631486367 0.0390625
0 0.7203166226912929 0.96015625 0.040457343887423045 0.0609375
0 0.8948988566402815 0.875 0.027264731750219876 0.053125
0 0.86103781882146 0.95234375 0.03518029903254178 0.0734375
0 0.7845206684256816 0.37265625 0.02990325417766051 0.0453125