0 0.25725593667546176 0.18984375 0.025505716798592787 0.0453125
0 0.3733509234828496 0.31484375 0.027264731750219876 0.0515625
0 0.34080914687774844 0.4265625 0.027264731750219876 0.053125
0 0.4476693051890941 0.4328125 0.02990325417766051 0.05
0 0.46921723834652596 0.5234375 0.027264731750219876 0.053125
0 0.6657871591908531 0.79296875 0.036939313984168866 0.0609375
0 0.6209322779243622 0.7203125 0.036939313984168866 0.059375
0 0.55584872471416 0.60625 0.0316622691292876 0.059375
0 0.5268249780123131 0.62421875 0.0316622691292876 0.0578125
0 0.6068601583113457 0.75390625 0.036939313984168866 0.0671875
0 0.6710642040457344 0.965625 0.03518029903254178 0.06875
0 0.3781882145998241 0.09140625 0.021108179419525065 0.0296875
0 0.3979771328056288 0.1265625 0.020228671943711522 0.034375
0 0.4239226033421284 0.15625 0.026385224274406333 0.0375
0 0.44854881266490765 0.190625 0.022867194371152155 0.0375
0 0.4714160070360598 0.22421875 0.024626209322779244 0.0359375
0 0.5620052770448549 0.3609375 0.021108179419525065 0.0375
0 0.6732629727352683 0.01796875 0.027264731750219876 0.0265625
0 0.5835532102022867 0.390625 0.02198768689533861 0.0375
0 0.6710642040457344 0.5140625 0.028144239226033423 0.046875