0 0.14467897977132807 0.02734375 0.018469656992084433 0.0296875
0 0.018909410729991204 0.07890625 0.027264731750219876 0.0453125
0 0.08267370272647317 0.178125 0.026385224274406333 0.046875
0 0.12269129287598944 0.30234375 0.027264731750219876 0.0484375
0 0.079155672823219 0.35390625 0.028144239226033423 0.0484375
0 0.16710642040457344 0.31875 0.02990325417766051 0.046875
0 0.19656992084432717 0.42734375 0.030782761653474055 0.0515625
0 0.3113456464379947 0.2734375 0.021108179419525065 0.03125
0 0.33069481090589264 0.30234375 0.019349164467897976 0.0359375
0 0.16094986807387862 0.0609375 0.021108179419525065 0.03125
0 0.18513632365875113 0.08828125 0.02198768689533861 0.0328125
0 0.20624450307827616 0.11796875 0.023746701846965697 0.0359375
0 0.22823218997361477 0.14765625 0.023746701846965697 0.0359375
0 0.40809146877748453 0.41484375 0.024626209322779244 0.0390625
0 0.31926121372031663 0.71015625 0.02990325417766051 0.0546875
0 0.306948109058927 0.609375 0.03342128408091469 0.0625
0 0.3434476693051891 0.60703125 0.030782761653474055 0.0578125
0 0.3834652594547054 0.67109375 0.03342128408091469 0.0578125