0 0.6218117854001759 0.27109375 0.03518029903254178 0.0359375
0 0.6939313984168866 0.42265625 0.04573438874230431 0.0484375
0 0.6081794195250659 0.47265625 0.03605980650835532 0.0421875
0 0.34080914687774844 0.12265625 0.025505716798592787 0.0578125
0 0.36675461741424803 0.228125 0.028144239226033423 0.065625
0 0.3197009674582234 0.28125 0.020228671943711522 0.053125
0 0.4076517150395778 0.5859375 0.03781882145998241 0.05
0 0.3333333333333333 0.7765625 0.03342128408091469 0.05625
0 0.22867194371152155 0.81953125 0.036939313984168866 0.0703125
0 0.30255057167985927 0.01171875 0.019349164467897976 0.0203125
0 0.9639401934916447 0.590625 0.03869832893579595 0.040625