0 0.011433597185576077 0.13203125 0.021108179419525065 0.0453125
0 0.04881266490765172 0.25078125 0.027264731750219876 0.0453125
0 0.0919085312225154 0.26484375 0.029023746701846966 0.0453125
0 0.026824978012313105 0.33828125 0.029023746701846966 0.0515625
0 0.12620932277924363 0.38203125 0.029023746701846966 0.0515625
0 0.2497801231310466 0.57421875 0.0316622691292876 0.0546875
0 0.28891820580474936 0.58046875 0.032541776605101144 0.0578125
0 0.3293755496921723 0.6453125 0.032541776605101144 0.05625
0 0.2590149516270888 0.675 0.030782761653474055 0.053125
0 0.2598944591029024 0.253125 0.020228671943711522 0.03125
0 0.2783641160949868 0.28046875 0.02198768689533861 0.0359375
0 0.35532102022867196 0.3890625 0.024626209322779244 0.04375
0 0.09278803869832894 0.0140625 0.02198768689533861 0.025
0 0.10993843447669305 0.0453125 0.022867194371152155 0.03125
0 0.13368513632365875 0.071875 0.024626209322779244 0.03125
0 0.15611257695690414 0.10234375 0.023746701846965697 0.0359375
0 0.17766051011433598 0.13203125 0.021108179419525065 0.0328125