0 0.18073878627968337 0.046875 0.018469656992084433 0.028125
0 0.19876868953386104 0.08125 0.022867194371152155 0.03125
0 0.22295514511873352 0.10859375 0.025505716798592787 0.0359375
0 0.24494283201407213 0.140625 0.023746701846965697 0.034375
0 0.2678100263852243 0.17265625 0.023746701846965697 0.0359375
0 0.3544415127528584 0.29765625 0.022867194371152155 0.0390625
0 0.37247141600703604 0.32734375 0.020228671943711522 0.0359375
0 0.4529463500439754 0.43828125 0.024626209322779244 0.0421875
0 0.07871591908531222 0.134375 0.027264731750219876 0.04375
0 0.14291996481970096 0.23515625 0.027264731750219876 0.0453125
0 0.12269129287598944 0.38046875 0.029023746701846966 0.0484375
0 0.1851363236587511 0.35859375 0.027264731750219876 0.0453125
0 0.23526824978012312 0.38125 0.030782761653474055 0.046875
0 0.2590149516270888 0.4796875 0.030782761653474055 0.053125
0 0.3592788038698329 0.6421875 0.032541776605101144 0.059375
0 0.3909410729991205 0.634375 0.032541776605101144 0.05625
0 0.4340369393139842 0.70390625 0.032541776605101144 0.0609375
0 0.3737906772207564 0.74765625 0.0316622691292876 0.0578125