0 0.8425681618293754 0.65703125 0.03869832893579595 0.0296875
0 0.9828496042216359 0.6078125 0.03430079155672823 0.034375
0 0.8891820580474935 0.51015625 0.03869832893579595 0.0296875
0 0.9274406332453826 0.54296875 0.03430079155672823 0.0359375
0 0.17194371152154794 0.19296875 0.025505716798592787 0.0296875
0 0.05013192612137203 0.125 0.026385224274406333 0.025
0 0.0773966578715919 0.14921875 0.026385224274406333 0.0296875
0 0.11081794195250659 0.1609375 0.02990325417766051 0.03125
0 0.14204045734388743 0.1765625 0.029023746701846966 0.034375
0 0.07871591908531222 0.46953125 0.03605980650835532 0.0390625
0 0.2827616534740545 0.253125 0.025505716798592787 0.028125
0 0.3073878627968338 0.265625 0.023746701846965697 0.025
0 0.40589270008795075 0.31953125 0.027264731750219876 0.0296875
0 0.33773087071240104 0.578125 0.03869832893579595 0.034375
0 0.7871591908531222 0.92734375 0.021108179419525065 0.0703125