0 0.6495162708883025 0.30234375 0.025505716798592787 0.0484375
0 0.4780123131046614 0.70625 0.0395778364116095 0.046875
0 0.8073878627968337 0.73046875 0.024626209322779244 0.0453125
0 0.7840809146877749 0.81484375 0.03430079155672823 0.0640625
0 0.8293755496921724 0.9046875 0.03869832893579595 0.06875
0 0.19085312225153914 0.63359375 0.03518029903254178 0.0390625
0 0.06288478452066842 0.71171875 0.032541776605101144 0.0359375
0 0.028583992963940194 0.7328125 0.03430079155672823 0.040625
0 0.11037818821459983 0.92734375 0.044854881266490766 0.0484375
0 0.16930518909410727 0.87890625 0.04133685136323659 0.0484375
0 0.22163588390501318 0.8421875 0.04221635883905013 0.046875
0 0.27616534740545295 0.81328125 0.03869832893579595 0.0484375
0 0.25241864555848725 0.878125 0.04397537379067722 0.046875
0 0.3447669305189094 0.76796875 0.04397537379067722 0.0421875
0 0.3768689533861038 0.809375 0.04133685136323659 0.046875
0 0.09850483729111698 0.98515625 0.04925241864555849 0.0296875