0 0.6072999120492524 0.70625 0.03781882145998241 0.05625
0 0.5202286719437115 0.84765625 0.03781882145998241 0.0515625
0 0.6574318381706244 0.41328125 0.029023746701846966 0.0515625
0 0.7906772207563765 0.15 0.019349164467897976 0.04375
0 0.8205804749340369 0.89296875 0.026385224274406333 0.0484375
0 0.797273526824978 0.97578125 0.03605980650835532 0.0484375
0 0.1723834652594547 0.771875 0.036939313984168866 0.04375
0 0.3469656992084433 0.9203125 0.04309586631486367 0.046875
0 0.3759894459102902 0.95234375 0.04133685136323659 0.0453125
0 0.2748460861917326 0.965625 0.04133685136323659 0.05
0 0.20492524186455585 0.9890625 0.040457343887423045 0.021875
0 0.032981530343007916 0.8578125 0.03605980650835532 0.04375
0 0.007475813544415127 0.871875 0.013192612137203167 0.034375