0 0.1802990325417766 0.70234375 0.03518029903254178 0.0390625
0 0.04617414248021108 0.78671875 0.03430079155672823 0.0390625
0 0.014511873350923483 0.8078125 0.027264731750219876 0.040625
0 0.6508355321020228 0.35625 0.026385224274406333 0.05
0 0.5615655233069481 0.69140625 0.03781882145998241 0.0515625
0 0.47053649956024624 0.81328125 0.03869832893579595 0.0453125
0 0.34784520668425684 0.84375 0.04309586631486367 0.04375
0 0.27396657871591906 0.88984375 0.04133685136323659 0.0453125
0 0.20976253298153033 0.9265625 0.04309586631486367 0.05
0 0.3254177660510114 0.91015625 0.04221635883905013 0.0515625
0 0.8117854001759014 0.81171875 0.024626209322779244 0.0484375
0 0.7889182058047494 0.8984375 0.03518029903254178 0.065625
0 0.8333333333333334 0.9796875 0.03430079155672823 0.040625
0 0.1565523306948109 0.9640625 0.04573438874230431 0.05