0 0.08135444151275285 0.16640625 0.023746701846965697 0.0234375
0 0.10554089709762533 0.19140625 0.024626209322779244 0.0296875
0 0.13896218117854 0.20859375 0.02990325417766051 0.0328125
0 0.16974494283201408 0.2265625 0.028144239226033423 0.03125
0 0.19920844327176782 0.246875 0.027264731750219876 0.03125
0 0.3122251539138083 0.32578125 0.024626209322779244 0.0328125
0 0.33641160949868076 0.3421875 0.02198768689533861 0.03125
0 0.43491644678979774 0.40859375 0.029023746701846966 0.0359375
0 0.09718557607739665 0.521875 0.03605980650835532 0.04375
0 0.316622691292876 0.64765625 0.036939313984168866 0.0453125
0 0.7401055408970977 0.8125 0.04133685136323659 0.04375
0 0.9445910290237467 0.6890625 0.04221635883905013 0.034375
0 0.8935795954265612 0.85 0.040457343887423045 0.028125
0 0.9832893579595426 0.7296875 0.03342128408091469 0.03125