0 0.864995602462621 0.10703125 0.023746701846965697 0.0359375
0 0.7603342128408092 0.265625 0.023746701846965697 0.040625
0 0.6701846965699209 0.4046875 0.02990325417766051 0.040625
0 0.6257695690413367 0.3046875 0.030782761653474055 0.046875
0 0.6609498680738787 0.30859375 0.027264731750219876 0.0421875
0 0.6314863676341249 0.6796875 0.021108179419525065 0.0625
0 0.7071240105540898 0.775 0.021108179419525065 0.046875
0 0.6644678979771328 0.834375 0.027264731750219876 0.065625
0 0.017150395778364115 0.50625 0.032541776605101144 0.03125
0 0.14204045734388743 0.475 0.03430079155672823 0.03125
0 0.1534740545294635 0.7796875 0.044854881266490766 0.0375