0 0.23878627968337732 0.58359375 0.03430079155672823 0.0359375
0 0.11257695690413369 0.63828125 0.0316622691292876 0.0328125
0 0.08003518029903255 0.65234375 0.0316622691292876 0.0359375
0 0.0822339489885664 0.9453125 0.048372911169744945 0.05
0 0.13368513632365875 0.86328125 0.04397537379067722 0.0484375
0 0.20008795074758134 0.82265625 0.04133685136323659 0.0421875
0 0.25241864555848725 0.85 0.040457343887423045 0.04375
0 0.25725593667546176 0.79375 0.03781882145998241 0.040625
0 0.31090589270008795 0.775 0.0395778364116095 0.040625
0 0.37598944591029027 0.74609375 0.0395778364116095 0.0390625
0 0.3619173262972735 0.8109375 0.0395778364116095 0.040625
0 0.47053649956024624 0.73125 0.040457343887423045 0.04375
0 0.7102022867194371 0.32734375 0.029023746701846966 0.0484375
0 0.7431838170624451 0.97734375 0.03869832893579595 0.0453125
0 0.8452066842568162 0.7875 0.026385224274406333 0.046875
0 0.8188214599824098 0.871875 0.03518029903254178 0.065625
0 0.8614775725593667 0.9671875 0.0395778364116095 0.065625