0 0.09762532981530343 0.51171875 0.03342128408091469 0.0359375
0 0.1310466138962181 0.49921875 0.03342128408091469 0.0359375
0 0.25505716798592787 0.44921875 0.03342128408091469 0.0390625
0 0.0980650835532102 0.72890625 0.044854881266490766 0.0421875
0 0.22911169744942833 0.73203125 0.04309586631486367 0.0453125
0 0.3131046613896218 0.69296875 0.040457343887423045 0.0359375
0 0.39621811785400174 0.65546875 0.04133685136323659 0.0390625
0 0.24450307827616535 0.78359375 0.04397537379067722 0.0453125
0 0.706684256816183 0.17890625 0.027264731750219876 0.0453125
0 0.7071240105540897 0.30625 0.024626209322779244 0.046875
0 0.8293755496921724 0.76875 0.03342128408091469 0.065625
0 0.6948109058927001 0.703125 0.026385224274406333 0.065625
0 0.8781882145998241 0.85625 0.03430079155672823 0.071875
0 0.9261213720316622 0.95703125 0.03869832893579595 0.0765625
0 0.8504837291116975 0.665625 0.026385224274406333 0.046875