0 0.7616534740545294 0.04453125 0.026385224274406333 0.0421875
0 0.7326297273526826 0.1984375 0.024626209322779244 0.04375
0 0.6728232189973615 0.5609375 0.019349164467897976 0.065625
0 0.8284960422163589 0.72109375 0.03518029903254178 0.0671875
0 0.876429199648197 0.809375 0.03605980650835532 0.06875
0 0.9221635883905013 0.91015625 0.03781882145998241 0.0734375
0 0.8500439753737907 0.61484375 0.02198768689533861 0.0453125
0 0.25505716798592787 0.39765625 0.036939313984168866 0.0328125
0 0.09894459102902374 0.46171875 0.029023746701846966 0.0390625
0 0.13280562884784522 0.4453125 0.028144239226033423 0.0375
0 0.3966578715919085 0.60625 0.03869832893579595 0.0375
0 0.31618293755496923 0.64296875 0.04309586631486367 0.0390625
0 0.23087071240105542 0.68125 0.0395778364116095 0.040625
0 0.20492524186455588 0.75234375 0.04573438874230431 0.0453125
0 0.04001759014951627 0.70390625 0.04661389621811785 0.0390625