0 0.18777484608619174 0.3515625 0.029023746701846966 0.028125
0 0.2185576077396658 0.3484375 0.029023746701846966 0.028125
0 0.33641160949868076 0.33828125 0.032541776605101144 0.0234375
0 0.3324538258575198 0.4125 0.03518029903254178 0.03125
0 0.3605980650835532 0.53671875 0.03869832893579595 0.0328125
0 0.45074758135444154 0.58046875 0.0395778364116095 0.0328125
0 0.3689533861037819 0.5890625 0.04133685136323659 0.028125
0 0.41644678979771327 0.64375 0.04309586631486367 0.034375
0 0.2880386983289358 0.59765625 0.04133685136323659 0.0359375
0 0.008795074758135445 0.3625 0.0158311345646438 0.034375
0 0.03869832893579595 0.359375 0.03342128408091469 0.025
0 0.023306948109058926 0.7125 0.044854881266490766 0.034375
0 0.8746701846965699 0.84921875 0.030782761653474055 0.0734375
0 0.7990325417766051 0.91171875 0.025505716798592787 0.0703125
0 0.9089709762532981 0.75625 0.023746701846965697 0.05625
0 0.9133685136323659 0.95703125 0.03605980650835532 0.0765625