0 0.018469656992084436 0.44140625 0.03518029903254178 0.0578125
0 0.059366754617414245 0.0203125 0.03781882145998241 0.0375
0 0.0998240985048373 0.04765625 0.03430079155672823 0.0484375
0 0.23966578715919085 0.17890625 0.029023746701846966 0.0453125
0 0.2700087950747581 0.20546875 0.02990325417766051 0.0453125
0 0.43535620052770446 0.64765625 0.036939313984168866 0.0546875
0 0.4050131926121372 0.69140625 0.0395778364116095 0.0515625
0 0.3812664907651715 0.72734375 0.0395778364116095 0.0484375
0 0.9357959542656112 0.67734375 0.04573438874230431 0.0359375
0 0.9890061565523307 0.66328125 0.02198768689533861 0.0328125
0 0.9912049252418645 0.72421875 0.01759014951627089 0.0296875
0 0.39050131926121373 0.3125 0.03518029903254178 0.04375