0 0.04661389621811785 0.5328125 0.03518029903254178 0.034375
0 0.079155672823219 0.5203125 0.02990325417766051 0.03125
0 0.20580474934036938 0.4703125 0.03518029903254178 0.03125
0 0.2612137203166227 0.72109375 0.04221635883905013 0.0390625
0 0.34256816182937555 0.6875 0.0395778364116095 0.040625
0 0.17502198768689534 0.75859375 0.04221635883905013 0.0421875
0 0.8113456464379947 0.06875 0.020228671943711522 0.0375
0 0.6706244503078276 0.33359375 0.027264731750219876 0.0546875
0 0.8082673702726473 0.69921875 0.022867194371152155 0.0453125
0 0.7862796833773087 0.80703125 0.03342128408091469 0.0671875
0 0.8311345646437994 0.9 0.03518029903254178 0.071875
0 0.872471416007036 0.9828125 0.02990325417766051 0.034375