0 0.5883905013192612 0.4265625 0.040457343887423045 0.034375
0 0.49296394019349166 0.35546875 0.04133685136323659 0.0328125
0 0.46921723834652596 0.4046875 0.04133685136323659 0.034375
0 0.4920844327176781 0.46484375 0.03781882145998241 0.0296875
0 0.35224274406332456 0.38125 0.04133685136323659 0.034375
0 0.26649076517150394 0.1140625 0.02990325417766051 0.028125
0 0.2955145118733509 0.11953125 0.026385224274406333 0.0265625
0 0.4124890061565523 0.13984375 0.0316622691292876 0.0265625
0 0.00967458223394899 0.071875 0.01759014951627089 0.03125
0 0.04353562005277045 0.07421875 0.03781882145998241 0.0296875
0 0.08355321020228672 0.0796875 0.03518029903254178 0.03125
0 0.12357080035180298 0.0875 0.032541776605101144 0.028125
0 0.09102902374670185 0.4203125 0.04133685136323659 0.0375
0 0.9485488126649076 0.70390625 0.02198768689533861 0.0546875
0 0.9010554089709762 0.784375 0.025505716798592787 0.075
0 0.9287598944591029 0.89453125 0.02990325417766051 0.0734375
0 0.9472295514511874 0.98671875 0.024626209322779244 0.0265625