0 0.05013192612137203 0.340625 0.03342128408091469 0.05
0 0.2598944591029024 0.47890625 0.03430079155672823 0.0453125
0 0.32233948988566397 0.5484375 0.03430079155672823 0.046875
0 0.3839050131926121 0.61796875 0.03605980650835532 0.0484375
0 0.28100263852242746 0.20078125 0.023746701846965697 0.0359375
0 0.3034300791556728 0.2234375 0.022867194371152155 0.034375
0 0.39313984168865435 0.31640625 0.028144239226033423 0.0390625
0 0.32058047493403696 0.2921875 0.03781882145998241 0.046875
0 0.18117854001759015 0.0953125 0.026385224274406333 0.0375
0 0.0980650835532102 0.01640625 0.027264731750219876 0.0296875
0 0.12708883025505716 0.03984375 0.029023746701846966 0.0359375
0 0.1547933157431838 0.065625 0.026385224274406333 0.0375