0 0.03781882145998241 0.19140625 0.02990325417766051 0.0359375
0 0.07167985927880387 0.2109375 0.029023746701846966 0.034375
0 0.1917326297273527 0.28125 0.028144239226033423 0.03125
0 0.21855760773966576 0.2984375 0.025505716798592787 0.03125
0 0.32409850483729113 0.35546875 0.030782761653474055 0.0359375
0 0.16094986807387862 0.31015625 0.036939313984168866 0.0421875
0 0.011873350923482849 0.178125 0.02198768689533861 0.03125
0 0.2102022867194371 0.571875 0.036939313984168866 0.04375
0 0.2845206684256817 0.6140625 0.03781882145998241 0.04375
0 0.3562005277044855 0.6578125 0.040457343887423045 0.046875
0 0.9560246262093228 0.5875 0.036939313984168866 0.034375