0 0.013632365875109938 0.1390625 0.025505716798592787 0.028125
0 0.052330694810905895 0.14296875 0.0395778364116095 0.0296875
0 0.09058927000879508 0.1484375 0.03518029903254178 0.028125
0 0.1297273526824978 0.1578125 0.032541776605101144 0.034375
0 0.13412489006156553 0.2390625 0.03781882145998241 0.03125
0 0.2695690413368514 0.18359375 0.029023746701846966 0.0265625
0 0.2990325417766051 0.1890625 0.028144239226033423 0.025
0 0.4133685136323659 0.21171875 0.03342128408091469 0.0296875
0 0.5105540897097626 0.4859375 0.0395778364116095 0.034375
0 0.4727352682497801 0.5375 0.0395778364116095 0.034375
0 0.44239226033421286 0.41953125 0.036939313984168866 0.0359375
0 0.34520668425681617 0.45546875 0.0395778364116095 0.0328125
0 0.42963940193491645 0.46953125 0.03781882145998241 0.0328125
0 0.9520668425681619 0.7921875 0.02198768689533861 0.053125
0 0.9313984168865436 0.978125 0.024626209322779244 0.04375
0 0.9045734388742305 0.87890625 0.029023746701846966 0.0796875
0 0.08883025505716799 0.49140625 0.04397537379067722 0.0359375