0 0.09410729991204923 0.39921875 0.0316622691292876 0.0296875
0 0.12445030782761654 0.3890625 0.032541776605101144 0.034375
0 0.24890061565523308 0.3390625 0.0316622691292876 0.03125
0 0.8210202286719437 0.66328125 0.03430079155672823 0.0671875
0 0.866754617414248 0.746875 0.03430079155672823 0.06875
0 0.911169744942832 0.84453125 0.036939313984168866 0.0734375
0 0.8443271767810027 0.5578125 0.024626209322779244 0.046875
0 0.6671064204045735 0.3359375 0.02198768689533861 0.05625
0 0.7871591908531222 0.03515625 0.024626209322779244 0.0421875
0 0.31046613896218117 0.58203125 0.040457343887423045 0.0359375
0 0.39094107299912056 0.54609375 0.03781882145998241 0.0390625
0 0.0853122251539138 0.73359375 0.047493403693931395 0.0421875
0 0.2264731750219877 0.61953125 0.04133685136323659 0.0390625