0 0.2695690413368514 0.184375 0.027264731750219876 0.028125
0 0.29771328056288476 0.18984375 0.027264731750219876 0.0265625
0 0.415127528583993 0.209375 0.0316622691292876 0.028125
0 0.013192612137203167 0.13984375 0.024626209322779244 0.0296875
0 0.04661389621811785 0.21953125 0.03518029903254178 0.0328125
0 0.051451187335092345 0.14453125 0.03781882145998241 0.0296875
0 0.09146877748460862 0.14921875 0.03518029903254178 0.0328125
0 0.13016710642040458 0.1546875 0.0316622691292876 0.03125
0 0.0901495162708883 0.490625 0.04133685136323659 0.0375
0 0.34564643799472294 0.4515625 0.03869832893579595 0.034375
0 0.45382585751978893 0.4203125 0.03869832893579595 0.034375
0 0.5277044854881267 0.4875 0.036939313984168866 0.034375
0 0.4762532981530343 0.534375 0.0395778364116095 0.034375
0 0.4371152154793316 0.46640625 0.036939313984168866 0.0328125
0 0.951627088830255 0.78671875 0.021108179419525065 0.0515625
0 0.905452946350044 0.87265625 0.029023746701846966 0.0796875
0 0.9335971855760774 0.97578125 0.027264731750219876 0.0484375