0 0.37467018469656993 0.64296875 0.04221635883905013 0.0359375
0 0.29331574318381703 0.67578125 0.04133685136323659 0.0421875
0 0.20976253298153033 0.715625 0.0395778364116095 0.040625
0 0.2357080035180299 0.434375 0.03342128408091469 0.034375
0 0.07827616534740545 0.49296875 0.0316622691292876 0.0359375
0 0.11125769569041337 0.48125 0.030782761653474055 0.034375
0 0.8003518029903254 0.08984375 0.022867194371152155 0.0421875
0 0.669744942832014 0.36171875 0.02198768689533861 0.0578125
0 0.8113456464379947 0.7609375 0.032541776605101144 0.065625
0 0.8328935795954265 0.65859375 0.024626209322779244 0.0453125
0 0.8579595426561126 0.8515625 0.03430079155672823 0.071875
0 0.9032541776605101 0.94921875 0.03869832893579595 0.0734375