0 0.2106420404573439 0.49453125 0.03605980650835532 0.0390625
0 0.0839929639401935 0.565625 0.030782761653474055 0.04375
0 0.0505716798592788 0.584375 0.032541776605101144 0.0375
0 0.1169744942832014 0.771875 0.04573438874230431 0.046875
0 0.19920844327176782 0.78515625 0.04309586631486367 0.0515625
0 0.28408091468777485 0.728125 0.040457343887423045 0.04375
0 0.36323658751099386 0.67734375 0.03869832893579595 0.0484375
0 0.2519788918205805 0.8109375 0.044854881266490766 0.046875
0 0.5985048372911169 0.2328125 0.027264731750219876 0.05
0 0.6411609498680739 0.34296875 0.0158311345646438 0.0484375
0 0.7014072119613016 0.76640625 0.030782761653474055 0.0640625
0 0.7977132805628848 0.71171875 0.03518029903254178 0.0609375
0 0.8478452066842568 0.7890625 0.03518029903254178 0.0625
0 0.8975373790677221 0.8765625 0.03781882145998241 0.06875
0 0.8122251539138081 0.60625 0.025505716798592787 0.04375