0 0.09278803869832894 0.1515625 0.03605980650835532 0.034375
0 0.12752858399296393 0.16015625 0.03342128408091469 0.0328125
0 0.2616534740545295 0.1875 0.03781882145998241 0.034375
0 0.30299032541776605 0.521875 0.04661389621811785 0.040625
0 0.3641160949868074 0.53203125 0.036939313984168866 0.0328125
0 0.8777484608619174 0.2375 0.04397537379067722 0.05
0 0.7937554969217239 0.2375 0.04133685136323659 0.046875
0 0.7985927880386984 0.35390625 0.04221635883905013 0.0546875
0 0.7093227792436235 0.2671875 0.04309586631486367 0.04375
0 0.727792436235708 0.38125 0.032541776605101144 0.05
0 0.7467018469656992 0.4390625 0.03518029903254178 0.0625
0 0.6715039577836411 0.34921875 0.04661389621811785 0.0390625
0 0.5026385224274407 0.30390625 0.04133685136323659 0.0359375
0 0.8131046613896218 0.86875 0.020228671943711522 0.059375