0 0.9296394019349165 0.43359375 0.040457343887423045 0.0515625
0 0.9687774846086191 0.18984375 0.044854881266490766 0.0546875
0 0.7242744063324539 0.3296875 0.0395778364116095 0.053125
0 0.6846965699208444 0.41796875 0.03430079155672823 0.0453125
0 0.6209322779243623 0.41640625 0.03869832893579595 0.0515625
0 0.5976253298153035 0.4859375 0.0395778364116095 0.05
0 0.613896218117854 0.53125 0.04221635883905013 0.05
0 0.5571679859278805 0.4671875 0.03605980650835532 0.053125
0 0.5290237467018469 0.609375 0.03781882145998241 0.053125
0 0.6112576956904133 0.7140625 0.040457343887423045 0.05
0 0.49560246262093227 0.83828125 0.048372911169744945 0.0609375
0 0.06684256816182937 0.77578125 0.04221635883905013 0.0328125