0 0.8443271767810026 0.24140625 0.04221635883905013 0.0515625
0 0.7467018469656992 0.246875 0.04221635883905013 0.05
0 0.6653474054529463 0.259375 0.044854881266490766 0.040625
0 0.7840809146877749 0.35078125 0.04133685136323659 0.0546875
0 0.7379067722075637 0.45078125 0.0316622691292876 0.0671875
0 0.671943711521548 0.45 0.03342128408091469 0.059375
0 0.6152154793315743 0.3390625 0.04309586631486367 0.0375
0 0.432277924362357 0.2765625 0.04133685136323659 0.040625
0 0.370712401055409 0.50546875 0.03781882145998241 0.0359375
0 0.3100263852242744 0.49453125 0.04309586631486367 0.0390625
0 0.26868953386103783 0.1625 0.04133685136323659 0.034375
0 0.09850483729111698 0.12421875 0.03869832893579595 0.0359375
0 0.13280562884784522 0.13515625 0.036939313984168866 0.0359375
0 0.8170624450307826 0.84921875 0.019349164467897976 0.0640625