0 0.27616534740545295 0.3109375 0.012313104661389622 0.046875
0 0.3311345646437995 0.28359375 0.018469656992084433 0.0578125
0 0.31398416886543534 0.54921875 0.03869832893579595 0.0453125
0 0.09498680738786279 0.75234375 0.04397537379067722 0.0515625
0 0.20360598065083554 0.6390625 0.04133685136323659 0.046875
0 0.13984168865435356 0.940625 0.04573438874230431 0.059375
0 0.7154793315743184 0.52265625 0.03605980650835532 0.0328125
0 0.7392260334212841 0.57890625 0.030782761653474055 0.0296875
0 0.575197889182058 0.54921875 0.036939313984168866 0.0296875
0 0.9322779243623571 0.903125 0.03518029903254178 0.034375
0 0.9674582233948988 0.9078125 0.03342128408091469 0.034375