0 0.7985927880386984 0.30703125 0.04221635883905013 0.0484375
0 0.756816182937555 0.41484375 0.04133685136323659 0.0578125
0 0.6842568161829375 0.31015625 0.04397537379067722 0.0453125
0 0.7233948988566403 0.521875 0.030782761653474055 0.065625
0 0.6015831134564644 0.5875 0.0316622691292876 0.05625
0 0.6108179419525066 0.3 0.04309586631486367 0.040625
0 0.3465259454705365 0.30546875 0.040457343887423045 0.0421875
0 0.5461741424802111 0.384375 0.04221635883905013 0.0375
0 0.310905892700088 0.5328125 0.04309586631486367 0.0375
0 0.370712401055409 0.53984375 0.0395778364116095 0.0359375
0 0.0980650835532102 0.1578125 0.03781882145998241 0.03125
0 0.13368513632365875 0.165625 0.03342128408091469 0.034375
0 0.2678100263852243 0.19609375 0.0395778364116095 0.0359375
0 0.8188214599824098 0.87890625 0.01759014951627089 0.0640625