0 0.2233948988566403 0.2734375 0.03869832893579595 0.034375
0 0.052330694810905895 0.234375 0.03605980650835532 0.034375
0 0.0870712401055409 0.24296875 0.036939313984168866 0.0328125
0 0.26649076517150394 0.609375 0.04573438874230431 0.0375
0 0.32717678100263853 0.61875 0.036939313984168866 0.03125
0 0.920844327176781 0.25546875 0.040457343887423045 0.0484375
0 0.8381706244503079 0.26640625 0.040457343887423045 0.0546875
0 0.7581354441512753 0.31640625 0.04221635883905013 0.0453125
0 0.7955145118733509 0.36328125 0.03430079155672823 0.0453125
0 0.7981530343007915 0.41015625 0.04133685136323659 0.0515625
0 0.7295514511873351 0.40078125 0.04133685136323659 0.0515625
0 0.7348284960422163 0.48203125 0.03781882145998241 0.0578125
0 0.6020228671943711 0.38203125 0.0395778364116095 0.0359375
0 0.7774846086191732 0.959375 0.01759014951627089 0.059375