0 0.14951627088830255 0.30703125 0.03869832893579595 0.0359375
0 0.015391380826737027 0.27890625 0.029023746701846966 0.0359375
0 0.19085312225153914 0.64921875 0.04573438874230431 0.0390625
0 0.2532981530343008 0.65859375 0.03869832893579595 0.0328125
0 0.6824978012313104 0.49921875 0.03869832893579595 0.0515625
0 0.7480211081794196 0.43515625 0.04133685136323659 0.0515625
0 0.7928759894459103 0.34296875 0.032541776605101144 0.0453125
0 0.7453825857519789 0.321875 0.04133685136323659 0.046875
0 0.633245382585752 0.396875 0.040457343887423045 0.04375
0 0.716358839050132 0.39921875 0.0395778364116095 0.0484375
0 0.9296394019349165 0.22734375 0.04397537379067722 0.0484375
0 0.8170624450307827 0.2609375 0.04221635883905013 0.053125
0 0.7066842568161831 0.9828125 0.020228671943711522 0.034375