0 0.02110817941952507 0.25859375 0.03518029903254178 0.0359375
0 0.05716798592788039 0.26640625 0.03518029903254178 0.0359375
0 0.23702726473175023 0.63359375 0.04309586631486367 0.0390625
0 0.29771328056288476 0.64296875 0.03781882145998241 0.0296875
0 0.7480211081794196 0.978125 0.016710642040457344 0.04375
0 0.7335092348284961 0.40078125 0.040457343887423045 0.0453125
0 0.6279683377308707 0.3953125 0.040457343887423045 0.034375
0 0.7167985927880387 0.49453125 0.036939313984168866 0.0546875
0 0.781882145998241 0.42578125 0.040457343887423045 0.0515625
0 0.8043095866314863 0.3546875 0.03430079155672823 0.046875
0 0.7612137203166227 0.32109375 0.0395778364116095 0.0453125
0 0.8381706244503079 0.26640625 0.040457343887423045 0.0484375
0 0.9313984168865436 0.24765625 0.040457343887423045 0.0484375
0 0.1943711521547933 0.29453125 0.03869832893579595 0.0328125