0 0.09058927000879508 0.31640625 0.036939313984168866 0.0328125
0 0.12620932277924363 0.65625 0.04661389621811785 0.040625
0 0.1948109058927001 0.66796875 0.0395778364116095 0.0359375
0 0.6306068601583114 0.50390625 0.036939313984168866 0.0484375
0 0.6134564643799473 0.3890625 0.0395778364116095 0.040625
0 0.6750219876868954 0.396875 0.04133685136323659 0.046875
0 0.6952506596306068 0.44296875 0.04133685136323659 0.0484375
0 0.7040457343887423 0.32109375 0.04133685136323659 0.0484375
0 0.7744063324538258 0.26171875 0.04133685136323659 0.0515625
0 0.7603342128408092 0.33125 0.03605980650835532 0.046875
0 0.9155672823218998 0.20703125 0.04221635883905013 0.0515625
0 0.6459982409850483 0.9875 0.014951627088830254 0.025