0 0.9014951627088831 0.25390625 0.04221635883905013 0.0484375
0 0.8210202286719437 0.25703125 0.044854881266490766 0.0515625
0 0.802990325417766 0.390625 0.04397537379067722 0.053125
0 0.7405452946350044 0.29921875 0.04397537379067722 0.0421875
0 0.7691292875989445 0.37265625 0.03430079155672823 0.0453125
0 0.7445030782761654 0.4640625 0.03605980650835532 0.059375
0 0.706684256816183 0.38203125 0.04133685136323659 0.0453125
0 0.28671943711521547 0.57109375 0.04573438874230431 0.0359375
0 0.34872471416007034 0.5796875 0.03781882145998241 0.0375
0 0.5567282321899736 0.35234375 0.040457343887423045 0.0359375
0 0.07387862796833773 0.2 0.03518029903254178 0.0375
0 0.1077396657871592 0.20859375 0.03605980650835532 0.0328125
0 0.24406332453825857 0.23671875 0.03781882145998241 0.0390625
0 0.7981530343007915 0.91796875 0.016710642040457344 0.0609375