0 0.73570800351803 0.35234375 0.030782761653474055 0.0453125
0 0.7792436235708003 0.3 0.026385224274406333 0.04375
0 0.6477572559366754 0.40703125 0.032541776605101144 0.0515625
0 0.6565523306948109 0.446875 0.032541776605101144 0.053125
0 0.6618293755496921 0.50234375 0.03605980650835532 0.0515625
0 0.920844327176781 0.0921875 0.02990325417766051 0.040625
0 0.8768689533861038 0.096875 0.028144239226033423 0.046875
0 0.9503078276165348 0.4203125 0.027264731750219876 0.04375
0 0.9300791556728232 0.44609375 0.025505716798592787 0.0390625
0 0.8456464379947229 0.56171875 0.030782761653474055 0.0453125
0 0.22867194371152155 0.709375 0.028144239226033423 0.04375
0 0.26605101143359716 0.6203125 0.03430079155672823 0.053125