0 0.1693051890941073 0.52890625 0.016710642040457344 0.0484375
0 0.1662269129287599 0.58828125 0.021108179419525065 0.0515625
0 0.2955145118733509 0.08203125 0.008795074758135445 0.0234375
0 0.27352682497801234 0.11796875 0.012313104661389622 0.0234375
0 0.4287598944591029 0.81953125 0.03781882145998241 0.0390625
0 0.42480211081794195 0.73671875 0.024626209322779244 0.0265625
0 0.490325417766051 0.82578125 0.03605980650835532 0.0390625
0 0.40281442392260336 0.86328125 0.03342128408091469 0.0265625
0 0.45954265611257694 0.86875 0.032541776605101144 0.028125
0 0.20668425681618294 0.31875 0.0158311345646438 0.046875
0 0.25769569041336854 0.45390625 0.014072119613016711 0.0453125
0 0.9278803869832893 0.8984375 0.03518029903254178 0.03125