0 0.06244503078276165 0.11953125 0.0158311345646438 0.0515625
0 0.06068601583113457 0.2734375 0.01759014951627089 0.059375
0 0.15875109938434476 0.040625 0.016710642040457344 0.053125
0 0.13720316622691292 0.5171875 0.028144239226033423 0.065625
0 0.34740545294635006 0.45546875 0.026385224274406333 0.0328125
0 0.4155672823218997 0.553125 0.03781882145998241 0.0375
0 0.3817062445030783 0.60390625 0.036939313984168866 0.0296875
0 0.35092348284960423 0.54765625 0.036939313984168866 0.0328125
0 0.32673702726473175 0.59609375 0.03605980650835532 0.0296875
0 0.617854001759015 0.7328125 0.03605980650835532 0.034375
0 0.028583992963940194 0.4765625 0.02198768689533861 0.0625