0 0.9498680738786279 0.82421875 0.03342128408091469 0.0328125
0 0.4758135444151275 0.74375 0.036939313984168866 0.034375
0 0.40941072999120487 0.65390625 0.027264731750219876 0.0265625
0 0.4124890061565523 0.73984375 0.03518029903254178 0.0359375
0 0.4423922603342129 0.78984375 0.03869832893579595 0.0265625
0 0.3865435356200528 0.7828125 0.032541776605101144 0.034375
0 0.1455584872471416 0.42734375 0.018469656992084433 0.0515625
0 0.14467897977132807 0.49765625 0.016710642040457344 0.0546875
0 0.23834652594547054 0.43671875 0.0158311345646438 0.0515625
0 0.18249780123131046 0.203125 0.014951627088830254 0.04375
0 0.2497801231310466 0.06171875 0.014072119613016711 0.0328125
0 0.27660510114335973 0.0171875 0.014951627088830254 0.03125
0 0.027704485488126648 0.93046875 0.030782761653474055 0.0578125