0 0.7383465259454707 0.90390625 0.03605980650835532 0.0265625
0 0.37159190853122254 0.61484375 0.029023746701846966 0.0296875
0 0.3742304309586632 0.70625 0.03605980650835532 0.03125
0 0.4397537379067722 0.71171875 0.040457343887423045 0.0390625
0 0.34872471416007034 0.75390625 0.03430079155672823 0.0296875
0 0.40281442392260336 0.75546875 0.036939313984168866 0.0296875
0 0.18337730870712401 0.5703125 0.020228671943711522 0.06875
0 0.23482849604221637 0.05703125 0.014072119613016711 0.0390625
0 0.19964819700967457 0.14296875 0.019349164467897976 0.0390625
0 0.13676341248900617 0.08984375 0.018469656992084433 0.0515625
0 0.09938434476693052 0.3328125 0.019349164467897976 0.053125
0 0.09498680738786279 0.4453125 0.01759014951627089 0.053125
0 0.04133685136323659 0.71796875 0.024626209322779244 0.0578125