0 0.23306948109058928 0.378125 0.036939313984168866 0.040625
0 0.43579595426561124 0.178125 0.03781882145998241 0.04375
0 0.36367634124890064 0.215625 0.032541776605101144 0.0375
0 0.287598944591029 0.25 0.04221635883905013 0.04375
0 0.22955145118733508 0.2765625 0.040457343887423045 0.04375
0 0.1503957783641161 0.321875 0.04221635883905013 0.0375
0 0.03781882145998241 0.38046875 0.03869832893579595 0.0453125
0 0.9511873350923483 0.6484375 0.018469656992084433 0.075
0 0.9762532981530343 0.64375 0.019349164467897976 0.075
0 0.8768689533861038 0.3375 0.024626209322779244 0.06875
0 0.9274406332453826 0.61875 0.023746701846965697 0.08125