0 0.9006156552330695 0.8375 0.03342128408091469 0.025
0 0.4450307827616535 0.7640625 0.0316622691292876 0.03125
0 0.4397537379067722 0.6890625 0.021108179419525065 0.025
0 0.41952506596306066 0.80703125 0.0316622691292876 0.0265625
0 0.47229551451187335 0.8125 0.03342128408091469 0.028125
0 0.503957783641161 0.77265625 0.03342128408091469 0.0359375
0 0.22383465259454705 0.29140625 0.014951627088830254 0.0390625
0 0.2783641160949868 0.34921875 0.013192612137203167 0.0390625
0 0.1868953386103782 0.490625 0.014951627088830254 0.046875
0 0.18777484608619174 0.54609375 0.014951627088830254 0.0453125
0 0.2862796833773087 0.0375 0.011433597185576077 0.025
0 0.30826737027264733 0.01640625 0.009674582233948988 0.0203125