0 0.10290237467018469 0.58203125 0.04397537379067722 0.0453125
0 0.31046613896218117 0.25390625 0.0316622691292876 0.0390625
0 0.3403693931398417 0.26796875 0.02990325417766051 0.0390625
0 0.46701846965699206 0.32421875 0.03869832893579595 0.0421875
0 0.029023746701846966 0.13515625 0.03518029903254178 0.0359375
0 0.0743183817062445 0.1484375 0.04133685136323659 0.0375
0 0.11653474054529464 0.16484375 0.0395778364116095 0.0453125
0 0.158311345646438 0.18203125 0.03342128408091469 0.0421875
0 0.4586631486367634 0.63671875 0.0395778364116095 0.0390625
0 0.5461741424802111 0.62265625 0.04397537379067722 0.0453125
0 0.5826737027264732 0.69453125 0.04309586631486367 0.0421875
0 0.484608619173263 0.6984375 0.03518029903254178 0.0375
0 0.911169744942832 0.6546875 0.03869832893579595 0.046875