0 0.8918205804749341 0.39453125 0.026385224274406333 0.0359375
0 0.8188214599824098 0.4421875 0.028144239226033423 0.046875
0 0.8557607739665787 0.45390625 0.028144239226033423 0.0453125
0 0.8223394898856641 0.49453125 0.026385224274406333 0.0484375
0 0.7779243623570801 0.5671875 0.030782761653474055 0.05625
0 0.7339489885664028 0.58359375 0.030782761653474055 0.0609375
0 0.7247141600703606 0.6671875 0.026385224274406333 0.053125
0 0.6600703605980651 0.640625 0.03781882145998241 0.0375
0 0.6917326297273527 0.525 0.023746701846965697 0.0375
0 0.41116974494283204 0.78203125 0.03430079155672823 0.0515625
0 0.0426561125769569 0.3046875 0.029023746701846966 0.04375