0 0.7242744063324539 0.81484375 0.04309586631486367 0.0453125
0 0.731750219876869 0.70859375 0.0316622691292876 0.0328125
0 0.7269129287598944 0.87109375 0.04133685136323659 0.0390625
0 0.5043975373790677 0.90390625 0.02198768689533861 0.0796875
0 0.39006156552330695 0.25546875 0.018469656992084433 0.0703125
0 0.5237467018469657 0.1671875 0.020228671943711522 0.06875
0 0.5338610378188214 0.3828125 0.01759014951627089 0.059375
0 0.5272647317502199 0.5984375 0.020228671943711522 0.071875
0 0.7999120492524187 0.84453125 0.044854881266490766 0.0453125
0 0.802990325417766 0.8953125 0.047493403693931395 0.04375
0 0.87467018469657 0.91875 0.04133685136323659 0.046875