0 0.01978891820580475 0.303125 0.030782761653474055 0.028125
0 0.018909410729991204 0.26640625 0.030782761653474055 0.0296875
0 0.018469656992084436 0.1921875 0.03518029903254178 0.034375
0 0.2717678100263852 0.13203125 0.04221635883905013 0.0328125
0 0.006596306068601583 0.69453125 0.011433597185576077 0.0328125
0 0.04529463500439754 0.69296875 0.04133685136323659 0.0328125
0 0.1284080914687775 0.6640625 0.04221635883905013 0.03125
0 0.48504837291116976 0.6984375 0.04133685136323659 0.034375
0 0.8073878627968337 0.95 0.03518029903254178 0.0375
0 0.890061565523307 0.81328125 0.04221635883905013 0.0359375
0 0.8817062445030783 0.85390625 0.04309586631486367 0.0328125
0 0.8839050131926122 0.89140625 0.040457343887423045 0.0328125
0 0.8852242744063324 0.9296875 0.03781882145998241 0.03125
0 0.8839050131926122 0.965625 0.040457343887423045 0.028125
0 0.9890061565523307 0.88203125 0.02198768689533861 0.0359375
0 0.990325417766051 0.92578125 0.019349164467897976 0.0328125
0 0.9907651715039578 0.9625 0.018469656992084433 0.03125
0 0.9907651715039578 0.99140625 0.018469656992084433 0.0171875