0 0.021547933157431837 0.29765625 0.03605980650835532 0.0640625
0 0.7854001759014951 0.55546875 0.040457343887423045 0.0546875
0 0.7102022867194371 0.72109375 0.03781882145998241 0.0578125
0 0.44547053649956025 0.97421875 0.04309586631486367 0.0515625
0 0.5448548812664907 0.5734375 0.0395778364116095 0.059375
0 0.6200527704485488 0.8078125 0.03869832893579595 0.053125
0 0.613896218117854 0.875 0.03518029903254178 0.05
0 0.4261213720316623 0.61953125 0.0395778364116095 0.0484375
0 0.06948109058927 0.95390625 0.04221635883905013 0.0578125
0 0.11433597185576078 0.9109375 0.036939313984168866 0.053125
0 0.30299032541776605 0.73671875 0.032541776605101144 0.0484375
0 0.2691292875989446 0.76328125 0.0316622691292876 0.0546875
0 0.023306948109058926 0.9828125 0.04309586631486367 0.034375