0 0.2867194371152155 0.7375 0.04221635883905013 0.03125
0 0.3649956024626209 0.59921875 0.04397537379067722 0.0296875
0 0.35664028144239224 0.640625 0.04133685136323659 0.034375
0 0.35883905013192613 0.715625 0.03869832893579595 0.034375
0 0.3575197889182058 0.6765625 0.04133685136323659 0.03125
0 0.3579595426561126 0.7515625 0.040457343887423045 0.034375
0 0.36323658751099386 0.79296875 0.04221635883905013 0.0359375
0 0.36323658751099386 0.8328125 0.040457343887423045 0.03125
0 0.3759894459102902 0.87109375 0.025505716798592787 0.0328125
0 0.3685136323658751 0.9109375 0.028144239226033423 0.03125
0 0.3575197889182058 0.95390625 0.032541776605101144 0.0328125
0 0.36631486367634125 0.9859375 0.03781882145998241 0.028125
0 0.47229551451187335 0.6671875 0.036939313984168866 0.034375
0 0.521108179419525 0.665625 0.04133685136323659 0.03125
0 0.5202286719437115 0.70546875 0.04133685136323659 0.0328125
0 0.5237467018469657 0.74375 0.044854881266490766 0.025
0 0.5272647317502199 0.7828125 0.0395778364116095 0.03125
0 0.6094986807387863 0.7921875 0.021108179419525065 0.078125
0 0.6354441512752858 0.7859375 0.018469656992084433 0.071875
0 0.5299032541776605 0.8625 0.04309586631486367 0.028125
0 0.5272647317502199 0.82109375 0.0395778364116095 0.0359375
0 0.4727352682497801 0.709375 0.03781882145998241 0.034375
0 0.4731750219876869 0.75 0.04397537379067722 0.03125
0 0.4762532981530343 0.82265625 0.04133685136323659 0.0296875
0 0.4810905892700088 0.8640625 0.04221635883905013 0.034375
0 0.4793315743183817 0.90546875 0.03869832893579595 0.0328125
0 0.5343007915567283 0.90234375 0.0395778364116095 0.0359375
0 0.5316622691292876 0.94609375 0.0395778364116095 0.0359375
0 0.5290237467018469 0.98125 0.044854881266490766 0.028125
0 0.4793315743183817 0.94140625 0.040457343887423045 0.0390625
0 0.4788918205804749 0.984375 0.04133685136323659 0.03125