0 0.12445030782761654 0.32265625 0.032541776605101144 0.0328125
0 0.1644678979771328 0.35078125 0.03342128408091469 0.0359375
0 0.20976253298153033 0.3625 0.0395778364116095 0.0375
0 0.2537379067722076 0.375 0.03781882145998241 0.034375
0 0.29507475813544415 0.3921875 0.03605980650835532 0.040625
0 0.6116974494283202 0.5171875 0.0395778364116095 0.034375
0 0.449868073878628 0.4546875 0.029023746701846966 0.034375
0 0.4824098504837291 0.46640625 0.030782761653474055 0.0359375
0 0.3689533861037819 0.7515625 0.04133685136323659 0.046875
0 0.2541776605101143 0.81875 0.04397537379067722 0.053125
0 0.7893579595426561 0.85625 0.04661389621811785 0.046875
0 0.7515391380826737 0.90703125 0.04309586631486367 0.0421875
0 0.6671064204045735 0.871875 0.04133685136323659 0.04375
0 0.6464379947229552 0.91640625 0.036939313984168866 0.0390625