0 0.23966578715919085 0.40234375 0.03781882145998241 0.0421875
0 0.34212840809146877 0.33125 0.04397537379067722 0.053125
0 0.32629727352682497 0.36171875 0.036939313984168866 0.0453125
0 0.31882145998240985 0.3953125 0.03781882145998241 0.05
0 0.31046613896218117 0.43125 0.03869832893579595 0.046875
0 0.3016710642040457 0.46171875 0.03869832893579595 0.0484375
0 0.2959542656112577 0.5015625 0.0395778364116095 0.05
0 0.2884784520668426 0.5375 0.03518029903254178 0.046875
0 0.29023746701846964 0.584375 0.026385224274406333 0.0375
0 0.27088830255057167 0.61328125 0.036939313984168866 0.0484375
0 0.25725593667546176 0.64453125 0.029023746701846966 0.0359375
0 0.25857519788918204 0.690625 0.02990325417766051 0.0375
0 0.25021987686895336 0.72734375 0.027264731750219876 0.0421875
0 0.24450307827616535 0.7640625 0.02990325417766051 0.040625
0 0.2247141600703606 0.83203125 0.044854881266490766 0.0515625
0 0.22075637642919965 0.88125 0.028144239226033423 0.0375
0 0.1917326297273527 0.93828125 0.04397537379067722 0.0515625
0 0.4234828496042216 0.4703125 0.03605980650835532 0.046875
0 0.4714160070360598 0.50234375 0.04221635883905013 0.0515625
0 0.4604221635883905 0.5375 0.04133685136323659 0.046875
0 0.40853122251539137 0.5421875 0.0395778364116095 0.05
0 0.4160070360598065 0.50703125 0.036939313984168866 0.0453125
0 0.455584872471416 0.575 0.04221635883905013 0.05
0 0.44854881266490765 0.61015625 0.04221635883905013 0.0484375
0 0.44063324538258575 0.64921875 0.03869832893579595 0.0515625
0 0.4331574318381706 0.68984375 0.0395778364116095 0.0546875
0 0.42744063324538256 0.725 0.036939313984168866 0.05
0 0.4160070360598065 0.76328125 0.03869832893579595 0.0484375
0 0.40413368513632364 0.79609375 0.04133685136323659 0.0484375
0 0.34124890061565516 0.834375 0.040457343887423045 0.05625
0 0.34740545294635006 0.796875 0.03869832893579595 0.046875
0 0.3575197889182058 0.7609375 0.03781882145998241 0.05
0 0.3671943711521548 0.72578125 0.0395778364116095 0.0578125
0 0.37730870712401055 0.68984375 0.03869832893579595 0.0484375
0 0.38698328935795956 0.653125 0.03869832893579595 0.046875
0 0.39577836411609496 0.6171875 0.040457343887423045 0.046875
0 0.4006156552330694 0.575 0.04133685136323659 0.05
0 0.3966578715919085 0.83359375 0.040457343887423045 0.0546875
0 0.38698328935795956 0.86875 0.040457343887423045 0.046875
0 0.37994722955145116 0.90390625 0.036939313984168866 0.0484375
0 0.370712401055409 0.9421875 0.03781882145998241 0.053125
0 0.322339489885664 0.90546875 0.04309586631486367 0.0546875
0 0.33289357959542654 0.87109375 0.0395778364116095 0.0515625
0 0.3131046613896218 0.9453125 0.03869832893579595 0.053125
0 0.3597185576077397 0.975 0.04221635883905013 0.05
0 0.5215479331574319 0.6828125 0.026385224274406333 0.078125
0 0.5457343887423043 0.69453125 0.023746701846965697 0.0671875
0 0.3021108179419525 0.97734375 0.0395778364116095 0.0453125