0 0.13852242744063326 0.2828125 0.032541776605101144 0.028125
0 0.1785400175901495 0.3109375 0.03518029903254178 0.034375
0 0.22427440633245382 0.321875 0.04221635883905013 0.040625
0 0.2678100263852243 0.33984375 0.03605980650835532 0.0421875
0 0.30914687774846084 0.3578125 0.03605980650835532 0.0375
0 0.4630606860158311 0.42421875 0.032541776605101144 0.0390625
0 0.49560246262093227 0.4359375 0.030782761653474055 0.04375
0 0.32497801231310464 0.69375 0.04661389621811785 0.040625
0 0.7638522427440633 0.8234375 0.04661389621811785 0.040625
0 0.7559366754617414 0.8828125 0.04309586631486367 0.040625
0 0.6710642040457344 0.84453125 0.04397537379067722 0.0484375
0 0.6539138082673702 0.88671875 0.04133685136323659 0.0421875
0 0.6222515391380826 0.49140625 0.03781882145998241 0.0390625
0 0.2642919964819701 0.77265625 0.04309586631486367 0.0421875