0 0.022867194371152155 0.46015625 0.04397537379067722 0.0453125
0 0.04661389621811785 0.153125 0.03518029903254178 0.034375
0 0.0870712401055409 0.18046875 0.03518029903254178 0.0359375
0 0.13236587510993844 0.19453125 0.04309586631486367 0.0421875
0 0.17458223394898856 0.2125 0.03781882145998241 0.040625
0 0.2167985927880387 0.22890625 0.03605980650835532 0.0390625
0 0.3676341248900616 0.29921875 0.0316622691292876 0.0390625
0 0.3992963940193492 0.315625 0.0316622691292876 0.034375
0 0.5268249780123131 0.3703125 0.03518029903254178 0.040625
0 0.1662269129287599 0.63359375 0.04397537379067722 0.0421875
0 0.5422163588390502 0.696875 0.04309586631486367 0.04375
0 0.6130167106420404 0.6765625 0.04221635883905013 0.04375
0 0.6481970096745823 0.75 0.040457343887423045 0.040625
0 0.5492524186455586 0.7515625 0.03605980650835532 0.040625
0 0.909410729991205 0.778125 0.03869832893579595 0.053125