0 0.01978891820580475 0.21328125 0.029023746701846966 0.0390625
0 0.391820580474934 0.7078125 0.03430079155672823 0.046875
0 0.6613896218117854 0.58828125 0.03518029903254178 0.0390625
0 0.7137203166226913 0.59765625 0.029023746701846966 0.0515625
0 0.6723834652594547 0.4828125 0.023746701846965697 0.0375
0 0.7264731750219877 0.51796875 0.03342128408091469 0.0546875
0 0.7673702726473174 0.5125 0.030782761653474055 0.05
0 0.8082673702726473 0.45546875 0.022867194371152155 0.0359375
0 0.8408091468777484 0.4125 0.026385224274406333 0.040625
0 0.8768689533861038 0.359375 0.024626209322779244 0.040625
0 0.8034300791556728 0.403125 0.027264731750219876 0.04375