0 0.2858399296394019 0.32890625 0.019349164467897976 0.0765625
0 0.18909410729991205 0.34453125 0.01759014951627089 0.0703125
0 0.04353562005277045 0.33828125 0.016710642040457344 0.0671875
0 0.017150395778364115 0.5546875 0.032541776605101144 0.0375
0 0.00967458223394899 0.5125 0.01759014951627089 0.03125
0 0.07651715039577836 0.80078125 0.021108179419525065 0.0453125
0 0.31926121372031663 0.77890625 0.019349164467897976 0.0546875
0 0.3627968337730871 0.7765625 0.016710642040457344 0.05
0 0.38214599824098505 0.7765625 0.014951627088830254 0.05625
0 0.4859278803869833 0.06796875 0.016710642040457344 0.0765625
0 0.5158311345646438 0.29609375 0.018469656992084433 0.0734375
0 0.5848724714160071 0.56640625 0.01759014951627089 0.0765625
0 0.6029023746701847 0.71953125 0.018469656992084433 0.0703125
0 0.6051011433597184 0.81953125 0.021108179419525065 0.0734375
0 0.4173262972735268 0.9703125 0.016710642040457344 0.059375
0 0.6064204045734388 0.978125 0.018469656992084433 0.04375
0 0.9050131926121372 0.75859375 0.022867194371152155 0.0734375
0 0.8122251539138082 0.8 0.016710642040457344 0.03125
0 0.8315743183817061 0.8 0.016710642040457344 0.025
0 0.7950747581354441 0.80546875 0.0158311345646438 0.0328125
0 0.8315743183817063 0.29453125 0.020228671943711522 0.0390625
0 0.8051890941072999 0.28359375 0.016710642040457344 0.0453125