0 0.31266490765171506 0.45703125 0.020228671943711522 0.0765625
0 0.3390501319261214 0.459375 0.018469656992084433 0.08125
0 0.3830255057167986 0.46328125 0.018469656992084433 0.0765625
0 0.42788038698328934 0.46953125 0.020228671943711522 0.0796875
0 0.449868073878628 0.47734375 0.016710642040457344 0.0734375
0 0.4859278803869833 0.5578125 0.0395778364116095 0.0375
0 0.6437994722955145 0.46328125 0.04397537379067722 0.0328125
0 0.21679859278803867 0.190625 0.02198768689533861 0.04375
0 0.2532981530343008 0.9296875 0.022867194371152155 0.084375
0 0.14028144239226034 0.92265625 0.025505716798592787 0.0859375
0 0.16974494283201408 0.9296875 0.024626209322779244 0.090625
0 0.19656992084432717 0.92734375 0.018469656992084433 0.0828125
0 0.7269129287598944 0.8171875 0.0395778364116095 0.034375
0 0.7845206684256816 0.8203125 0.03869832893579595 0.034375
0 0.6266490765171504 0.81484375 0.0395778364116095 0.0328125
0 0.8737906772207564 0.79453125 0.04309586631486367 0.0390625