0 0.030343007915567283 0.8015625 0.04309586631486367 0.04375
0 0.08927000879507475 0.77578125 0.0395778364116095 0.0515625
0 0.1868953386103782 0.73125 0.04133685136323659 0.046875
0 0.113896218117854 0.9578125 0.03781882145998241 0.046875
0 0.5382585751978892 0.9265625 0.024626209322779244 0.08125
0 0.5131926121372031 0.93984375 0.023746701846965697 0.0765625
0 0.3579595426561126 0.9125 0.03869832893579595 0.040625
0 0.47229551451187335 0.9546875 0.024626209322779244 0.071875
0 0.42744063324538256 0.96640625 0.021108179419525065 0.0671875
0 0.4023746701846966 0.96875 0.02198768689533861 0.0625
0 0.2757255936675462 0.25625 0.023746701846965697 0.084375
0 0.3245382585751979 0.23046875 0.024626209322779244 0.0734375
0 0.3003518029903255 0.24296875 0.02198768689533861 0.0796875
0 0.310905892700088 0.3953125 0.04309586631486367 0.046875
0 0.5237467018469657 0.45390625 0.025505716798592787 0.0765625
0 0.5760773966578716 0.4359375 0.022867194371152155 0.071875
0 0.627528583992964 0.41171875 0.025505716798592787 0.0828125
0 0.6007036059806509 0.421875 0.022867194371152155 0.084375
0 0.673702726473175 0.30234375 0.04397537379067722 0.0453125