0 0.21987686895338607 0.2890625 0.04397537379067722 0.034375
0 0.3843447669305189 0.025 0.03869832893579595 0.034375
0 0.37906772207563766 0.096875 0.040457343887423045 0.0375
0 0.3817062445030783 0.14140625 0.04221635883905013 0.0296875
0 0.6266490765171504 0.2546875 0.04309586631486367 0.0375
0 0.6209322779243623 0.346875 0.03869832893579595 0.034375
0 0.6200527704485488 0.39453125 0.04573438874230431 0.0359375
0 0.6174142480211082 0.43671875 0.04397537379067722 0.0359375
0 0.7198768689533861 0.4828125 0.04133685136323659 0.034375
0 0.6609498680738787 0.55234375 0.018469656992084433 0.0734375
0 0.826297273526825 0.66484375 0.020228671943711522 0.0734375
0 0.8496042216358839 0.6671875 0.01759014951627089 0.06875
0 0.8715919085312225 0.6734375 0.0158311345646438 0.075
0 0.890061565523307 0.67734375 0.01759014951627089 0.0609375
0 0.9129287598944591 0.68046875 0.019349164467897976 0.0703125
0 0.9353562005277045 0.68125 0.016710642040457344 0.071875
0 0.9560246262093228 0.6890625 0.01759014951627089 0.075
0 0.9775725593667546 0.68515625 0.018469656992084433 0.0671875
0 0.9938434476693052 0.6875 0.012313104661389622 0.071875
0 0.47493403693931396 0.809375 0.019349164467897976 0.06875