0 0.7405452946350044 0.15234375 0.019349164467897976 0.0796875
0 0.8201407211961301 0.121875 0.04309586631486367 0.0375
0 0.8223394898856641 0.16796875 0.04397537379067722 0.0359375
0 0.8245382585751979 0.21015625 0.04309586631486367 0.0328125
0 0.7357080035180299 0.63828125 0.023746701846965697 0.0765625
0 0.7150395778364116 0.7890625 0.019349164467897976 0.08125
0 0.6613896218117854 0.5 0.04397537379067722 0.034375
0 0.662269129287599 0.59609375 0.04397537379067722 0.0359375
0 0.6635883905013192 0.68671875 0.044854881266490766 0.0328125
0 0.6649076517150396 0.63984375 0.047493403693931395 0.0328125
0 0.45954265611257694 0.13046875 0.016710642040457344 0.0703125
0 0.4155672823218997 0.19296875 0.03781882145998241 0.0328125
0 0.41204925241864554 0.234375 0.04309586631486367 0.0375
0 0.41204925241864554 0.31171875 0.03781882145998241 0.0359375
0 0.2695690413368514 0.59921875 0.027264731750219876 0.0390625
0 0.415127528583993 0.42734375 0.04397537379067722 0.0359375
0 0.41204925241864554 0.3828125 0.04133685136323659 0.03125
0 0.8830255057167986 0.88359375 0.019349164467897976 0.0734375
0 0.9050131926121372 0.88203125 0.019349164467897976 0.0671875
0 0.9287598944591029 0.8875 0.019349164467897976 0.071875
0 0.9481090589270009 0.88671875 0.01759014951627089 0.0609375
0 0.9696569920844327 0.88515625 0.020228671943711522 0.0703125
0 0.9912049252418645 0.88203125 0.01759014951627089 0.0703125