0 0.9270008795074758 0.8390625 0.021108179419525065 0.071875
0 0.9450307827616534 0.8203125 0.025505716798592787 0.075
0 0.969217238346526 0.81484375 0.028144239226033423 0.0703125
0 0.9885664028144239 0.79296875 0.022867194371152155 0.0734375
0 0.45382585751978893 0.79453125 0.0316622691292876 0.0390625
0 0.05408970976253298 0.60703125 0.04133685136323659 0.0515625
0 0.013192612137203167 0.4796875 0.024626209322779244 0.078125
0 0.030782761653474055 0.4609375 0.0316622691292876 0.08125
0 0.054969217238346524 0.440625 0.03605980650835532 0.075
0 0.4085312225153913 0.41484375 0.04133685136323659 0.0453125
0 0.3702726473175022 0.5390625 0.02990325417766051 0.08125
0 0.3438874230430959 0.55546875 0.0316622691292876 0.0828125
0 0.26824978012313105 0.609375 0.0316622691292876 0.078125
0 0.31882145998240985 0.57578125 0.023746701846965697 0.0734375
0 0.3781882145998241 0.02421875 0.040457343887423045 0.0453125
0 0.3865435356200528 0.06171875 0.03605980650835532 0.0515625
0 0.3940193491644679 0.0953125 0.040457343887423045 0.05