0 0.045734388742304316 0.07734375 0.021108179419525065 0.0734375
0 0.06420404573438875 0.08359375 0.01759014951627089 0.0703125
0 0.08619173262972735 0.08203125 0.01759014951627089 0.0703125
0 0.10861917326297274 0.06953125 0.016710642040457344 0.0578125
0 0.12928759894459102 0.075 0.019349164467897976 0.065625
0 0.15435356200527706 0.0640625 0.023746701846965697 0.065625
0 0.20668425681618294 0.17265625 0.022867194371152155 0.0296875
0 0.19525065963060687 0.31796875 0.036939313984168866 0.0359375
0 0.7088830255057168 0.16328125 0.03869832893579595 0.0359375
0 0.010114335971855761 0.69921875 0.018469656992084433 0.0703125
0 0.07387862796833773 0.6953125 0.019349164467897976 0.078125
0 0.09850483729111698 0.6984375 0.019349164467897976 0.08125
0 0.12137203166226913 0.69921875 0.01759014951627089 0.0703125
0 0.1437994722955145 0.70234375 0.018469656992084433 0.0734375
0 0.1662269129287599 0.7 0.021108179419525065 0.075
0 0.18909410729991205 0.70078125 0.019349164467897976 0.0734375
0 0.2106420404573439 0.70703125 0.020228671943711522 0.0765625
0 0.23350923482849603 0.7078125 0.020228671943711522 0.0625
0 0.256816182937555 0.703125 0.019349164467897976 0.071875
0 0.27924362357080035 0.7109375 0.016710642040457344 0.06875
0 0.30914687774846084 0.7078125 0.02198768689533861 0.078125
0 0.40633245382585753 0.73125 0.04397537379067722 0.034375
0 0.4467897977132806 0.71796875 0.019349164467897976 0.0796875
0 0.47185576077396657 0.715625 0.016710642040457344 0.075
0 0.49340369393139843 0.71328125 0.0158311345646438 0.0796875
0 0.5167106420404574 0.71640625 0.016710642040457344 0.0828125
0 0.538698328935796 0.71953125 0.018469656992084433 0.0734375
0 0.6257695690413368 0.72109375 0.018469656992084433 0.0671875
0 0.671943711521548 0.72578125 0.0158311345646438 0.0671875
0 0.6921723834652594 0.72578125 0.014072119613016711 0.0734375
0 0.7119613016710642 0.7234375 0.016710642040457344 0.065625
0 0.7352682497801232 0.725 0.019349164467897976 0.065625
0 0.7554969217238346 0.73125 0.01759014951627089 0.071875
0 0.7766051011433596 0.728125 0.01759014951627089 0.06875
0 0.8007915567282321 0.72890625 0.018469656992084433 0.0609375
0 0.8218997361477572 0.734375 0.020228671943711522 0.075
0 0.8430079155672823 0.7375 0.016710642040457344 0.06875
0 0.863236587510994 0.7390625 0.018469656992084433 0.065625