0 0.009234828496042216 0.34140625 0.016710642040457344 0.0765625
0 0.10554089709762533 0.42421875 0.04397537379067722 0.0421875
0 0.10246262093227793 0.3796875 0.04309586631486367 0.040625
0 0.09454705364995603 0.3484375 0.04309586631486367 0.04375
0 0.0870712401055409 0.31015625 0.04397537379067722 0.0453125
0 0.07299912049252419 0.234375 0.040457343887423045 0.040625
0 0.06464379947229551 0.196875 0.04133685136323659 0.040625
0 0.06156552330694811 0.15859375 0.04221635883905013 0.0421875
0 0.05980650835532102 0.1203125 0.04397537379067722 0.04375
0 0.0426561125769569 0.01640625 0.04133685136323659 0.0296875
0 0.048812664907651716 0.04375 0.04133685136323659 0.04375
0 0.05496921723834653 0.0796875 0.0395778364116095 0.04375
0 0.09762532981530343 0.02265625 0.04221635883905013 0.0359375
0 0.10378188214599825 0.0578125 0.03869832893579595 0.0375
0 0.11169744942832015 0.096875 0.03869832893579595 0.04375
0 0.11477572559366754 0.13828125 0.04133685136323659 0.0390625
0 0.12005277044854881 0.175 0.0395778364116095 0.0375
0 0.12313104661389622 0.215625 0.040457343887423045 0.046875
0 0.1284080914687775 0.24765625 0.04221635883905013 0.0453125
0 0.2620932277924362 0.3046875 0.04221635883905013 0.040625
0 0.14072119613016712 0.28671875 0.04221635883905013 0.0453125
0 0.1442392260334213 0.3234375 0.04221635883905013 0.04375
0 0.14951627088830255 0.3609375 0.03869832893579595 0.04375
0 0.15611257695690414 0.39609375 0.0395778364116095 0.0421875
0 0.2678100263852243 0.3421875 0.04133685136323659 0.04375
0 0.27440633245382584 0.3765625 0.04397537379067722 0.04375
0 0.26868953386103783 0.41640625 0.04309586631486367 0.0453125
0 0.25857519788918204 0.27265625 0.040457343887423045 0.0421875
0 0.2484608619173263 0.2328125 0.044854881266490766 0.040625
0 0.23834652594547054 0.1984375 0.02990325417766051 0.028125
0 0.33992963940193494 0.2484375 0.025505716798592787 0.0375
0 0.6811785400175902 0.359375 0.04309586631486367 0.040625
0 0.32937554969217236 0.1375 0.025505716798592787 0.0375