0 0.01759014951627089 0.30234375 0.022867194371152155 0.0578125
0 0.05760773966578716 0.3265625 0.023746701846965697 0.0625
0 0.07783641160949868 0.3390625 0.025505716798592787 0.065625
0 0.09806508355321021 0.3453125 0.02198768689533861 0.065625
0 0.11873350923482849 0.35703125 0.026385224274406333 0.0671875
0 0.13808267370272648 0.37265625 0.024626209322779244 0.0703125
0 0.16007036059806506 0.38046875 0.022867194371152155 0.0734375
0 0.18073878627968337 0.39375 0.020228671943711522 0.0625
0 0.19920844327176782 0.40546875 0.023746701846965697 0.0734375
0 0.22031662269129287 0.42109375 0.02198768689533861 0.0703125
0 0.23878627968337732 0.43203125 0.023746701846965697 0.0703125
0 0.38434476693051894 0.62421875 0.024626209322779244 0.0734375
0 0.37467018469656993 0.93359375 0.04573438874230431 0.0484375
0 0.3935795954265611 0.8421875 0.04133685136323659 0.04375
0 0.4001759014951627 0.8 0.04221635883905013 0.05
0 0.40985048372911165 0.75625 0.04397537379067722 0.046875
0 0.9212840809146877 0.09765625 0.03605980650835532 0.0390625
0 0.9190853122251539 0.13828125 0.03869832893579595 0.0421875
0 0.9050131926121372 0.17421875 0.04221635883905013 0.0453125
0 0.8988566402814424 0.2125 0.03869832893579595 0.04375