0 0.9287598944591029 0.0359375 0.040457343887423045 0.0375
0 0.9186455584872472 0.06875 0.0395778364116095 0.0375
0 0.6613896218117854 0.034375 0.01759014951627089 0.065625
0 0.6763412489006156 0.6828125 0.019349164467897976 0.059375
0 0.05672823218997362 0.46796875 0.020228671943711522 0.0671875
0 0.10070360598065084 0.48359375 0.023746701846965697 0.0703125
0 0.12313104661389622 0.48515625 0.022867194371152155 0.0765625
0 0.14335971855760773 0.48515625 0.019349164467897976 0.0703125
0 0.16754617414248021 0.4953125 0.023746701846965697 0.075
0 0.1882145998240985 0.50390625 0.021108179419525065 0.0734375
0 0.2119613016710642 0.50234375 0.019349164467897976 0.0703125
0 0.23350923482849603 0.51015625 0.018469656992084433 0.0640625
0 0.2537379067722076 0.51484375 0.020228671943711522 0.0703125
0 0.27792436235708 0.52734375 0.019349164467897976 0.0828125
0 0.2990325417766051 0.53203125 0.021108179419525065 0.0703125
0 0.46262093227792433 0.66875 0.022867194371152155 0.071875
0 0.4890061565523307 0.98046875 0.04573438874230431 0.0390625
0 0.49604221635883905 0.8859375 0.04397537379067722 0.040625
0 0.49780123131046616 0.8390625 0.04573438874230431 0.040625
0 0.5017590149516271 0.79140625 0.04661389621811785 0.0421875