0 0.11653474054529464 0.44375 0.020228671943711522 0.075
0 0.1437994722955145 0.44296875 0.018469656992084433 0.0734375
0 0.18601583113456466 0.45 0.020228671943711522 0.071875
0 0.23350923482849603 0.453125 0.020228671943711522 0.078125
0 0.2563764291996482 0.4640625 0.020228671943711522 0.071875
0 0.2928759894459103 0.54453125 0.040457343887423045 0.0296875
0 0.4547053649956025 0.44921875 0.04573438874230431 0.0359375
0 0.8359718557607739 0.24453125 0.04309586631486367 0.0359375
0 0.5804749340369394 0.28359375 0.019349164467897976 0.0328125
0 0.5795954265611258 0.36484375 0.01759014951627089 0.0296875
0 0.5782761653474054 0.39765625 0.020228671943711522 0.0296875
0 0.43491644678979774 0.80390625 0.0395778364116095 0.0328125
0 0.5356200527704487 0.80703125 0.040457343887423045 0.0359375
0 0.5932277924362357 0.80859375 0.03781882145998241 0.0328125
0 0.6846965699208444 0.7875 0.04133685136323659 0.0375
0 0.7387862796833773 0.725 0.04397537379067722 0.034375
0 0.18557607739665788 0.98359375 0.028144239226033423 0.0328125
0 0.020228671943711522 0.178125 0.021108179419525065 0.034375
0 0.05364995602462621 0.92421875 0.024626209322779244 0.0890625