0 0.42656112576956906 0.30703125 0.04221635883905013 0.0328125
0 0.4226033421284081 0.3453125 0.04309586631486367 0.028125
0 0.4234828496042216 0.42421875 0.0395778364116095 0.0328125
0 0.42216358839050133 0.49375 0.04221635883905013 0.028125
0 0.4252418645558487 0.5359375 0.044854881266490766 0.03125
0 0.2796833773087072 0.71171875 0.028144239226033423 0.0328125
0 0.4683377308707124 0.24296875 0.020228671943711522 0.0671875
0 0.7493403693931399 0.26484375 0.021108179419525065 0.0703125
0 0.6728232189973614 0.615625 0.04573438874230431 0.0375
0 0.7251539138082673 0.9046875 0.016710642040457344 0.075
0 0.7458223394898856 0.70546875 0.01759014951627089 0.0796875
0 0.6750219876868954 0.71015625 0.03781882145998241 0.0328125
0 0.6759014951627089 0.75390625 0.044854881266490766 0.0296875
0 0.6745822339489885 0.803125 0.04397537379067722 0.034375
0 0.8289357959542656 0.234375 0.044854881266490766 0.03125
0 0.8302550571679859 0.2796875 0.04573438874230431 0.03125
0 0.8342128408091469 0.32265625 0.04309586631486367 0.0328125
0 0.5980650835532102 0.01328125 0.0158311345646438 0.0234375
0 0.8962181178540017 0.98125 0.019349164467897976 0.0375
0 0.91688654353562 0.9796875 0.018469656992084433 0.040625
0 0.9393139841688655 0.98046875 0.019349164467897976 0.0390625
0 0.9604221635883905 0.9828125 0.01759014951627089 0.034375
0 0.9815303430079155 0.978125 0.019349164467897976 0.04375