0 0.19085312225153914 0.92578125 0.022867194371152155 0.0890625
0 0.2185576077396658 0.925 0.020228671943711522 0.084375
0 0.24538258575197888 0.928125 0.019349164467897976 0.078125
0 0.30123131046613894 0.92890625 0.02198768689533861 0.0828125
0 0.3605980650835532 0.46015625 0.019349164467897976 0.0796875
0 0.38786279683377306 0.46015625 0.0158311345646438 0.0734375
0 0.4287598944591029 0.46484375 0.018469656992084433 0.0734375
0 0.4736147757255937 0.47109375 0.018469656992084433 0.0765625
0 0.49648197009674583 0.48046875 0.016710642040457344 0.0703125
0 0.530782761653474 0.56015625 0.0395778364116095 0.0328125
0 0.2673702726473175 0.1953125 0.01759014951627089 0.04375
0 0.6912928759894459 0.465625 0.04573438874230431 0.034375
0 0.920844327176781 0.79921875 0.04397537379067722 0.0359375
0 0.8306948109058927 0.8203125 0.0395778364116095 0.034375
0 0.7730870712401056 0.8203125 0.040457343887423045 0.03125
0 0.6732629727352683 0.8171875 0.04133685136323659 0.0375