0 0.17370272647317503 0.08515625 0.020228671943711522 0.0671875
0 0.1948109058927001 0.08984375 0.020228671943711522 0.0703125
0 0.21372031662269128 0.0921875 0.01759014951627089 0.078125
0 0.23614775725593667 0.0796875 0.018469656992084433 0.065625
0 0.25857519788918204 0.0859375 0.01759014951627089 0.06875
0 0.281882145998241 0.07578125 0.016710642040457344 0.0671875
0 0.3355321020228672 0.17890625 0.032541776605101144 0.0296875
0 0.3262972735268249 0.3265625 0.04221635883905013 0.034375
0 0.004837291116974494 0.69453125 0.0079155672823219 0.0796875
0 0.01978891820580475 0.69765625 0.02198768689533861 0.0671875
0 0.04397537379067722 0.7 0.021108179419525065 0.071875
0 0.06772207563764292 0.69765625 0.021108179419525065 0.0671875
0 0.0901495162708883 0.69609375 0.020228671943711522 0.0796875
0 0.13808267370272648 0.7015625 0.019349164467897976 0.065625
0 0.113896218117854 0.69765625 0.020228671943711522 0.0734375
0 0.20624450307827616 0.7015625 0.018469656992084433 0.071875
0 0.22911169744942833 0.70703125 0.018469656992084433 0.0765625
0 0.2519788918205805 0.70546875 0.016710642040457344 0.0734375
0 0.27396657871591906 0.70625 0.018469656992084433 0.075
0 0.2955145118733509 0.70859375 0.01759014951627089 0.0734375
0 0.3179419525065963 0.70625 0.016710642040457344 0.075
0 0.33992963940193494 0.7078125 0.016710642040457344 0.075
0 0.3627968337730871 0.709375 0.016710642040457344 0.06875
0 0.38522427440633245 0.71171875 0.01759014951627089 0.0765625
0 0.40897097625329815 0.71171875 0.0158311345646438 0.0734375
0 0.43755496921723835 0.7125 0.016710642040457344 0.071875
0 0.5316622691292876 0.73671875 0.04309586631486367 0.0296875
0 0.5708003518029904 0.725 0.019349164467897976 0.08125
0 0.5963060686015831 0.725 0.01759014951627089 0.075
0 0.6182937554969217 0.7203125 0.01759014951627089 0.075
0 0.6411609498680739 0.7265625 0.01759014951627089 0.08125
0 0.6640281442392261 0.73046875 0.019349164467897976 0.0734375
0 0.748900615655233 0.7296875 0.016710642040457344 0.065625
0 0.7924362357080035 0.73515625 0.019349164467897976 0.0703125
0 0.8144239226033422 0.73515625 0.01759014951627089 0.0734375
0 0.8346525945470537 0.734375 0.01759014951627089 0.065625
0 0.855321020228672 0.73515625 0.020228671943711522 0.0734375
0 0.8759894459102903 0.740625 0.019349164467897976 0.065625
0 0.8979771328056289 0.7375 0.019349164467897976 0.071875
0 0.9199648197009674 0.73828125 0.019349164467897976 0.0609375
0 0.941952506596306 0.74375 0.021108179419525065 0.071875
0 0.9617414248021108 0.746875 0.018469656992084433 0.065625
0 0.9824098504837291 0.7484375 0.01759014951627089 0.06875
0 0.830255057167986 0.178125 0.03869832893579595 0.03125