0 0.5817941952506598 0.015625 0.03781882145998241 0.028125
0 0.5879507475813545 0.046875 0.04133685136323659 0.04375
0 0.530782761653474 0.484375 0.029023746701846966 0.084375
0 0.5725593667546174 0.3703125 0.04221635883905013 0.040625
0 0.5013192612137203 0.490625 0.024626209322779244 0.08125
0 0.47845206684256814 0.5015625 0.024626209322779244 0.071875
0 0.42436235708003517 0.52421875 0.027264731750219876 0.0765625
0 0.22383465259454705 0.30078125 0.023746701846965697 0.0734375
0 0.21108179419525067 0.46171875 0.04397537379067722 0.0453125
0 0.1759014951627089 0.32578125 0.028144239226033423 0.0859375
0 0.2009674582233949 0.31015625 0.023746701846965697 0.0828125
0 0.32541776605101136 0.88203125 0.040457343887423045 0.0453125
0 0.08487247141600704 0.80234375 0.04133685136323659 0.0421875
0 0.25505716798592787 0.9796875 0.036939313984168866 0.040625