0 0.28452066842568163 0.15 0.025505716798592787 0.0375
0 0.29771328056288476 0.26015625 0.02198768689533861 0.0390625
0 0.637203166226913 0.36953125 0.04661389621811785 0.0453125
0 0.22427440633245382 0.4296875 0.04925241864555849 0.040625
0 0.20184696569920843 0.2078125 0.044854881266490766 0.034375
0 0.2058047493403694 0.24296875 0.047493403693931395 0.0390625
0 0.21591908531222515 0.27890625 0.04309586631486367 0.0421875
0 0.2198768689533861 0.3140625 0.040457343887423045 0.046875
0 0.22559366754617413 0.3515625 0.044854881266490766 0.040625
0 0.23175021987686895 0.38203125 0.04133685136323659 0.0421875
0 0.11345646437994723 0.4078125 0.04221635883905013 0.040625
0 0.10729991204925243 0.36953125 0.040457343887423045 0.0484375
0 0.1011433597185576 0.33125 0.03869832893579595 0.040625
0 0.09806508355321018 0.29375 0.0395778364116095 0.040625
0 0.08663148636763413 0.259375 0.0395778364116095 0.0375
0 0.079155672823219 0.22421875 0.036939313984168866 0.0421875
0 0.07519788918205805 0.1796875 0.0395778364116095 0.040625
0 0.07080035180299032 0.146875 0.0395778364116095 0.040625
0 0.06728232189973615 0.10625 0.0395778364116095 0.04375
0 0.05452946350043975 0.03046875 0.040457343887423045 0.0390625
0 0.06156552330694811 0.06953125 0.04221635883905013 0.0421875
0 0.00967458223394899 0.01484375 0.01759014951627089 0.0265625
0 0.014072119613016711 0.05625 0.026385224274406333 0.046875
0 0.016270888302550572 0.090625 0.030782761653474055 0.04375
0 0.020228671943711522 0.13125 0.03869832893579595 0.046875
0 0.021108179419525065 0.1671875 0.040457343887423045 0.040625
0 0.021547933157431837 0.209375 0.04133685136323659 0.04375
0 0.0316622691292876 0.24140625 0.040457343887423045 0.0390625
0 0.03825857519788918 0.284375 0.04133685136323659 0.046875
0 0.04397537379067722 0.32109375 0.04221635883905013 0.0421875
0 0.05321020228671944 0.35703125 0.04309586631486367 0.0421875
0 0.05980650835532102 0.39375 0.04397537379067722 0.046875
0 0.06464379947229551 0.4328125 0.044854881266490766 0.046875