0 0.2774846086191733 0.17578125 0.025505716798592787 0.0703125
0 0.30167106420404577 0.15859375 0.024626209322779244 0.0765625
0 0.36015831134564646 0.0203125 0.0395778364116095 0.0375
0 0.37115215479331576 0.053125 0.040457343887423045 0.04375
0 0.37730870712401055 0.09375 0.03869832893579595 0.04375
0 0.3847845206684257 0.13203125 0.04133685136323659 0.0421875
0 0.3909410729991205 0.1703125 0.044854881266490766 0.040625
0 0.4001759014951627 0.2015625 0.04221635883905013 0.04375
0 0.40413368513632364 0.24453125 0.04133685136323659 0.0484375
0 0.41424802110817943 0.009375 0.040457343887423045 0.015625
0 0.4177660510114336 0.03203125 0.03869832893579595 0.0421875
0 0.4287598944591029 0.06640625 0.0395778364116095 0.0359375
0 0.43799472295514513 0.10703125 0.04221635883905013 0.0421875
0 0.4410729991204925 0.14296875 0.04133685136323659 0.0421875
0 0.4467897977132806 0.17578125 0.036939313984168866 0.0390625
0 0.4547053649956025 0.21796875 0.03869832893579595 0.0421875
0 0.5386983289357961 0.01953125 0.04661389621811785 0.0359375
0 0.5439753737906772 0.05078125 0.044854881266490766 0.0390625
0 0.5545294635004397 0.0890625 0.04133685136323659 0.046875
0 0.5576077396657871 0.12265625 0.04397537379067722 0.0453125
0 0.5637642919964819 0.159375 0.040457343887423045 0.046875
0 0.5699208443271768 0.1953125 0.040457343887423045 0.046875
0 0.5668425681618294 0.2390625 0.044854881266490766 0.04375
0 0.976693051890941 0.1703125 0.04133685136323659 0.0375
0 0.6253298153034301 0.07109375 0.040457343887423045 0.0484375