0 0.4058927000879507 0.8265625 0.03605980650835532 0.04375
0 0.0158311345646438 0.815625 0.02990325417766051 0.040625
0 0.13544415127528583 0.48046875 0.04221635883905013 0.0359375
0 0.14995602462620933 0.3203125 0.023746701846965697 0.075
0 0.1015831134564644 0.34140625 0.029023746701846966 0.0890625
0 0.1248900615655233 0.33046875 0.024626209322779244 0.0890625
0 0.3482849604221636 0.54140625 0.02990325417766051 0.0828125
0 0.49868073878627966 0.38828125 0.04573438874230431 0.0484375
0 0.4525065963060686 0.49921875 0.023746701846965697 0.0765625
0 0.4256816182937555 0.5078125 0.022867194371152155 0.078125
0 0.40281442392260336 0.51953125 0.024626209322779244 0.0765625
0 0.5004397537379067 0.01015625 0.03869832893579595 0.0171875
0 0.5052770448548812 0.03203125 0.04133685136323659 0.0421875
0 0.5118733509234829 0.06796875 0.04221635883905013 0.0390625