0 0.16578715919085313 0.45234375 0.02198768689533861 0.0796875
0 0.1948109058927001 0.44453125 0.020228671943711522 0.0796875
0 0.2357080035180299 0.453125 0.021108179419525065 0.078125
0 0.28188214599824096 0.45234375 0.023746701846965697 0.0796875
0 0.30562884784520666 0.46640625 0.020228671943711522 0.0734375
0 0.3425681618293755 0.5484375 0.04309586631486367 0.034375
0 0.5013192612137203 0.4546875 0.04573438874230431 0.040625
0 0.6297273526824978 0.284375 0.019349164467897976 0.03125
0 0.6284080914687775 0.3671875 0.016710642040457344 0.034375
0 0.6279683377308706 0.40234375 0.019349164467897976 0.0296875
0 0.8834652594547053 0.246875 0.04133685136323659 0.0375
0 0.8742304309586632 0.0703125 0.03869832893579595 0.034375
0 0.48284960422163586 0.80703125 0.03869832893579595 0.0359375
0 0.5848724714160071 0.81171875 0.040457343887423045 0.0328125
0 0.6407211961301671 0.81328125 0.0395778364116095 0.0359375
0 0.7330694810905892 0.78828125 0.0395778364116095 0.0359375
0 0.020228671943711522 0.92109375 0.024626209322779244 0.0890625
0 0.04661389621811786 0.9171875 0.022867194371152155 0.0875
0 0.10466138962181179 0.9234375 0.024626209322779244 0.090625
0 0.8970976253298153 0.73125 0.04573438874230431 0.0375
0 0.07036059806508356 0.18203125 0.021108179419525065 0.0390625