0 0.5083553210202286 0.1984375 0.01759014951627089 0.075
0 0.49780123131046616 0.103125 0.014072119613016711 0.01875
0 0.6015831134564644 0.47734375 0.019349164467897976 0.0765625
0 0.6270888302550571 0.47421875 0.019349164467897976 0.0734375
0 0.6675461741424802 0.47734375 0.021108179419525065 0.0765625
0 0.714160070360598 0.4859375 0.021108179419525065 0.075
0 0.7365875109938436 0.49296875 0.016710642040457344 0.0734375
0 0.7735268249780123 0.5765625 0.03605980650835532 0.034375
0 0.4410729991204925 0.93359375 0.018469656992084433 0.0890625
0 0.4678979771328056 0.93828125 0.019349164467897976 0.0859375
0 0.4938434476693052 0.9359375 0.018469656992084433 0.08125
0 0.5488126649076517 0.94140625 0.022867194371152155 0.0859375
0 0.9300791556728232 0.48046875 0.04661389621811785 0.0328125
0 0.9129287598944591 0.825 0.040457343887423045 0.040625