0 0.16974494283201408 0.18828125 0.019349164467897976 0.0359375
0 0.2647317502198769 0.45390625 0.019349164467897976 0.0828125
0 0.29155672823219 0.45234375 0.018469656992084433 0.0765625
0 0.33421284080914687 0.45859375 0.019349164467897976 0.0765625
0 0.3777484608619173 0.4625 0.018469656992084433 0.078125
0 0.4023746701846966 0.475 0.016710642040457344 0.075
0 0.4388742304309587 0.55390625 0.03869832893579595 0.0328125
0 0.09234828496042216 0.92109375 0.026385224274406333 0.0828125
0 0.11961301671064203 0.92265625 0.019349164467897976 0.0890625
0 0.20360598065083554 0.92734375 0.025505716798592787 0.0859375
0 0.14731750219876869 0.9234375 0.018469656992084433 0.078125
0 0.5782761653474054 0.8109375 0.04133685136323659 0.034375
0 0.6798592788038699 0.815625 0.04221635883905013 0.034375
0 0.737467018469657 0.8171875 0.03781882145998241 0.028125
0 0.8289357959542656 0.7953125 0.04133685136323659 0.0375
0 0.5976253298153035 0.459375 0.044854881266490766 0.034375
0 0.7286719437115216 0.29140625 0.011433597185576077 0.0265625
0 0.7264731750219877 0.37109375 0.010554089709762533 0.0234375
0 0.7264731750219877 0.40703125 0.010554089709762533 0.0265625
0 0.9753737906772207 0.25546875 0.04221635883905013 0.0359375
0 0.9670184696569921 0.07890625 0.03781882145998241 0.0328125