0 0.747141600703606 0.11484375 0.016710642040457344 0.0703125
0 0.014951627088830254 0.44296875 0.024626209322779244 0.0796875
0 0.036939313984168866 0.45078125 0.022867194371152155 0.0765625
0 0.060246262093227795 0.459375 0.02198768689533861 0.075
0 0.14951627088830255 0.47421875 0.021108179419525065 0.0640625
0 0.1948109058927001 0.48828125 0.018469656992084433 0.0703125
0 0.2167985927880387 0.4921875 0.020228671943711522 0.075
0 0.23702726473175023 0.496875 0.020228671943711522 0.06875
0 0.2594547053649956 0.4984375 0.022867194371152155 0.075
0 0.27924362357080035 0.5109375 0.020228671943711522 0.065625
0 0.30255057167985927 0.51015625 0.021108179419525065 0.0734375
0 0.34740545294635006 0.521875 0.019349164467897976 0.075
0 0.32673702726473175 0.51640625 0.014951627088830254 0.0640625
0 0.3702726473175022 0.534375 0.019349164467897976 0.071875
0 0.3913808267370273 0.53515625 0.021108179419525065 0.0703125
0 0.5536499560246262 0.6796875 0.020228671943711522 0.078125
0 0.7669305189094108 0.69296875 0.01759014951627089 0.0671875
0 0.5782761653474054 0.98671875 0.04309586631486367 0.0265625
0 0.5941072999120494 0.803125 0.04661389621811785 0.046875
0 0.5883905013192612 0.85 0.04573438874230431 0.040625
0 0.5866314863676341 0.8953125 0.04221635883905013 0.034375