0 0.5184696569920845 0.0265625 0.018469656992084433 0.05
0 0.5329815303430079 0.16796875 0.021108179419525065 0.0703125
0 0.5360598065083553 0.2640625 0.020228671943711522 0.075
0 0.538698328935796 0.43203125 0.018469656992084433 0.0703125
0 0.35004397537379073 0.41640625 0.019349164467897976 0.0765625
0 0.4102902374670185 0.6859375 0.018469656992084433 0.065625
0 0.36895338610378187 0.75625 0.03781882145998241 0.03125
0 0.3641160949868074 0.7984375 0.04397537379067722 0.034375
0 0.36323658751099386 0.87578125 0.03869832893579595 0.0328125
0 0.3619173262972736 0.946875 0.04309586631486367 0.034375
0 0.7075637642919965 0.93984375 0.018469656992084433 0.0765625
0 0.6934916446789797 0.71171875 0.020228671943711522 0.0765625
0 0.7744063324538257 0.67578125 0.044854881266490766 0.0390625
0 0.7748460861917326 0.72109375 0.04573438874230431 0.0328125
0 0.7779243623570801 0.7671875 0.04309586631486367 0.034375
0 0.8333333333333334 0.19765625 0.02198768689533861 0.0734375
0 0.5140721196130167 0.98671875 0.018469656992084433 0.0265625
0 0.36631486367634125 0.98828125 0.04133685136323659 0.0234375
0 0.7427440633245384 0.2328125 0.013192612137203167 0.021875
0 0.7598944591029023 0.23125 0.0158311345646438 0.01875