0 0.013632365875109938 0.44921875 0.025505716798592787 0.0765625
0 0.1468777484608619 0.47890625 0.01759014951627089 0.0671875
0 0.10246262093227793 0.4671875 0.02198768689533861 0.059375
0 0.16842568161829374 0.4859375 0.02198768689533861 0.071875
0 0.19041336851363236 0.4875 0.018469656992084433 0.065625
0 0.2119613016710642 0.4921875 0.022867194371152155 0.071875
0 0.2339489885664028 0.5015625 0.021108179419525065 0.071875
0 0.2563764291996482 0.50234375 0.020228671943711522 0.0703125
0 0.27880386983289357 0.50703125 0.01759014951627089 0.0609375
0 0.3007915567282322 0.51484375 0.019349164467897976 0.0734375
0 0.32277924362357074 0.525 0.019349164467897976 0.06875
0 0.34520668425681617 0.5265625 0.020228671943711522 0.06875
0 0.5079155672823219 0.66875 0.020228671943711522 0.071875
0 0.5488126649076517 0.79375 0.04397537379067722 0.040625
0 0.5435356200527705 0.840625 0.04573438874230431 0.0375
0 0.5400175901495162 0.8859375 0.04221635883905013 0.0375
0 0.5329815303430079 0.98125 0.04221635883905013 0.0375
0 0.7211961301671065 0.68203125 0.01759014951627089 0.0578125
0 0.702726473175022 0.0703125 0.01759014951627089 0.071875
0 0.9705364995602462 0.034375 0.03781882145998241 0.0375
0 0.9626209322779243 0.07109375 0.04133685136323659 0.0359375
0 0.9481090589270009 0.98984375 0.04221635883905013 0.0203125