0 0.3786279683377309 0.50859375 0.018469656992084433 0.0703125
0 0.1218117854001759 0.15390625 0.04133685136323659 0.0359375
0 0.5628847845206685 0.42109375 0.0158311345646438 0.0671875
0 0.5180299032541776 0.309375 0.04221635883905013 0.034375
0 0.5272647317502199 0.1234375 0.04133685136323659 0.034375
0 0.523306948109059 0.21875 0.03869832893579595 0.03125
0 0.5219876868953386 0.26328125 0.04309586631486367 0.0328125
0 0.6297273526824977 0.36015625 0.03869832893579595 0.0296875
0 0.7286719437115217 0.5390625 0.016710642040457344 0.071875
0 0.751099384344767 0.54140625 0.0158311345646438 0.0640625
0 0.7717678100263852 0.546875 0.018469656992084433 0.071875
0 0.7919964819700966 0.5515625 0.016710642040457344 0.059375
0 0.8135444151275286 0.5546875 0.01759014951627089 0.075
0 0.8359718557607739 0.5515625 0.018469656992084433 0.06875
0 0.8579595426561126 0.55859375 0.018469656992084433 0.0734375
0 0.9639401934916447 0.56953125 0.021108179419525065 0.0609375
0 0.9195250659630607 0.5609375 0.020228671943711522 0.065625
0 0.8790677220756377 0.5609375 0.016710642040457344 0.06875
0 0.899736147757256 0.5609375 0.019349164467897976 0.06875
0 0.06464379947229551 0.16953125 0.018469656992084433 0.0328125