0 0.06552330694810905 0.4421875 0.020228671943711522 0.078125
0 0.09454705364995603 0.43828125 0.02198768689533861 0.0765625
0 0.1363236587510994 0.446875 0.021108179419525065 0.078125
0 0.18337730870712401 0.45078125 0.020228671943711522 0.0765625
0 0.2071240105540897 0.4609375 0.018469656992084433 0.071875
0 0.2423043095866315 0.54375 0.0395778364116095 0.034375
0 0.14907651715039577 0.96328125 0.027264731750219876 0.0734375
0 0.3865435356200528 0.8046875 0.04133685136323659 0.0375
0 0.40589270008795075 0.4453125 0.044854881266490766 0.034375
0 0.48768689533861037 0.8046875 0.04133685136323659 0.034375
0 0.5439753737906772 0.80703125 0.03781882145998241 0.0359375
0 0.5813544415127528 0.72109375 0.04397537379067722 0.0359375
0 0.6363236587510994 0.784375 0.0395778364116095 0.034375
0 0.5285839929639402 0.3953125 0.021108179419525065 0.025
0 0.5294635004397538 0.36171875 0.021108179419525065 0.0265625
0 0.5303430079155673 0.28125 0.021108179419525065 0.028125
0 0.7880386983289358 0.240625 0.04221635883905013 0.034375
0 0.7796833773087071 0.06328125 0.03781882145998241 0.0359375
0 0.9925241864555848 0.8453125 0.014951627088830254 0.034375
0 0.0079155672823219 0.921875 0.014072119613016711 0.0875