0 0.6253298153034301 0.33515625 0.040457343887423045 0.0421875
0 0.5664028144239226 0.39140625 0.0158311345646438 0.0703125
0 0.5259454705364995 0.18671875 0.04221635883905013 0.0359375
0 0.5246262093227793 0.23125 0.04309586631486367 0.03125
0 0.5197889182058048 0.27734375 0.04573438874230431 0.0390625
0 0.3812664907651715 0.46640625 0.020228671943711522 0.0765625
0 0.12576956904133685 0.125 0.04221635883905013 0.034375
0 0.0681618293755497 0.1421875 0.020228671943711522 0.03125
0 0.530782761653474 0.0921875 0.04133685136323659 0.0375
0 0.7313104661389622 0.5078125 0.018469656992084433 0.06875
0 0.7519788918205804 0.5109375 0.01759014951627089 0.06875
0 0.7748460861917327 0.51796875 0.019349164467897976 0.0734375
0 0.7941952506596306 0.51875 0.0158311345646438 0.0625
0 0.8166226912928759 0.5234375 0.018469656992084433 0.06875
0 0.8394898856640282 0.52109375 0.018469656992084433 0.0703125
0 0.8614775725593667 0.528125 0.018469656992084433 0.075
0 0.882145998240985 0.5296875 0.01759014951627089 0.065625
0 0.9041336851363236 0.5296875 0.019349164467897976 0.071875
0 0.924802110817942 0.53203125 0.016710642040457344 0.0703125
0 0.9687774846086191 0.53828125 0.020228671943711522 0.0640625