0 0.008355321020228672 0.453125 0.014951627088830254 0.034375
0 0.24582233948988566 0.43125 0.018469656992084433 0.0375
0 0.28935795954265614 0.43203125 0.014072119613016711 0.0359375
0 0.30782761653474056 0.4328125 0.0158311345646438 0.0375
0 0.11653474054529464 0.02734375 0.016710642040457344 0.0515625
0 0.21240105540897097 0.01953125 0.020228671943711522 0.0359375
0 0.34256816182937555 0.64296875 0.018469656992084433 0.0765625
0 0.5263852242744064 0.39375 0.016710642040457344 0.06875
0 0.5299032541776605 0.48671875 0.016710642040457344 0.0703125
0 0.5321020228671943 0.65703125 0.019349164467897976 0.0734375
0 0.8245382585751979 0.42578125 0.020228671943711522 0.0703125
0 0.7352682497801232 0.46328125 0.0158311345646438 0.0265625
0 0.7537379067722075 0.4625 0.014072119613016711 0.01875
0 0.5101143359718557 0.23828125 0.0158311345646438 0.0734375
0 0.4001759014951627 0.91640625 0.019349164467897976 0.0671875
0 0.36059806508355324 0.98359375 0.040457343887423045 0.0328125
0 0.5 0.97890625 0.018469656992084433 0.0421875
0 0.6877748460861918 0.94453125 0.01759014951627089 0.0671875
0 0.768249780123131 0.90703125 0.044854881266490766 0.0328125
0 0.7695690413368513 0.95 0.04397537379067722 0.0375
0 0.7717678100263852 0.98984375 0.044854881266490766 0.0203125