0 0.0633245382585752 0.5625 0.028144239226033423 0.075
0 0.15523306948109059 0.60625 0.048372911169744945 0.040625
0 0.19832893579595426 0.60390625 0.018469656992084433 0.0796875
0 0.22427440633245382 0.60546875 0.022867194371152155 0.0765625
0 0.29155672823219 0.62421875 0.02198768689533861 0.0796875
0 0.26868953386103783 0.61875 0.018469656992084433 0.084375
0 0.24670184696569922 0.60625 0.02198768689533861 0.078125
0 0.37950747581354444 0.64140625 0.020228671943711522 0.0640625
0 0.7792436235708003 0.85546875 0.019349164467897976 0.0765625
0 0.9586631486367634 0.9140625 0.021108179419525065 0.053125
0 0.9872471416007036 0.87109375 0.020228671943711522 0.0609375
0 0.8197009674582234 0.97578125 0.047493403693931395 0.0421875
0 0.6165347405452947 0.71015625 0.019349164467897976 0.0734375
0 0.5976253298153035 0.7046875 0.016710642040457344 0.078125
0 0.4239226033421284 0.6546875 0.019349164467897976 0.06875
0 0.4463500439753738 0.66015625 0.02198768689533861 0.0765625
0 0.4683377308707124 0.66328125 0.016710642040457344 0.0640625
0 0.4890061565523307 0.6703125 0.021108179419525065 0.071875
0 0.5087950747581355 0.67890625 0.020228671943711522 0.0734375
0 0.530782761653474 0.6796875 0.02198768689533861 0.075
0 0.5532102022867195 0.68515625 0.019349164467897976 0.0609375
0 0.5743183817062445 0.696875 0.019349164467897976 0.071875
0 0.5043975373790677 0.103125 0.03781882145998241 0.0375
0 0.9630606860158312 0.36015625 0.022867194371152155 0.0765625
0 0.030343007915567283 0.55234375 0.023746701846965697 0.0828125
0 0.008355321020228672 0.55234375 0.014951627088830254 0.0765625