0 0.06904133685136324 0.41171875 0.0395778364116095 0.0484375
0 0.18425681618293754 0.4375 0.04661389621811785 0.04375
0 0.18557607739665788 0.3921875 0.04397537379067722 0.040625
0 0.17985927880386984 0.35625 0.04309586631486367 0.04375
0 0.17502198768689534 0.31796875 0.03869832893579595 0.0484375
0 0.1635883905013193 0.24453125 0.04573438874230431 0.0421875
0 0.17150395778364116 0.28515625 0.04221635883905013 0.0453125
0 0.15083553210202286 0.2140625 0.029023746701846966 0.03125
0 0.021547933157431837 0.440625 0.04133685136323659 0.04375
0 0.06376429199648197 0.37421875 0.04133685136323659 0.0390625
0 0.05716798592788039 0.3359375 0.04221635883905013 0.040625
0 0.05408970976253298 0.30234375 0.04133685136323659 0.0421875
0 0.04221635883905013 0.2625 0.04397537379067722 0.04375
0 0.03518029903254178 0.228125 0.03869832893579595 0.0375
0 0.01759014951627089 0.0359375 0.03342128408091469 0.0375
0 0.01978891820580475 0.0765625 0.03781882145998241 0.04375
0 0.024186455584872472 0.115625 0.044854881266490766 0.04375
0 0.027704485488126648 0.15078125 0.04309586631486367 0.0421875
0 0.032981530343007916 0.18828125 0.0395778364116095 0.0453125
0 0.019349164467897976 0.3984375 0.036939313984168866 0.053125
0 0.014951627088830254 0.35703125 0.028144239226033423 0.0390625
0 0.011873350923482849 0.32265625 0.02198768689533861 0.0359375
0 0.0079155672823219 0.28125 0.014072119613016711 0.034375
0 0.2510993843447669 0.26640625 0.030782761653474055 0.0421875
0 0.5932277924362358 0.3765625 0.044854881266490766 0.046875
0 0.8927000879507476 0.85703125 0.047493403693931395 0.0453125
0 0.9542656112576957 0.25234375 0.04925241864555849 0.0453125
0 0.2418645558487247 0.15390625 0.028144239226033423 0.0421875