0 0.06464379947229551 0.7640625 0.04309586631486367 0.04375
0 0.11961301671064203 0.740625 0.040457343887423045 0.040625
0 0.2167985927880387 0.6984375 0.04309586631486367 0.04375
0 0.38742304309586634 0.87890625 0.04133685136323659 0.0484375
0 0.30562884784520666 0.22109375 0.023746701846965697 0.0859375
0 0.3306948109058927 0.209375 0.022867194371152155 0.084375
0 0.35532102022867196 0.1953125 0.021108179419525065 0.078125
0 0.5536499560246263 0.42578125 0.029023746701846966 0.0890625
0 0.341688654353562 0.35625 0.04309586631486367 0.04375
0 0.6051011433597185 0.39765625 0.022867194371152155 0.0765625
0 0.6310466138962181 0.38671875 0.023746701846965697 0.0890625
0 0.6578715919085312 0.3796875 0.024626209322779244 0.084375
0 0.7044854881266491 0.2625 0.04397537379067722 0.0375
0 0.434476693051891 0.934375 0.022867194371152155 0.075
0 0.5021987686895338 0.915625 0.024626209322779244 0.071875
0 0.5448548812664907 0.903125 0.023746701846965697 0.078125
0 0.5690413368513633 0.88984375 0.024626209322779244 0.0765625
0 0.4586631486367634 0.93515625 0.02198768689533861 0.0765625
0 0.03342128408091469 0.9703125 0.040457343887423045 0.046875
0 0.021547933157431837 0.2234375 0.04133685136323659 0.046875