0 0.39313984168865435 0.55234375 0.019349164467897976 0.0703125
0 0.5756376429199648 0.44609375 0.018469656992084433 0.0765625
0 0.6490765171503958 0.384375 0.04221635883905013 0.03125
0 0.5417766051011433 0.1484375 0.040457343887423045 0.04375
0 0.5378188214599824 0.2421875 0.0395778364116095 0.0375
0 0.5378188214599824 0.290625 0.04133685136323659 0.0375
0 0.5325417766051012 0.33359375 0.04309586631486367 0.0359375
0 0.7427440633245382 0.56640625 0.018469656992084433 0.0703125
0 0.7642919964819701 0.56953125 0.0158311345646438 0.0765625
0 0.785839929639402 0.571875 0.016710642040457344 0.075
0 0.8056288478452067 0.57734375 0.01759014951627089 0.0640625
0 0.8267370272647317 0.5765625 0.01759014951627089 0.065625
0 0.8482849604221636 0.57890625 0.018469656992084433 0.0671875
0 0.8702726473175022 0.584375 0.018469656992084433 0.071875
0 0.8909410729991205 0.58515625 0.0158311345646438 0.0703125
0 0.9129287598944591 0.5875 0.01759014951627089 0.078125
0 0.9335971855760774 0.58671875 0.018469656992084433 0.0734375
0 0.9758135444151276 0.596875 0.018469656992084433 0.071875
0 0.1358839050131926 0.178125 0.044854881266490766 0.04375
0 0.08047493403693931 0.19375 0.016710642040457344 0.03125