0 0.00967458223394899 0.5859375 0.01759014951627089 0.071875
0 0.030343007915567283 0.590625 0.023746701846965697 0.078125
0 0.052770448548812667 0.5921875 0.024626209322779244 0.071875
0 0.0743183817062445 0.60234375 0.02198768689533861 0.0703125
0 0.09806508355321021 0.60625 0.02198768689533861 0.06875
0 0.12137203166226913 0.61171875 0.021108179419525065 0.0796875
0 0.14248021108179423 0.6171875 0.019349164467897976 0.06875
0 0.17546174142480211 0.62421875 0.023746701846965697 0.0703125
0 0.2678100263852243 0.6671875 0.04309586631486367 0.0375
0 0.3087071240105541 0.6640625 0.021108179419525065 0.078125
0 0.33641160949868076 0.6703125 0.016710642040457344 0.075
0 0.3579595426561126 0.67109375 0.022867194371152155 0.0796875
0 0.3817062445030783 0.68046875 0.022867194371152155 0.0828125
0 0.40413368513632364 0.68984375 0.023746701846965697 0.0765625
0 0.49076517150395776 0.7046875 0.019349164467897976 0.059375
0 0.5351802990325418 0.71953125 0.016710642040457344 0.0640625
0 0.5554089709762533 0.72734375 0.020228671943711522 0.0671875
0 0.5769569041336852 0.7296875 0.01759014951627089 0.06875
0 0.5980650835532102 0.7359375 0.021108179419525065 0.071875
0 0.6187335092348285 0.74609375 0.020228671943711522 0.0671875
0 0.6407211961301671 0.74609375 0.018469656992084433 0.0703125
0 0.6649076517150396 0.75390625 0.0158311345646438 0.0671875
0 0.6842568161829375 0.76171875 0.021108179419525065 0.0703125
0 0.7053649956024627 0.76953125 0.01759014951627089 0.0671875
0 0.727792436235708 0.7765625 0.02198768689533861 0.06875
0 0.6130167106420403 0.16953125 0.036939313984168866 0.0328125
0 0.8878627968337731 0.92109375 0.018469656992084433 0.0765625
0 0.08003518029903255 0.21171875 0.028144239226033423 0.0328125
0 0.1011433597185576 0.06796875 0.0158311345646438 0.0359375