0 0.9278803869832893 0.184375 0.047493403693931395 0.04375
0 0.22999120492524186 0.1828125 0.023746701846965697 0.06875
0 0.2546174142480211 0.1671875 0.023746701846965697 0.08125
0 0.31398416886543534 0.02734375 0.03869832893579595 0.0453125
0 0.3227792436235708 0.0609375 0.040457343887423045 0.04375
0 0.32981530343007914 0.10234375 0.03869832893579595 0.0453125
0 0.33641160949868076 0.13984375 0.044854881266490766 0.0390625
0 0.3434476693051891 0.178125 0.04661389621811785 0.05
0 0.3526824978012313 0.2125 0.04221635883905013 0.046875
0 0.357080035180299 0.25078125 0.04221635883905013 0.0484375
0 0.40721196130167103 0.225 0.03869832893579595 0.046875
0 0.3654353562005277 0.01328125 0.04133685136323659 0.0234375
0 0.3720316622691293 0.04140625 0.03869832893579595 0.0453125
0 0.38038698328935794 0.07734375 0.0395778364116095 0.0390625
0 0.39006156552330695 0.11484375 0.0395778364116095 0.0359375
0 0.39577836411609496 0.1515625 0.040457343887423045 0.04375
0 0.3988566402814424 0.18671875 0.04309586631486367 0.0453125
0 0.4925241864555849 0.021875 0.04397537379067722 0.040625
0 0.49560246262093227 0.0609375 0.04133685136323659 0.04375
0 0.5074758135444152 0.096875 0.040457343887423045 0.040625
0 0.5114335971855761 0.1328125 0.03781882145998241 0.040625
0 0.5171503957783641 0.16796875 0.04221635883905013 0.0453125
0 0.523306948109059 0.20390625 0.040457343887423045 0.0453125
0 0.5202286719437115 0.2484375 0.0395778364116095 0.04375
0 0.579155672823219 0.08046875 0.0395778364116095 0.0421875