0 0.29331574318381703 0.26015625 0.025505716798592787 0.0765625
0 0.24318381706244502 0.28671875 0.025505716798592787 0.0828125
0 0.26868953386103783 0.27265625 0.023746701846965697 0.0859375
0 0.2801231310466139 0.42421875 0.04133685136323659 0.0453125
0 0.49120492524186454 0.48359375 0.025505716798592787 0.0796875
0 0.5448548812664907 0.4625 0.020228671943711522 0.075
0 0.5686015831134564 0.45078125 0.023746701846965697 0.0796875
0 0.5980650835532101 0.44140625 0.022867194371152155 0.0796875
0 0.6424802110817942 0.33125 0.0395778364116095 0.040625
0 0.6530343007915568 0.0171875 0.0395778364116095 0.03125
0 0.1547933157431838 0.7609375 0.040457343887423045 0.046875
0 0.19173262972735272 0.93828125 0.03518029903254178 0.0390625
0 0.05672823218997362 0.80703125 0.04309586631486367 0.0421875
0 0.010554089709762533 0.83046875 0.019349164467897976 0.0328125
0 0.32717678100263853 0.94375 0.04221635883905013 0.04375
0 0.5065963060686016 0.95390625 0.022867194371152155 0.0765625
0 0.36939313984168864 0.9828125 0.019349164467897976 0.034375
0 0.39270008795074757 0.9796875 0.020228671943711522 0.040625
0 0.4371152154793316 0.97265625 0.021108179419525065 0.0546875
0 0.48021108179419525 0.96484375 0.026385224274406333 0.0703125