0 0.41204925241864554 0.0234375 0.044854881266490766 0.034375
0 0.10334212840809147 0.525 0.023746701846965697 0.084375
0 0.06156552330694811 0.5234375 0.04925241864555849 0.046875
0 0.1297273526824978 0.53046875 0.02198768689533861 0.0828125
0 0.15303430079155672 0.5265625 0.026385224274406333 0.08125
0 0.17546174142480211 0.5375 0.020228671943711522 0.08125
0 0.19920844327176782 0.54453125 0.02198768689533861 0.0765625
0 0.2854001759014952 0.5609375 0.016710642040457344 0.0625
0 0.332014072119613 0.57578125 0.02198768689533861 0.0703125
0 0.35356200527704484 0.5765625 0.019349164467897976 0.08125
0 0.37510993843447676 0.58125 0.02198768689533861 0.06875
0 0.3966578715919085 0.5828125 0.021108179419525065 0.078125
0 0.4173262972735268 0.5953125 0.020228671943711522 0.06875
0 0.4410729991204925 0.596875 0.018469656992084433 0.06875
0 0.46437994722955145 0.60234375 0.01759014951627089 0.0640625
0 0.48328935795954264 0.60625 0.018469656992084433 0.071875
0 0.5043975373790677 0.6171875 0.02198768689533861 0.065625
0 0.5277044854881267 0.62421875 0.021108179419525065 0.0671875
0 0.8979771328056289 0.78515625 0.019349164467897976 0.0640625
0 0.8680738786279684 0.896875 0.022867194371152155 0.0625
0 0.6882145998240985 0.7734375 0.020228671943711522 0.078125
0 0.7291116974494283 0.89609375 0.04573438874230431 0.0390625
0 0.7225153913808268 0.94453125 0.04661389621811785 0.0390625
0 0.7203166226912929 0.98359375 0.04397537379067722 0.0328125
0 0.8773087071240105 0.2640625 0.020228671943711522 0.071875