0 0.09586631486367635 0.48359375 0.040457343887423045 0.0421875
0 0.42480211081794195 0.8015625 0.03518029903254178 0.0375
0 0.30782761653474056 0.54453125 0.028144239226033423 0.0765625
0 0.36015831134564646 0.5203125 0.02198768689533861 0.08125
0 0.38434476693051894 0.5078125 0.024626209322779244 0.084375
0 0.41204925241864554 0.5 0.025505716798592787 0.078125
0 0.45822339489885666 0.38984375 0.04397537379067722 0.0390625
0 0.10817941952506596 0.31875 0.022867194371152155 0.078125
0 0.06112576956904134 0.3453125 0.029023746701846966 0.09375
0 0.08443271767810026 0.33125 0.024626209322779244 0.0875
0 0.4621811785400176 0.0078125 0.04133685136323659 0.0125
0 0.4656992084432718 0.03125 0.0395778364116095 0.04375
0 0.47229551451187335 0.0703125 0.04573438874230431 0.040625
0 0.9604221635883905 0.9421875 0.024626209322779244 0.078125
0 0.9850483729111698 0.94140625 0.022867194371152155 0.0671875