0 0.7387862796833773 0.46953125 0.047493403693931395 0.0359375
0 0.5773966578715919 0.5625 0.0395778364116095 0.034375
0 0.4072119613016711 0.46640625 0.01759014951627089 0.0796875
0 0.43359718557607746 0.465625 0.021108179419525065 0.08125
0 0.4766930518909411 0.471875 0.01759014951627089 0.075
0 0.5202286719437115 0.4734375 0.018469656992084433 0.078125
0 0.5422163588390502 0.484375 0.016710642040457344 0.071875
0 0.3144239226033421 0.2015625 0.02198768689533861 0.040625
0 0.23834652594547054 0.92734375 0.021108179419525065 0.0890625
0 0.3496042216358839 0.934375 0.023746701846965697 0.084375
0 0.2941952506596306 0.93046875 0.020228671943711522 0.0796875
0 0.2682497801231311 0.93203125 0.021108179419525065 0.0828125
0 0.7203166226912929 0.81796875 0.03869832893579595 0.0328125
0 0.8183817062445031 0.82421875 0.04133685136323659 0.0359375
0 0.8759894459102903 0.82578125 0.040457343887423045 0.0328125
0 0.9661389621811786 0.80390625 0.04133685136323659 0.0390625