0 0.18645558487247144 0.31171875 0.024626209322779244 0.0765625
0 0.13808267370272648 0.334375 0.026385224274406333 0.078125
0 0.16358839050131926 0.32265625 0.024626209322779244 0.0828125
0 0.17502198768689534 0.471875 0.040457343887423045 0.0375
0 0.3865435356200528 0.53671875 0.027264731750219876 0.0828125
0 0.44019349164467897 0.5140625 0.020228671943711522 0.071875
0 0.4635004397537379 0.5 0.022867194371152155 0.08125
0 0.49120492524186454 0.49296875 0.023746701846965697 0.0734375
0 0.5360598065083553 0.38359375 0.044854881266490766 0.0421875
0 0.3671943711521548 0.8546875 0.04133685136323659 0.04375
0 0.2185576077396658 0.9859375 0.032541776605101144 0.028125
0 0.04793315743183817 0.8140625 0.044854881266490766 0.053125
0 0.5430958663148637 0.02734375 0.0395778364116095 0.0453125
0 0.5496921723834652 0.059375 0.04221635883905013 0.040625