0 0.28100263852242746 0.8296875 0.029023746701846966 0.03125
0 0.4261213720316623 0.41953125 0.0395778364116095 0.0328125
0 0.4230430958663149 0.4625 0.040457343887423045 0.03125
0 0.4678979771328056 0.35625 0.019349164467897976 0.065625
0 0.42480211081794195 0.53515625 0.040457343887423045 0.0328125
0 0.42216358839050133 0.61015625 0.040457343887423045 0.0328125
0 0.4239226033421284 0.6546875 0.04221635883905013 0.03125
0 0.4094107299912049 0.08359375 0.016710642040457344 0.0796875
0 0.5980650835532101 0.103125 0.022867194371152155 0.065625
0 0.7497801231310466 0.378125 0.02198768689533861 0.075
0 0.8293755496921724 0.3453125 0.04573438874230431 0.03125
0 0.8306948109058927 0.39140625 0.044854881266490766 0.0296875
0 0.8337730870712401 0.43671875 0.04221635883905013 0.0328125
0 0.6754617414248021 0.72890625 0.040457343887423045 0.0390625
0 0.7484608619173263 0.76796875 0.019349164467897976 0.0734375
0 0.6750219876868954 0.8234375 0.0395778364116095 0.03125
0 0.6759014951627089 0.86875 0.044854881266490766 0.034375
0 0.6750219876868954 0.92109375 0.04309586631486367 0.0328125