0 0.3548812664907652 0.040625 0.04309586631486367 0.034375
0 0.357080035180299 0.0828125 0.04573438874230431 0.03125
0 0.19744942832014073 0.23046875 0.044854881266490766 0.0390625
0 0.1398416886543536 0.24375 0.014072119613016711 0.028125
0 0.45118733509234826 0.678125 0.022867194371152155 0.071875
0 0.6002638522427441 0.2 0.04309586631486367 0.034375
0 0.5949868073878628 0.29453125 0.04133685136323659 0.0328125
0 0.5958663148636764 0.3375 0.04309586631486367 0.034375
0 0.5927880386983291 0.3828125 0.04397537379067722 0.034375
0 0.6354441512752859 0.49453125 0.020228671943711522 0.0734375
0 0.7036059806508356 0.434375 0.040457343887423045 0.03125
0 0.8012313104661388 0.609375 0.019349164467897976 0.06875
0 0.8236587510993842 0.615625 0.016710642040457344 0.071875
0 0.8443271767810027 0.61875 0.019349164467897976 0.065625
0 0.864995602462621 0.62421875 0.016710642040457344 0.0609375
0 0.8856640281442393 0.62578125 0.021108179419525065 0.0703125
0 0.9089709762532981 0.6234375 0.018469656992084433 0.065625
0 0.9507475813544415 0.6328125 0.01759014951627089 0.06875
0 0.9718557607739666 0.63046875 0.019349164467897976 0.0703125
0 0.9907651715039578 0.6359375 0.018469656992084433 0.065625