0 0.8368513632365875 0.025 0.020228671943711522 0.046875
0 0.8139841688654353 0.03671875 0.023746701846965697 0.0515625
0 0.7924362357080034 0.05546875 0.01759014951627089 0.0484375
0 0.455584872471416 0.05390625 0.036939313984168866 0.0484375
0 0.46174142480211083 0.36796875 0.036939313984168866 0.0359375
0 0.4683377308707124 0.4046875 0.03605980650835532 0.04375
0 0.47537379067722074 0.4390625 0.03605980650835532 0.04375
0 0.4810905892700088 0.47578125 0.0316622691292876 0.0390625
0 0.484608619173263 0.51328125 0.036939313984168866 0.0546875
0 0.4969217238346526 0.5484375 0.036939313984168866 0.046875
0 0.5404573438874232 0.76796875 0.03430079155672823 0.0421875
0 0.5259454705364995 0.6890625 0.03518029903254178 0.05
0 0.5197889182058048 0.65546875 0.03518029903254178 0.0484375
0 0.5105540897097626 0.62265625 0.03781882145998241 0.0453125
0 0.5021987686895338 0.58828125 0.036939313984168866 0.0453125
0 0.2119613016710642 0.83671875 0.024626209322779244 0.0734375
0 0.5738786279683378 0.91484375 0.04309586631486367 0.0515625
0 0.579155672823219 0.95703125 0.044854881266490766 0.0515625
0 0.5853122251539138 0.98203125 0.04309586631486367 0.0359375