0 0.03869832893579595 0.215625 0.01759014951627089 0.071875
0 0.014951627088830254 0.2078125 0.01759014951627089 0.06875
0 0.5677220756376429 0.125 0.016710642040457344 0.071875
0 0.5545294635004399 0.0296875 0.014951627088830254 0.01875
0 0.6675461741424802 0.3984375 0.019349164467897976 0.08125
0 0.693051890941073 0.3953125 0.01759014951627089 0.078125
0 0.7335092348284961 0.39765625 0.01759014951627089 0.0765625
0 0.7757255936675461 0.39609375 0.021108179419525065 0.0765625
0 0.7994722955145118 0.40625 0.019349164467897976 0.075
0 0.8381706244503079 0.4828125 0.03518029903254178 0.03125
0 0.45910290237467016 0.9546875 0.04397537379067722 0.028125
0 0.519349164467898 0.86328125 0.018469656992084433 0.0859375
0 0.5461741424802111 0.8609375 0.019349164467897976 0.0875
0 0.5716798592788038 0.86015625 0.019349164467897976 0.0765625
0 0.6262093227792436 0.859375 0.019349164467897976 0.084375
0 0.9850483729111698 0.37578125 0.02990325417766051 0.0359375
0 0.9824098504837291 0.72265625 0.03518029903254178 0.0390625
0 0.3003518029903255 0.2015625 0.02198768689533861 0.078125