0 0.27616534740545295 0.0578125 0.01759014951627089 0.06875
0 0.2642919964819701 0.46015625 0.018469656992084433 0.0796875
0 0.32409850483729113 0.5296875 0.016710642040457344 0.075
0 0.5092348284960422 0.31328125 0.021108179419525065 0.0671875
0 0.5290237467018469 0.3203125 0.014951627088830254 0.075
0 0.548372911169745 0.32265625 0.020228671943711522 0.0828125
0 0.5690413368513633 0.31015625 0.0158311345646438 0.0609375
0 0.5919085312225154 0.31875 0.021108179419525065 0.071875
0 0.6147757255936676 0.30625 0.019349164467897976 0.075
0 0.6701846965699209 0.40546875 0.03869832893579595 0.0328125
0 0.6605101143359718 0.55390625 0.04221635883905013 0.0296875
0 0.5628847845206685 0.05703125 0.0158311345646438 0.0671875
0 0.9019349164467898 0.946875 0.023746701846965697 0.075
0 0.9270008795074758 0.94765625 0.021108179419525065 0.0671875
0 0.9485488126649076 0.946875 0.018469656992084433 0.06875
0 0.9700967458223395 0.9484375 0.021108179419525065 0.078125
0 0.990325417766051 0.9546875 0.019349164467897976 0.075
0 0.8632365875109939 0.95859375 0.04309586631486367 0.0328125
0 0.12445030782761654 0.90390625 0.020228671943711522 0.0734375
0 0.14511873350923482 0.90546875 0.019349164467897976 0.0796875
0 0.16886543535620052 0.9046875 0.019349164467897976 0.08125
0 0.19261213720316622 0.90546875 0.019349164467897976 0.0765625
0 0.2832014072119613 0.91171875 0.021108179419525065 0.0796875
0 0.3482849604221636 0.91640625 0.019349164467897976 0.0828125
0 0.21591908531222512 0.90390625 0.020228671943711522 0.0734375
0 0.23658751099384345 0.91015625 0.01759014951627089 0.0765625
0 0.25857519788918204 0.91015625 0.01759014951627089 0.0734375
0 0.5479331574318382 0.9234375 0.01759014951627089 0.071875
0 0.5690413368513633 0.9296875 0.019349164467897976 0.078125
0 0.5923482849604221 0.925 0.016710642040457344 0.075
0 0.6134564643799473 0.92890625 0.018469656992084433 0.0765625
0 0.6341248900615655 0.9296875 0.0158311345646438 0.071875
0 0.6556728232189973 0.92890625 0.016710642040457344 0.0765625
0 0.6781002638522428 0.93359375 0.01759014951627089 0.0734375
0 0.7708883025505717 0.93984375 0.020228671943711522 0.0671875
0 0.7440633245382586 0.9390625 0.0158311345646438 0.071875
0 0.7220756376429199 0.9359375 0.01759014951627089 0.075
0 0.6996481970096746 0.93515625 0.018469656992084433 0.0703125
0 0.3702726473175022 0.91953125 0.01759014951627089 0.0671875
0 0.391820580474934 0.921875 0.018469656992084433 0.071875
0 0.41688654353562005 0.92109375 0.019349164467897976 0.0671875
0 0.436235708003518 0.91640625 0.01759014951627089 0.0765625
0 0.4577836411609499 0.92109375 0.020228671943711522 0.0765625
0 0.48284960422163586 0.925 0.019349164467897976 0.0625