0 0.26824978012313105 0.284375 0.019349164467897976 0.075
0 0.3131046613896218 0.28359375 0.01759014951627089 0.0671875
0 0.15919085312225154 0.80078125 0.040457343887423045 0.0328125
0 0.029463500439753737 0.90703125 0.023746701846965697 0.0796875
0 0.021547933157431837 0.0875 0.02198768689533861 0.071875
0 0.7203166226912929 0.55625 0.04221635883905013 0.025
0 0.8799472295514512 0.68125 0.04133685136323659 0.028125
0 0.9797713280562885 0.534375 0.019349164467897976 0.05625
0 0.9573438874230431 0.5390625 0.018469656992084433 0.065625
0 0.8962181178540017 0.53515625 0.014072119613016711 0.0640625
0 0.9133685136323659 0.53671875 0.014951627088830254 0.0671875