0 0.530782761653474 0.81796875 0.03781882145998241 0.0359375
0 0.5329815303430079 0.77734375 0.04221635883905013 0.0390625
0 0.5364995602462621 0.73671875 0.040457343887423045 0.0453125
0 0.5400175901495162 0.696875 0.040457343887423045 0.0375
0 0.5430958663148637 0.66171875 0.04133685136323659 0.0421875
0 0.5488126649076517 0.62421875 0.040457343887423045 0.0453125
0 0.5536499560246262 0.5890625 0.03781882145998241 0.040625
0 0.5576077396657871 0.5484375 0.040457343887423045 0.046875
0 0.6191732629727352 0.02578125 0.04221635883905013 0.0390625
0 0.6152154793315742 0.0625 0.04133685136323659 0.040625
0 0.6072999120492523 0.0984375 0.04133685136323659 0.040625
0 0.5976253298153035 0.21171875 0.03605980650835532 0.0359375
0 0.5914687774846086 0.24921875 0.0395778364116095 0.0421875
0 0.5857519788918206 0.28828125 0.040457343887423045 0.0359375
0 0.5835532102022867 0.3265625 0.03605980650835532 0.0375
0 0.5822339489885664 0.36796875 0.040457343887423045 0.0359375
0 0.5760773966578716 0.40546875 0.03518029903254178 0.0359375
0 0.5708003518029904 0.43828125 0.040457343887423045 0.0421875
0 0.2858399296394019 0.0140625 0.04221635883905013 0.025
0 0.2805628847845207 0.03984375 0.03869832893579595 0.0421875
0 0.27660510114335973 0.071875 0.0395778364116095 0.040625
0 0.3175021987686895 0.52421875 0.036939313984168866 0.0359375
0 0.3654353562005277 0.428125 0.04133685136323659 0.0375
0 0.0158311345646438 0.4171875 0.02990325417766051 0.034375
0 0.05804749340369393 0.4328125 0.03518029903254178 0.0375
0 0.09938434476693052 0.4421875 0.036939313984168866 0.034375