0 0.6007036059806509 0.83984375 0.021108179419525065 0.0765625
0 0.7532981530343008 0.8484375 0.02198768689533861 0.075
0 0.7326297273526825 0.8453125 0.019349164467897976 0.075
0 0.7102022867194371 0.84296875 0.020228671943711522 0.0765625
0 0.6868953386103782 0.83828125 0.021108179419525065 0.0765625
0 0.6666666666666666 0.840625 0.01759014951627089 0.071875
0 0.6455584872471416 0.8375 0.019349164467897976 0.078125
0 0.6213720316622692 0.83828125 0.020228671943711522 0.0734375
0 0.7211961301671065 0.40546875 0.01759014951627089 0.0796875
0 0.7810026385224275 0.475 0.01759014951627089 0.075
0 0.9674582233948988 0.2609375 0.01759014951627089 0.071875
0 0.9872471416007036 0.265625 0.016710642040457344 0.075
0 0.8179419525065963 0.8515625 0.01759014951627089 0.078125
0 0.9498680738786279 0.86171875 0.01759014951627089 0.0703125
0 0.9261213720316622 0.85625 0.021108179419525065 0.071875
0 0.9045734388742305 0.853125 0.016710642040457344 0.071875
0 0.8839050131926122 0.8546875 0.0158311345646438 0.065625
0 0.86103781882146 0.85703125 0.01759014951627089 0.0734375
0 0.8403693931398417 0.85546875 0.020228671943711522 0.0640625
0 0.7304309586631487 0.01640625 0.016710642040457344 0.0296875