0 0.4586631486367634 0.09609375 0.023746701846965697 0.0609375
0 0.5571679859278805 0.359375 0.020228671943711522 0.08125
0 0.581354441512753 0.359375 0.021108179419525065 0.075
0 0.6226912928759895 0.3625 0.019349164467897976 0.075
0 0.6657871591908531 0.3609375 0.01759014951627089 0.078125
0 0.6899736147757257 0.3671875 0.018469656992084433 0.06875
0 0.727792436235708 0.4453125 0.03605980650835532 0.03125
0 0.8715919085312225 0.6828125 0.04221635883905013 0.0375
0 0.9709762532981531 0.68125 0.040457343887423045 0.03125
0 0.8847845206684258 0.33828125 0.04573438874230431 0.0359375
0 0.34564643799472294 0.91875 0.04221635883905013 0.03125
0 0.405452946350044 0.8234375 0.021108179419525065 0.084375
0 0.43271767810026385 0.8234375 0.01759014951627089 0.0875
0 0.4599824098504837 0.8234375 0.019349164467897976 0.078125
0 0.51363236587511 0.82265625 0.021108179419525065 0.0828125
0 0.7172383465259454 0.9671875 0.044854881266490766 0.03125