0 0.27792436235708 0.85703125 0.03869832893579595 0.0328125
0 0.32145998240985046 0.75078125 0.03781882145998241 0.0296875
0 0.048372911169744945 0.83984375 0.04397537379067722 0.0328125
0 0.013632365875109938 0.83984375 0.025505716798592787 0.0359375
0 0.25065963060686014 0.13125 0.019349164467897976 0.06875
0 0.3302550571679859 0.1515625 0.016710642040457344 0.071875
0 0.1917326297273527 0.2296875 0.03869832893579595 0.0375
0 0.19832893579595426 0.26796875 0.04133685136323659 0.0359375
0 0.19393139841688653 0.30703125 0.03430079155672823 0.0296875
0 0.20008795074758134 0.346875 0.04133685136323659 0.034375
0 0.20052770448548812 0.38203125 0.03869832893579595 0.0296875
0 0.19788918205804748 0.41640625 0.040457343887423045 0.0296875
0 0.5408970976253298 0.01875 0.04221635883905013 0.03125
0 0.5395778364116095 0.05703125 0.0395778364116095 0.0359375
0 0.5369393139841688 0.0921875 0.0395778364116095 0.034375
0 0.5167106420404574 0.9765625 0.04133685136323659 0.034375
0 0.521108179419525 0.81640625 0.04309586631486367 0.0421875
0 0.5197889182058048 0.86015625 0.04221635883905013 0.0359375
0 0.5184696569920845 0.896875 0.04133685136323659 0.034375
0 0.5162708883025505 0.9359375 0.04573438874230431 0.0375
0 0.523306948109059 0.70625 0.040457343887423045 0.0375
0 0.5259454705364995 0.665625 0.036939313984168866 0.034375
0 0.5281442392260334 0.628125 0.0395778364116095 0.040625
0 0.5303430079155673 0.46953125 0.036939313984168866 0.0328125
0 0.5263852242744064 0.51171875 0.0395778364116095 0.0359375
0 0.5246262093227793 0.54921875 0.04309586631486367 0.0296875
0 0.5268249780123131 0.58671875 0.03869832893579595 0.0359375
0 0.5299032541776605 0.35859375 0.03781882145998241 0.0296875
0 0.5338610378188214 0.32109375 0.040457343887423045 0.0296875
0 0.5334212840809147 0.28046875 0.03781882145998241 0.0328125
0 0.5343007915567283 0.24296875 0.04133685136323659 0.0265625
0 0.534740545294635 0.20625 0.036939313984168866 0.028125
0 0.5351802990325418 0.1703125 0.03781882145998241 0.034375
0 0.5369393139841688 0.13359375 0.04133685136323659 0.0328125