0 0.016270888302550572 0.81171875 0.020228671943711522 0.0734375
0 0.040897097625329816 0.81171875 0.020228671943711522 0.0796875
0 0.06376429199648197 0.8125 0.018469656992084433 0.078125
0 0.08707124010554089 0.81015625 0.01759014951627089 0.0734375
0 0.10993843447669305 0.81015625 0.021108179419525065 0.0734375
0 0.13280562884784522 0.81328125 0.019349164467897976 0.0765625
0 0.15259454705364994 0.8171875 0.018469656992084433 0.071875
0 0.17810026385224276 0.81640625 0.020228671943711522 0.0734375
0 0.24406332453825857 0.8203125 0.018469656992084433 0.075
0 0.266490765171504 0.8234375 0.01759014951627089 0.065625
0 0.2880386983289358 0.8265625 0.016710642040457344 0.071875
0 0.3131046613896218 0.821875 0.01759014951627089 0.0625
0 0.37994722955145116 0.828125 0.01759014951627089 0.06875
0 0.35576077396657874 0.82578125 0.020228671943711522 0.0734375
0 0.3333333333333333 0.8203125 0.0158311345646438 0.078125
0 0.44547053649956025 0.825 0.016710642040457344 0.075
0 0.46701846965699206 0.83125 0.01759014951627089 0.075
0 0.49120492524186454 0.83203125 0.016710642040457344 0.0734375
0 0.5109938434476693 0.83515625 0.0158311345646438 0.0734375
0 0.5325417766051012 0.83203125 0.014951627088830254 0.0703125
0 0.5527704485488126 0.83203125 0.014951627088830254 0.0734375
0 0.5760773966578716 0.83515625 0.019349164467897976 0.0734375
0 0.5980650835532102 0.8375 0.014072119613016711 0.065625
0 0.6204925241864556 0.8390625 0.018469656992084433 0.071875
0 0.6442392260334213 0.84140625 0.014951627088830254 0.0765625
0 0.6706244503078276 0.840625 0.016710642040457344 0.075
0 0.7634124890061565 0.86328125 0.04397537379067722 0.0328125
0 0.8034300791556728 0.8546875 0.018469656992084433 0.075
0 0.8276165347405453 0.85234375 0.01759014951627089 0.0765625
0 0.8496042216358839 0.85 0.01759014951627089 0.071875
0 0.8931398416886543 0.85703125 0.018469656992084433 0.0703125
0 0.8715919085312225 0.85234375 0.01759014951627089 0.0796875
0 0.9793315743183817 0.85703125 0.018469656992084433 0.0640625
0 0.22251539138082674 0.43984375 0.012313104661389622 0.0578125
0 0.40897097625329815 0.21953125 0.01759014951627089 0.0734375
0 0.4287598944591029 0.225 0.014951627088830254 0.06875
0 0.449868073878628 0.22421875 0.016710642040457344 0.0765625
0 0.46965699208443273 0.2109375 0.01759014951627089 0.059375
0 0.5149516270888302 0.209375 0.018469656992084433 0.06875
0 0.4925241864555849 0.2203125 0.0158311345646438 0.075
0 0.5690413368513633 0.3125 0.03342128408091469 0.03125
0 0.5593667546174143 0.459375 0.04221635883905013 0.03125
0 0.16226912928759896 0.36328125 0.02198768689533861 0.0734375