0 0.785839929639402 0.1609375 0.02198768689533861 0.06875
0 0.886103781882146 0.43125 0.018469656992084433 0.078125
0 0.9085312225153914 0.4296875 0.021108179419525065 0.08125
0 0.9489885664028144 0.434375 0.022867194371152155 0.078125
0 0.9890061565523307 0.43203125 0.02198768689533861 0.0828125
0 0.7409850483729111 0.8921875 0.02198768689533861 0.0875
0 0.7669305189094108 0.8921875 0.019349164467897976 0.084375
0 0.7924362357080035 0.88984375 0.019349164467897976 0.0765625
0 0.8460861917326298 0.8890625 0.024626209322779244 0.084375
0 0.6789797713280563 0.98359375 0.04397537379067722 0.0328125
0 0.5184696569920845 0.43828125 0.016710642040457344 0.0703125
0 0.22119613016710643 0.24296875 0.018469656992084433 0.0671875
0 0.24406332453825857 0.24375 0.018469656992084433 0.059375
0 0.26824978012313105 0.2484375 0.01759014951627089 0.071875
0 0.29155672823219 0.24296875 0.018469656992084433 0.0671875
0 0.22735268249780125 0.03828125 0.016710642040457344 0.0734375
0 0.24494283201407213 0.03203125 0.016710642040457344 0.0578125
0 0.11917326297273527 0.17890625 0.0395778364116095 0.0390625
0 0.11741424802110818 0.2546875 0.0395778364116095 0.028125
0 0.12049252418645559 0.290625 0.04221635883905013 0.034375
0 0.12005277044854881 0.32578125 0.044854881266490766 0.0328125
0 0.12313104661389622 0.3859375 0.04573438874230431 0.034375
0 0.020668425681618294 0.59375 0.0395778364116095 0.034375
0 0.07080035180299032 0.590625 0.04309586631486367 0.03125