0 0.6789797713280563 0.0546875 0.0158311345646438 0.06875
0 0.7308707124010554 0.52109375 0.0158311345646438 0.0765625
0 0.6706244503078276 0.45703125 0.014951627088830254 0.0703125
0 0.5470536499560247 0.88984375 0.0158311345646438 0.0703125
0 0.56948109058927 0.8875 0.018469656992084433 0.08125
0 0.592788038698329 0.88828125 0.0158311345646438 0.0765625
0 0.6152154793315743 0.8859375 0.016710642040457344 0.071875
0 0.637203166226913 0.890625 0.016710642040457344 0.078125
0 0.6578715919085312 0.89140625 0.019349164467897976 0.0796875
0 0.6789797713280563 0.89453125 0.01759014951627089 0.0734375
0 0.7014072119613016 0.89765625 0.018469656992084433 0.0734375
0 0.9819700967458224 0.91796875 0.020228671943711522 0.0765625
0 0.9595426561125769 0.9109375 0.021108179419525065 0.071875
0 0.895778364116095 0.91015625 0.018469656992084433 0.0703125
0 0.8729111697449429 0.90546875 0.020228671943711522 0.0734375
0 0.8518029903254177 0.9 0.016710642040457344 0.075
0 0.830255057167986 0.9046875 0.01759014951627089 0.06875
0 0.8065083553210203 0.9078125 0.019349164467897976 0.065625
0 0.7854001759014951 0.90390625 0.0158311345646438 0.0703125
0 0.7651715039577837 0.89921875 0.0158311345646438 0.0765625
0 0.9133685136323659 0.31328125 0.020228671943711522 0.0703125
0 0.9327176781002638 0.31796875 0.016710642040457344 0.0671875
0 0.9529463500439753 0.31796875 0.018469656992084433 0.0734375
0 0.9722955145118733 0.3078125 0.018469656992084433 0.0625