0 0.4678979771328056 0.74375 0.024626209322779244 0.071875
0 0.38698328935795956 0.78828125 0.022867194371152155 0.0640625
0 0.35356200527704484 0.92421875 0.040457343887423045 0.0515625
0 0.36895338610378187 0.9578125 0.0395778364116095 0.046875
0 0.37467018469656993 0.98671875 0.03342128408091469 0.0265625
0 0.5967458223394899 0.259375 0.027264731750219876 0.078125
0 0.5439753737906772 0.05234375 0.04309586631486367 0.0453125
0 0.5492524186455585 0.08984375 0.04133685136323659 0.0484375
0 0.5567282321899736 0.12734375 0.036939313984168866 0.0390625
0 0.5659630606860159 0.1609375 0.0395778364116095 0.04375
0 0.5756376429199649 0.2 0.04133685136323659 0.05
0 0.6204925241864556 0.41953125 0.0395778364116095 0.0453125
0 0.6323658751099385 0.46796875 0.03518029903254178 0.0453125
0 0.6385224274406333 0.50625 0.04221635883905013 0.05
0 0.6473175021987687 0.5390625 0.036939313984168866 0.0375
0 0.654353562005277 0.578125 0.040457343887423045 0.046875
0 0.6609498680738787 0.6140625 0.04133685136323659 0.046875
0 0.6701846965699209 0.6484375 0.04221635883905013 0.04375
0 0.6798592788038699 0.68515625 0.040457343887423045 0.0453125
0 0.6855760773966578 0.72265625 0.0395778364116095 0.0484375
0 0.6948109058927001 0.76015625 0.040457343887423045 0.0484375
0 0.7018469656992085 0.79375 0.036939313984168866 0.046875
0 0.727792436235708 0.90234375 0.03430079155672823 0.0390625
0 0.7343887423043096 0.94375 0.03869832893579595 0.05
0 0.7396657871591908 0.97734375 0.04397537379067722 0.0453125