0 0.0079155672823219 0.0625 0.014072119613016711 0.075
0 0.14028144239226034 0.3671875 0.03781882145998241 0.0375
0 0.09630606860158311 0.35625 0.03781882145998241 0.0375
0 0.04969217238346526 0.33359375 0.03781882145998241 0.0453125
0 0.40413368513632364 0.35234375 0.04133685136323659 0.0390625
0 0.3562005277044855 0.4453125 0.040457343887423045 0.0375
0 0.648636763412489 0.01796875 0.04133685136323659 0.0328125
0 0.6358839050131926 0.12734375 0.03869832893579595 0.0328125
0 0.6301671064204045 0.165625 0.04133685136323659 0.04375
0 0.6248900615655233 0.20390625 0.04309586631486367 0.0328125
0 0.623570800351803 0.23984375 0.03518029903254178 0.0359375
0 0.6222515391380826 0.28359375 0.04133685136323659 0.0390625
0 0.6147757255936676 0.31796875 0.03869832893579595 0.0390625
0 0.6108179419525066 0.35703125 0.0395778364116095 0.0421875
0 0.5954265611257695 0.46484375 0.04221635883905013 0.0421875
0 0.5932277924362357 0.50859375 0.03781882145998241 0.0359375
0 0.588830255057168 0.5421875 0.0395778364116095 0.034375
0 0.5822339489885664 0.58046875 0.040457343887423045 0.0359375
0 0.5795954265611257 0.615625 0.04221635883905013 0.0375
0 0.5787159190853123 0.6546875 0.04221635883905013 0.040625
0 0.5734388742304309 0.69453125 0.040457343887423045 0.0390625
0 0.5703605980650835 0.73203125 0.03781882145998241 0.0359375