0 0.46130167106420406 0.09375 0.0395778364116095 0.04375
0 0.45910290237467016 0.16953125 0.03869832893579595 0.0328125
0 0.46130167106420406 0.209375 0.0395778364116095 0.03125
0 0.4599824098504837 0.24453125 0.040457343887423045 0.0328125
0 0.46262093227792433 0.3015625 0.040457343887423045 0.03125
0 0.5628847845206685 0.15546875 0.019349164467897976 0.0734375
0 0.5853122251539138 0.15703125 0.016710642040457344 0.0671875
0 0.6059806508355321 0.1609375 0.01759014951627089 0.078125
0 0.6306068601583114 0.16015625 0.019349164467897976 0.0828125
0 0.41512752858399293 0.50625 0.03869832893579595 0.034375
0 0.3627968337730871 0.5078125 0.04133685136323659 0.03125
0 0.3065083553210202 0.509375 0.0395778364116095 0.03125
0 0.1424802110817942 0.74375 0.04221635883905013 0.034375
0 0.8500439753737907 0.3640625 0.018469656992084433 0.078125