0 0.772207563764292 0.4203125 0.019349164467897976 0.071875
0 0.7071240105540897 0.3609375 0.01759014951627089 0.075
0 0.6037818821459981 0.80625 0.018469656992084433 0.075
0 0.6257695690413368 0.80390625 0.020228671943711522 0.0828125
0 0.6490765171503958 0.80078125 0.021108179419525065 0.0734375
0 0.6723834652594547 0.79921875 0.018469656992084433 0.0734375
0 0.6921723834652594 0.79765625 0.021108179419525065 0.0796875
0 0.7150395778364116 0.79609375 0.01759014951627089 0.0765625
0 0.7352682497801232 0.796875 0.01759014951627089 0.071875
0 0.7594547053649956 0.79453125 0.02198768689533861 0.0734375
0 0.9529463500439753 0.7828125 0.020228671943711522 0.065625
0 0.8218997361477572 0.78984375 0.02198768689533861 0.0765625
0 0.8434476693051891 0.79140625 0.01759014951627089 0.0671875
0 0.8891820580474934 0.7875 0.01759014951627089 0.06875
0 0.8645558487247142 0.79296875 0.021108179419525065 0.0734375
0 0.9098504837291117 0.78046875 0.018469656992084433 0.0796875
0 0.93051890941073 0.7828125 0.019349164467897976 0.071875
0 0.9481090589270009 0.18203125 0.021108179419525065 0.0703125
0 0.9674582233948988 0.18671875 0.01759014951627089 0.0734375
0 0.9881266490765171 0.18203125 0.020228671943711522 0.0796875