0 0.3403693931398417 0.0109375 0.014072119613016711 0.01875
0 0.23482849604221637 0.121875 0.03869832893579595 0.03125
0 0.23306948109058928 0.1984375 0.040457343887423045 0.034375
0 0.23350923482849603 0.2359375 0.04309586631486367 0.028125
0 0.2357080035180299 0.275 0.040457343887423045 0.034375
0 0.23746701846965698 0.33359375 0.04397537379067722 0.0296875
0 0.33641160949868076 0.19296875 0.020228671943711522 0.0703125
0 0.40501319261213714 0.19453125 0.018469656992084433 0.0671875
0 0.3817062445030783 0.19453125 0.01759014951627089 0.0703125
0 0.36015831134564646 0.1890625 0.018469656992084433 0.06875
0 0.07827616534740545 0.5390625 0.04221635883905013 0.03125
0 0.13412489006156553 0.534375 0.0395778364116095 0.03125
0 0.1882145998240985 0.5390625 0.04221635883905013 0.034375
0 0.6279683377308707 0.39375 0.022867194371152155 0.071875
0 0.8962181178540017 0.10625 0.022867194371152155 0.071875
0 0.7911169744942832 0.9265625 0.04309586631486367 0.028125
0 0.851363236587511 0.8359375 0.022867194371152155 0.084375
0 0.8786279683377308 0.8375 0.021108179419525065 0.084375
0 0.9573438874230431 0.83359375 0.025505716798592787 0.0859375
0 0.9036939313984169 0.83203125 0.020228671943711522 0.0734375