0 0.4098504837291117 0.4046875 0.019349164467897976 0.075
0 0.6754617414248021 0.17421875 0.019349164467897976 0.0734375
0 0.7757255936675461 0.44609375 0.021108179419525065 0.0796875
0 0.8016710642040458 0.44375 0.016710642040457344 0.075
0 0.8425681618293756 0.44765625 0.021108179419525065 0.0734375
0 0.8839050131926122 0.446875 0.01759014951627089 0.075
0 0.907211961301671 0.4578125 0.016710642040457344 0.071875
0 0.6310466138962181 0.91171875 0.020228671943711522 0.0859375
0 0.6578715919085312 0.91328125 0.019349164467897976 0.0890625
0 0.6816182937554969 0.9078125 0.019349164467897976 0.075
0 0.737467018469657 0.9125 0.023746701846965697 0.090625
0 0.1534740545294635 0.265625 0.018469656992084433 0.075
0 0.014511873350923483 0.40625 0.027264731750219876 0.03125
0 0.014511873350923483 0.34453125 0.027264731750219876 0.0296875
0 0.013192612137203167 0.1953125 0.024626209322779244 0.03125
0 0.013192612137203167 0.2734375 0.024626209322779244 0.034375
0 0.014072119613016711 0.3109375 0.026385224274406333 0.034375
0 0.10554089709762533 0.26015625 0.019349164467897976 0.0703125
0 0.1297273526824978 0.25390625 0.018469656992084433 0.0703125
0 0.13236587510993844 0.0421875 0.020228671943711522 0.059375
0 0.17678100263852242 0.2609375 0.0158311345646438 0.075
0 0.11257695690413369 0.0484375 0.01759014951627089 0.075
0 0.9472295514511874 0.5375 0.03869832893579595 0.03125