0 0.2616534740545295 0.5125 0.023746701846965697 0.06875
0 0.3438874230430959 0.484375 0.022867194371152155 0.071875
0 0.22427440633245382 0.64375 0.03869832893579595 0.046875
0 0.2357080035180299 0.67578125 0.040457343887423045 0.0453125
0 0.24142480211081793 0.71640625 0.032541776605101144 0.0421875
0 0.26297273526824977 0.81796875 0.040457343887423045 0.0421875
0 0.2594547053649956 0.7859375 0.040457343887423045 0.04375
0 0.25285839929639403 0.7484375 0.04133685136323659 0.04375
0 0.6310466138962181 0.8984375 0.0395778364116095 0.046875
0 0.5932277924362357 0.6734375 0.03605980650835532 0.040625
0 0.5980650835532103 0.71328125 0.03869832893579595 0.0453125
0 0.6029023746701847 0.75078125 0.0395778364116095 0.0453125
0 0.6112576956904133 0.78515625 0.03869832893579595 0.0390625
0 0.6222515391380826 0.82265625 0.0395778364116095 0.0453125
0 0.6262093227792436 0.86171875 0.03518029903254178 0.0421875
0 0.5716798592788038 0.56171875 0.036939313984168866 0.0421875
0 0.4938434476693052 0.03359375 0.023746701846965697 0.0640625
0 0.5109938434476693 0.184375 0.040457343887423045 0.04375
0 0.5184696569920845 0.23203125 0.03605980650835532 0.0390625
0 0.5228671943711521 0.2703125 0.04133685136323659 0.05
0 0.5299032541776605 0.3078125 0.0395778364116095 0.040625
0 0.5356200527704486 0.34453125 0.03869832893579595 0.0453125
0 0.5413368513632366 0.38359375 0.0395778364116095 0.0421875
0 0.5492524186455585 0.42109375 0.04309586631486367 0.0484375
0 0.554089709762533 0.45390625 0.03518029903254178 0.0453125
0 0.5606860158311345 0.4859375 0.0395778364116095 0.046875
0 0.5686015831134564 0.5234375 0.03781882145998241 0.040625
0 0.1011433597185576 0.815625 0.03869832893579595 0.040625