0 0.41908531222515394 0.896875 0.02198768689533861 0.0625
0 0.49868073878627966 0.85078125 0.026385224274406333 0.0734375
0 0.22163588390501318 0.0796875 0.026385224274406333 0.071875
0 0.6270888302550571 0.3671875 0.026385224274406333 0.071875
0 0.6521547933157432 0.52578125 0.0395778364116095 0.0453125
0 0.6635883905013192 0.57265625 0.03430079155672823 0.0421875
0 0.6710642040457344 0.60703125 0.03869832893579595 0.0484375
0 0.6789797713280563 0.6453125 0.036939313984168866 0.046875
0 0.6877748460861918 0.684375 0.036939313984168866 0.04375
0 0.6926121372031663 0.721875 0.03781882145998241 0.04375
0 0.7022867194371152 0.75703125 0.0395778364116095 0.0484375
0 0.7110817941952506 0.79140625 0.04133685136323659 0.0484375
0 0.7172383465259454 0.8265625 0.0395778364116095 0.05
0 0.7273526824978013 0.865625 0.040457343887423045 0.05
0 0.7326297273526825 0.903125 0.03869832893579595 0.046875
0 0.5408970976253298 0.021875 0.036939313984168866 0.040625
0 0.5743183817062445 0.15546875 0.040457343887423045 0.0421875
0 0.5813544415127528 0.19609375 0.040457343887423045 0.0515625
0 0.5870712401055409 0.2328125 0.0395778364116095 0.046875
0 0.5958663148636764 0.26796875 0.04133685136323659 0.0484375
0 0.6081794195250658 0.30625 0.04309586631486367 0.046875