0 0.7141600703605981 0.0296875 0.019349164467897976 0.05625
0 0.7075637642919965 0.43125 0.016710642040457344 0.071875
0 0.7656112576956904 0.49921875 0.018469656992084433 0.0734375
0 0.9507475813544415 0.284375 0.021108179419525065 0.06875
0 0.9696569920844327 0.2890625 0.016710642040457344 0.071875
0 0.9907651715039578 0.290625 0.018469656992084433 0.075
0 0.5839929639401935 0.8625 0.019349164467897976 0.075
0 0.6068601583113457 0.8625 0.021108179419525065 0.08125
0 0.6306068601583114 0.8625 0.019349164467897976 0.075
0 0.6517150395778364 0.8609375 0.01759014951627089 0.071875
0 0.6728232189973615 0.859375 0.019349164467897976 0.078125
0 0.6952506596306068 0.86484375 0.02198768689533861 0.0828125
0 0.7145998240985049 0.86796875 0.018469656992084433 0.0703125
0 0.7392260334212842 0.86875 0.02198768689533861 0.078125
0 0.9322779243623571 0.8859375 0.0158311345646438 0.06875
0 0.909410729991205 0.8796875 0.021108179419525065 0.078125
0 0.8896218117854002 0.87734375 0.016710642040457344 0.0765625
0 0.8676341248900615 0.8796875 0.014951627088830254 0.071875
0 0.8456464379947229 0.88203125 0.020228671943711522 0.0734375
0 0.8232189973614775 0.8765625 0.019349164467897976 0.06875
0 0.8016710642040458 0.8734375 0.018469656992084433 0.075
0 0.9938434476693052 0.8875 0.012313104661389622 0.06875