0 0.1759014951627089 0.15390625 0.04397537379067722 0.0328125
0 0.17546174142480211 0.22734375 0.044854881266490766 0.0296875
0 0.1772207563764292 0.26796875 0.04309586631486367 0.0328125
0 0.17766051011433598 0.30234375 0.04397537379067722 0.0296875
0 0.18073878627968337 0.36171875 0.04309586631486367 0.0296875
0 0.27660510114335973 0.2171875 0.020228671943711522 0.06875
0 0.3491644678979771 0.22265625 0.0158311345646438 0.0703125
0 0.3254177660510114 0.2234375 0.0158311345646438 0.071875
0 0.3021108179419525 0.215625 0.018469656992084433 0.075
0 0.02198768689533861 0.56953125 0.04221635883905013 0.0328125
0 0.0760773966578716 0.5671875 0.04309586631486367 0.03125
0 0.1310466138962181 0.56796875 0.040457343887423045 0.0296875
0 0.5743183817062445 0.421875 0.01759014951627089 0.06875
0 0.841688654353562 0.1359375 0.022867194371152155 0.071875
0 0.9639401934916447 0.40390625 0.021108179419525065 0.0796875
0 0.9410729991204925 0.40859375 0.014072119613016711 0.0734375
0 0.899736147757256 0.86484375 0.024626209322779244 0.0828125
0 0.8460861917326298 0.8640625 0.019349164467897976 0.078125
0 0.8223394898856641 0.86640625 0.019349164467897976 0.0828125
0 0.7955145118733509 0.8640625 0.018469656992084433 0.084375
0 0.7343887423043096 0.95546875 0.04221635883905013 0.0296875