0 0.3289357959542656 0.02421875 0.019349164467897976 0.0453125
0 0.3293755496921723 0.0890625 0.016710642040457344 0.071875
0 0.31706244503078274 0.48984375 0.020228671943711522 0.0734375
0 0.37906772207563766 0.55703125 0.01759014951627089 0.0734375
0 0.1789797713280563 0.93359375 0.018469656992084433 0.0734375
0 0.20140721196130168 0.93359375 0.019349164467897976 0.0796875
0 0.2264731750219877 0.93359375 0.016710642040457344 0.0734375
0 0.2497801231310466 0.934375 0.01759014951627089 0.071875
0 0.2704485488126649 0.9359375 0.018469656992084433 0.075
0 0.3135444151275285 0.93984375 0.016710642040457344 0.0703125
0 0.3386103781882146 0.940625 0.019349164467897976 0.078125
0 0.29331574318381703 0.93671875 0.020228671943711522 0.0765625
0 0.40369393139841686 0.94375 0.01759014951627089 0.075
0 0.42480211081794195 0.94921875 0.01759014951627089 0.0609375
0 0.46965699208443273 0.95 0.01759014951627089 0.0625
0 0.44591029023746703 0.953125 0.0158311345646438 0.071875
0 0.49120492524186454 0.94609375 0.014951627088830254 0.0734375
0 0.5131926121372031 0.95 0.018469656992084433 0.071875
0 0.5351802990325418 0.95546875 0.016710642040457344 0.0640625
0 0.6015831134564644 0.9546875 0.01759014951627089 0.071875
0 0.6240105540897097 0.959375 0.016710642040457344 0.078125
0 0.6459982409850483 0.959375 0.016710642040457344 0.065625
0 0.6675461741424802 0.9609375 0.019349164467897976 0.075
0 0.6886543535620053 0.959375 0.01759014951627089 0.071875
0 0.7102022867194371 0.959375 0.016710642040457344 0.071875
0 0.7532981530343008 0.9640625 0.016710642040457344 0.06875
0 0.7313104661389622 0.96171875 0.020228671943711522 0.0671875
0 0.7739665787159191 0.9640625 0.019349164467897976 0.071875
0 0.7955145118733509 0.9640625 0.020228671943711522 0.071875
0 0.8249780123131046 0.965625 0.01759014951627089 0.06875
0 0.9155672823218998 0.98671875 0.04925241864555849 0.0265625
0 0.9560246262093228 0.96796875 0.019349164467897976 0.0640625
0 0.9802110817941952 0.96953125 0.020228671943711522 0.0609375
0 0.5624450307827616 0.346875 0.020228671943711522 0.071875
0 0.5822339489885664 0.35234375 0.01759014951627089 0.0734375
0 0.6024626209322779 0.35 0.0158311345646438 0.075
0 0.6218117854001759 0.33984375 0.01759014951627089 0.0609375
0 0.6442392260334213 0.346875 0.02198768689533861 0.075
0 0.6675461741424802 0.334375 0.019349164467897976 0.065625
0 0.7242744063324539 0.4375 0.03430079155672823 0.03125
0 0.7137203166226913 0.584375 0.04133685136323659 0.034375
0 0.6174142480211082 0.08984375 0.01759014951627089 0.0671875