0 0.34564643799472294 0.69140625 0.024626209322779244 0.0671875
0 0.4248021108179419 0.64921875 0.026385224274406333 0.0734375
0 0.3117854001759015 0.82734375 0.03781882145998241 0.0453125
0 0.3245382585751979 0.86015625 0.040457343887423045 0.0453125
0 0.33201407211961304 0.9015625 0.03605980650835532 0.04375
0 0.34564643799472294 0.93203125 0.04221635883905013 0.0546875
0 0.35312225153913807 0.965625 0.04133685136323659 0.046875
0 0.3579595426561126 0.9859375 0.040457343887423045 0.028125
0 0.5087950747581355 0.01171875 0.048372911169744945 0.0203125
0 0.51363236587511 0.034375 0.04221635883905013 0.040625
0 0.5246262093227793 0.07109375 0.03781882145998241 0.0484375
0 0.5329815303430079 0.10703125 0.040457343887423045 0.0453125
0 0.5545294635004397 0.16875 0.025505716798592787 0.078125
0 0.579155672823219 0.32578125 0.03781882145998241 0.0421875
0 0.590589270008795 0.3734375 0.03605980650835532 0.040625
0 0.5954265611257695 0.4109375 0.040457343887423045 0.046875
0 0.6020228671943711 0.446875 0.0395778364116095 0.04375
0 0.6112576956904133 0.48359375 0.040457343887423045 0.0453125
0 0.6182937554969217 0.5203125 0.036939313984168866 0.04375
0 0.6257695690413368 0.55625 0.03781882145998241 0.04375
0 0.6328056288478452 0.58984375 0.04133685136323659 0.0484375
0 0.6424802110817942 0.6234375 0.0395778364116095 0.046875
0 0.6521547933157432 0.66015625 0.04309586631486367 0.0421875
0 0.658311345646438 0.69765625 0.0395778364116095 0.0421875
0 0.6838170624450308 0.80390625 0.03605980650835532 0.0421875
0 0.6908531222515392 0.84609375 0.0395778364116095 0.0453125
0 0.6978891820580475 0.8828125 0.04133685136323659 0.05
0 0.7075637642919966 0.9171875 0.03781882145998241 0.04375
0 0.7189973614775725 0.9546875 0.03781882145998241 0.05
0 0.7216358839050132 0.98359375 0.04133685136323659 0.0328125