0 0.36015831134564646 0.159375 0.018469656992084433 0.06875
0 0.420844327176781 0.15390625 0.016710642040457344 0.0609375
0 0.4441512752858399 0.1609375 0.0158311345646438 0.075
0 0.465259454705365 0.14921875 0.019349164467897976 0.0703125
0 0.3997361477572559 0.16328125 0.016710642040457344 0.0765625
0 0.3786279683377309 0.165625 0.016710642040457344 0.06875
0 0.5215479331574319 0.25390625 0.0316622691292876 0.0328125
0 0.5127528583992964 0.39765625 0.040457343887423045 0.0296875
0 0.11301671064204045 0.3078125 0.018469656992084433 0.075
0 0.1723834652594547 0.38515625 0.014072119613016711 0.0578125
0 0.014072119613016711 0.753125 0.021108179419525065 0.075
0 0.036939313984168866 0.7515625 0.021108179419525065 0.075
0 0.0584872471416007 0.7546875 0.02198768689533861 0.078125
0 0.0822339489885664 0.75390625 0.020228671943711522 0.0765625
0 0.12576956904133685 0.759375 0.021108179419525065 0.071875
0 0.10246262093227793 0.7578125 0.016710642040457344 0.071875
0 0.19349164467897978 0.76171875 0.019349164467897976 0.0765625
0 0.2167985927880387 0.76640625 0.018469656992084433 0.0640625
0 0.23878627968337732 0.7703125 0.018469656992084433 0.071875
0 0.26341248900615655 0.76640625 0.018469656992084433 0.0671875
0 0.28452066842568163 0.7609375 0.014951627088830254 0.071875
0 0.306948109058927 0.76796875 0.01759014951627089 0.0703125
0 0.32937554969217236 0.76953125 0.018469656992084433 0.0640625
0 0.39665787159190846 0.76875 0.01759014951627089 0.071875
0 0.4182058047493404 0.775 0.014951627088830254 0.075
0 0.44239226033421286 0.7734375 0.01759014951627089 0.071875
0 0.4621811785400176 0.77421875 0.016710642040457344 0.0734375
0 0.484608619173263 0.775 0.0158311345646438 0.06875
0 0.5052770448548812 0.77578125 0.014951627088830254 0.0703125
0 0.5281442392260334 0.77890625 0.018469656992084433 0.0703125
0 0.5505716798592788 0.78046875 0.01759014951627089 0.0703125
0 0.5725593667546174 0.78125 0.0158311345646438 0.071875
0 0.5941072999120492 0.78359375 0.016710642040457344 0.0703125
0 0.623570800351803 0.7828125 0.01759014951627089 0.078125
0 0.7150395778364116 0.803125 0.04397537379067722 0.03125
0 0.7550571679859279 0.7953125 0.016710642040457344 0.078125
0 0.7792436235708003 0.79375 0.01759014951627089 0.071875
0 0.8016710642040458 0.790625 0.016710642040457344 0.075
0 0.8240985048372911 0.79453125 0.0158311345646438 0.0703125
0 0.8452066842568162 0.7984375 0.01759014951627089 0.075
0 0.9291996481970096 0.79375 0.016710642040457344 0.071875
0 0.9731750219876869 0.8046875 0.02198768689533861 0.065625
0 0.9934036939313984 0.80703125 0.013192612137203167 0.0671875