0 0.23043095866314864 0.28984375 0.026385224274406333 0.0765625
0 0.5074758135444152 0.01875 0.040457343887423045 0.034375
0 0.5123131046613896 0.04609375 0.0395778364116095 0.0484375
0 0.5206684256816183 0.08125 0.03518029903254178 0.04375
0 0.5263852242744064 0.1140625 0.03781882145998241 0.04375
0 0.5351802990325418 0.14921875 0.03781882145998241 0.0421875
0 0.5505716798592788 0.22265625 0.03342128408091469 0.0453125
0 0.5809146877748461 0.3640625 0.0395778364116095 0.04375
0 0.588830255057168 0.40078125 0.0395778364116095 0.0484375
0 0.5941072999120492 0.43984375 0.04133685136323659 0.0453125
0 0.6046613896218118 0.47421875 0.0395778364116095 0.0453125
0 0.6143359718557607 0.515625 0.04309586631486367 0.05
0 0.6367634124890061 0.57421875 0.026385224274406333 0.0734375
0 0.6609498680738787 0.73671875 0.04133685136323659 0.0515625
0 0.6741424802110818 0.784375 0.03781882145998241 0.046875
0 0.6824978012313104 0.8203125 0.03518029903254178 0.05
0 0.6882145998240985 0.85703125 0.03605980650835532 0.0453125
0 0.6965699208443272 0.89921875 0.040457343887423045 0.0453125
0 0.7036059806508356 0.9328125 0.03869832893579595 0.046875
0 0.7115215479331575 0.97109375 0.04221635883905013 0.0484375