0 0.36103781882145997 0.528125 0.04661389621811785 0.034375
0 0.41688654353562005 0.52421875 0.040457343887423045 0.0265625
0 0.46965699208443273 0.52421875 0.03869832893579595 0.0328125
0 0.5158311345646438 0.11015625 0.04133685136323659 0.0390625
0 0.51363236587511 0.18671875 0.040457343887423045 0.0359375
0 0.5140721196130167 0.225 0.04133685136323659 0.03125
0 0.5158311345646438 0.26171875 0.03781882145998241 0.0328125
0 0.5167106420404574 0.32109375 0.04133685136323659 0.0296875
0 0.6165347405452947 0.17421875 0.0158311345646438 0.0671875
0 0.6398416886543535 0.17578125 0.016710642040457344 0.0640625
0 0.6640281442392261 0.18203125 0.0158311345646438 0.0703125
0 0.6864555848724714 0.1796875 0.016710642040457344 0.071875
0 0.9041336851363236 0.38046875 0.021108179419525065 0.0734375
0 0.19788918205804748 0.7609375 0.040457343887423045 0.034375