0 0.2700087950747581 0.28359375 0.019349164467897976 0.0734375
0 0.31618293755496923 0.2875 0.018469656992084433 0.075
0 0.16051011433597184 0.803125 0.04309586631486367 0.040625
0 0.02550571679859279 0.9109375 0.0158311345646438 0.071875
0 0.021547933157431837 0.09140625 0.020228671943711522 0.0703125
0 0.7211961301671064 0.55625 0.04221635883905013 0.028125
0 0.9001759014951628 0.53359375 0.013192612137203167 0.0609375
0 0.9164467897977133 0.5375 0.0158311345646438 0.065625
0 0.9393139841688655 0.5375 0.019349164467897976 0.06875
0 0.9604221635883905 0.5359375 0.021108179419525065 0.06875
0 0.9819700967458224 0.53046875 0.020228671943711522 0.0578125