0 0.2247141600703606 0.1234375 0.02198768689533861 0.071875
0 0.22383465259454705 0.04375 0.020228671943711522 0.06875
0 0.1820580474934037 0.2046875 0.04397537379067722 0.0375
0 0.1838170624450308 0.24375 0.04397537379067722 0.03125
0 0.18425681618293754 0.284375 0.0395778364116095 0.034375
0 0.012313104661389622 0.5578125 0.022867194371152155 0.034375
0 0.07783641160949868 0.8171875 0.025505716798592787 0.08125
0 0.11917326297273527 0.8171875 0.018469656992084433 0.084375
0 0.42172383465259455 0.7671875 0.04133685136323659 0.028125
0 0.5795954265611257 0.5375 0.04397537379067722 0.03125
0 0.635004397537379 0.5328125 0.04397537379067722 0.0375
0 0.6882145998240985 0.53046875 0.0395778364116095 0.0359375
0 0.9058927000879508 0.1890625 0.0158311345646438 0.078125
0 0.8808267370272648 0.19609375 0.018469656992084433 0.0734375
0 0.8583992963940194 0.18359375 0.0158311345646438 0.0703125
0 0.8359718557607739 0.1875 0.020228671943711522 0.065625
0 0.7462620932277925 0.27265625 0.016710642040457344 0.0328125
0 0.7431838170624451 0.1984375 0.01759014951627089 0.028125
0 0.7458223394898856 0.23828125 0.0158311345646438 0.0296875
0 0.7467018469656992 0.121875 0.0158311345646438 0.03125
0 0.8390501319261213 0.0125 0.0158311345646438 0.021875