0 0.013192612137203167 0.1421875 0.024626209322779244 0.065625
0 0.09322779243623569 0.03828125 0.02990325417766051 0.0671875
0 0.05980650835532102 0.14296875 0.0316622691292876 0.0703125
0 0.048372911169744945 0.19453125 0.02990325417766051 0.0609375
0 0.15127528583992964 0.2703125 0.026385224274406333 0.06875
0 0.1345646437994723 0.5421875 0.02990325417766051 0.075
0 0.23966578715919085 0.340625 0.03781882145998241 0.053125
0 0.30211081794195255 0.47890625 0.04133685136323659 0.0640625
0 0.09234828496042216 0.7875 0.04221635883905013 0.05625
0 0.11917326297273527 0.85390625 0.03781882145998241 0.0546875
0 0.12884784520668427 0.8890625 0.03781882145998241 0.05625
0 0.6618293755496921 0.75546875 0.04133685136323659 0.0546875