0 0.23043095866314864 0.27578125 0.019349164467897976 0.0640625
0 0.3117854001759015 0.2765625 0.018469656992084433 0.06875
0 0.18073878627968337 0.3890625 0.03605980650835532 0.040625
0 0.18733509234828497 0.4234375 0.040457343887423045 0.034375
0 0.18953386103781883 0.4671875 0.032541776605101144 0.028125
0 0.19744942832014073 0.5015625 0.04133685136323659 0.028125
0 0.20052770448548812 0.53515625 0.03869832893579595 0.0296875
0 0.19876868953386104 0.5734375 0.040457343887423045 0.03125
0 0.34564643799472294 0.8703125 0.040457343887423045 0.034375
0 0.31354441512752856 0.98828125 0.04133685136323659 0.0234375
0 0.5074758135444152 0.04296875 0.03869832893579595 0.0296875
0 0.5109938434476693 0.09296875 0.03518029903254178 0.0265625
0 0.5127528583992964 0.12890625 0.03869832893579595 0.0359375
0 0.5149516270888302 0.1671875 0.03430079155672823 0.028125
0 0.5171503957783641 0.20546875 0.03518029903254178 0.0328125
0 0.5167106420404574 0.2453125 0.03430079155672823 0.03125
0 0.5197889182058048 0.2828125 0.03869832893579595 0.034375
0 0.5219876868953386 0.31796875 0.03781882145998241 0.0359375
0 0.5237467018469657 0.35546875 0.03781882145998241 0.0328125
0 0.5281442392260334 0.39453125 0.03781882145998241 0.0328125
0 0.5268249780123131 0.43125 0.036939313984168866 0.034375
0 0.5536499560246262 0.8921875 0.0395778364116095 0.040625
0 0.5545294635004397 0.93515625 0.03781882145998241 0.0328125
0 0.5562884784520669 0.971875 0.0395778364116095 0.0375
0 0.5351802990325418 0.54375 0.03781882145998241 0.028125
0 0.5364995602462621 0.58515625 0.036939313984168866 0.0328125
0 0.5373790677220757 0.6234375 0.04221635883905013 0.028125
0 0.5413368513632367 0.6578125 0.03605980650835532 0.025
0 0.5457343887423043 0.69921875 0.03781882145998241 0.0359375
0 0.5474934036939314 0.740625 0.03430079155672823 0.03125
0 0.5479331574318381 0.77890625 0.040457343887423045 0.0328125
0 0.036499560246262094 0.51015625 0.02198768689533861 0.0328125