0 0.4023746701846966 0.9265625 0.04133685136323659 0.03125
0 0.4648197009674582 0.83359375 0.020228671943711522 0.0859375
0 0.49076517150395776 0.834375 0.019349164467897976 0.084375
0 0.5167106420404574 0.8328125 0.020228671943711522 0.071875
0 0.5708003518029904 0.83203125 0.021108179419525065 0.0859375
0 0.5140721196130167 0.096875 0.020228671943711522 0.075
0 0.61169744942832 0.36953125 0.018469656992084433 0.0703125
0 0.6376429199648197 0.36796875 0.019349164467897976 0.0765625
0 0.6776605101143359 0.37265625 0.018469656992084433 0.0671875
0 0.723834652594547 0.36875 0.01759014951627089 0.08125
0 0.747141600703606 0.3796875 0.018469656992084433 0.071875
0 0.7845206684256816 0.45625 0.03518029903254178 0.028125
0 0.9406332453825857 0.34921875 0.048372911169744945 0.0359375
0 0.9296394019349165 0.6953125 0.04221635883905013 0.03125
0 0.7735268249780123 0.9765625 0.04133685136323659 0.03125
0 0.24142480211081793 0.06796875 0.023746701846965697 0.0734375