0 0.5219876868953386 0.0421875 0.025505716798592787 0.08125
0 0.5488126649076517 0.03359375 0.026385224274406333 0.0640625
0 0.5729991204925242 0.02421875 0.02198768689533861 0.0453125
0 0.6218117854001759 0.01171875 0.024626209322779244 0.0203125
0 0.4841688654353562 0.1546875 0.0395778364116095 0.046875
0 0.8218997361477572 0.16328125 0.027264731750219876 0.0734375
0 0.820580474934037 0.01875 0.03869832893579595 0.034375
0 0.866754617414248 0.13125 0.029023746701846966 0.071875
0 0.8443271767810027 0.14609375 0.026385224274406333 0.0671875
0 0.48812664907651715 0.46875 0.040457343887423045 0.040625
0 0.49604221635883905 0.5046875 0.03869832893579595 0.04375
0 0.5008795074758136 0.54140625 0.0395778364116095 0.0484375
0 0.5083553210202286 0.5765625 0.03342128408091469 0.0375
0 0.5145118733509235 0.61484375 0.03869832893579595 0.0453125
0 0.525065963060686 0.65 0.03869832893579595 0.04375
0 0.5299032541776605 0.68515625 0.044854881266490766 0.0453125
0 0.5395778364116095 0.72421875 0.03605980650835532 0.0421875
0 0.5452946350043976 0.75625 0.040457343887423045 0.04375
0 0.5527704485488126 0.79453125 0.0395778364116095 0.0421875
0 0.5672823218997362 0.86953125 0.03518029903254178 0.0421875
0 0.23702726473175023 0.94296875 0.023746701846965697 0.0734375