0 0.06376429199648197 0.8328125 0.020228671943711522 0.08125
0 0.021547933157431837 0.840625 0.020228671943711522 0.075
0 0.167985927880387 0.06484375 0.0158311345646438 0.0703125
0 0.1284080914687775 0.225 0.04573438874230431 0.0375
0 0.13060686015831136 0.26328125 0.0395778364116095 0.0359375
0 0.13060686015831136 0.3046875 0.0395778364116095 0.03125
0 0.3676341248900616 0.78828125 0.040457343887423045 0.0296875
0 0.5268249780123131 0.5546875 0.040457343887423045 0.03125
0 0.5813544415127528 0.54765625 0.04221635883905013 0.0390625
0 0.6345646437994723 0.55078125 0.0395778364116095 0.0296875
0 0.6912928759894459 0.14375 0.022867194371152155 0.03125
0 0.6873350923482849 0.215625 0.02198768689533861 0.025
0 0.6899736147757256 0.2546875 0.023746701846965697 0.028125
0 0.6899736147757256 0.29140625 0.025505716798592787 0.0328125
0 0.6926121372031663 0.34765625 0.023746701846965697 0.0265625
0 0.8060686015831134 0.20390625 0.018469656992084433 0.0734375
0 0.828056288478452 0.2109375 0.016710642040457344 0.065625
0 0.8518029903254177 0.2078125 0.016710642040457344 0.071875
0 0.7814423922603342 0.20546875 0.018469656992084433 0.0703125
0 0.7854001759014951 0.01875 0.01759014951627089 0.034375
0 0.8082673702726473 0.01484375 0.0158311345646438 0.0265625
0 0.16754617414248021 0.13671875 0.018469656992084433 0.0734375