0 0.8922603342128408 0.1859375 0.0395778364116095 0.028125
0 0.2405452946350044 0.09375 0.016710642040457344 0.071875
0 0.26077396657871593 0.103125 0.016710642040457344 0.075
0 0.32497801231310464 0.09296875 0.016710642040457344 0.0734375
0 0.3469656992084433 0.084375 0.018469656992084433 0.06875
0 0.3034300791556728 0.0890625 0.01759014951627089 0.059375
0 0.281882145998241 0.09921875 0.016710642040457344 0.0765625
0 0.40281442392260336 0.1875 0.03342128408091469 0.03125
0 0.39489885664028146 0.334375 0.04221635883905013 0.03125
0 0.007475813544415127 0.69375 0.013192612137203167 0.075
0 0.06728232189973615 0.6953125 0.02198768689533861 0.078125
0 0.09058927000879508 0.7046875 0.019349164467897976 0.065625
0 0.113896218117854 0.70546875 0.020228671943711522 0.0765625
0 0.13852242744063326 0.70234375 0.018469656992084433 0.0671875
0 0.1600703605980651 0.7 0.0158311345646438 0.078125
0 0.18293755496921724 0.703125 0.021108179419525065 0.075
0 0.20756376429199647 0.709375 0.019349164467897976 0.06875
0 0.27440633245382584 0.7078125 0.019349164467897976 0.06875
0 0.29507475813544415 0.7125 0.016710642040457344 0.075
0 0.3201407211961302 0.71171875 0.0158311345646438 0.0734375
0 0.3412489006156552 0.715625 0.019349164467897976 0.078125
0 0.3627968337730871 0.7109375 0.016710642040457344 0.075
0 0.386103781882146 0.7125 0.01759014951627089 0.075
0 0.4080914687774846 0.71328125 0.01759014951627089 0.0671875
0 0.4309586631486368 0.71953125 0.0158311345646438 0.0671875
0 0.45382585751978893 0.71875 0.0158311345646438 0.075
0 0.47493403693931396 0.71796875 0.0158311345646438 0.0734375
0 0.5043975373790677 0.71953125 0.016710642040457344 0.0734375
0 0.5971855760773966 0.73984375 0.04397537379067722 0.0296875
0 0.6376429199648197 0.73125 0.01759014951627089 0.078125
0 0.6627088830255057 0.73046875 0.016710642040457344 0.0734375
0 0.6842568161829375 0.72890625 0.0158311345646438 0.0796875
0 0.706684256816183 0.73125 0.016710642040457344 0.078125
0 0.7273526824978013 0.73671875 0.019349164467897976 0.0765625
0 0.8122251539138082 0.7328125 0.020228671943711522 0.065625
0 0.8562005277044855 0.73984375 0.018469656992084433 0.0703125
0 0.8781882145998242 0.74296875 0.016710642040457344 0.0703125
0 0.8988566402814424 0.7421875 0.019349164467897976 0.071875
0 0.9195250659630607 0.7421875 0.018469656992084433 0.071875
0 0.9397537379067722 0.746875 0.020228671943711522 0.071875
0 0.9608619173262972 0.74375 0.020228671943711522 0.071875
0 0.9832893579595426 0.7453125 0.019349164467897976 0.0625