0 0.6759014951627089 0.0140625 0.016710642040457344 0.025
0 0.5703605980650835 0.128125 0.04309586631486367 0.034375
0 0.5686015831134564 0.2015625 0.03605980650835532 0.034375
0 0.5712401055408971 0.24140625 0.03605980650835532 0.0296875
0 0.5712401055408971 0.27890625 0.03781882145998241 0.0296875
0 0.6715039577836411 0.1921875 0.014951627088830254 0.071875
0 0.6948109058927001 0.1890625 0.019349164467897976 0.06875
0 0.7189973614775725 0.19765625 0.016710642040457344 0.0734375
0 0.7409850483729111 0.1953125 0.018469656992084433 0.075
0 0.5738786279683378 0.3375 0.03605980650835532 0.03125
0 0.41776605101143355 0.54296875 0.04397537379067722 0.0328125
0 0.4727352682497801 0.53828125 0.044854881266490766 0.0390625
0 0.5241864555848724 0.54140625 0.03869832893579595 0.0359375
0 0.2532981530343008 0.7765625 0.040457343887423045 0.03125
0 0.016710642040457344 0.2125 0.0316622691292876 0.034375
0 0.016270888302550572 0.25078125 0.030782761653474055 0.0328125
0 0.016270888302550572 0.2890625 0.030782761653474055 0.028125
0 0.04925241864555849 0.04765625 0.01759014951627089 0.0703125
0 0.051011433597185574 0.12734375 0.0158311345646438 0.0671875
0 0.0395778364116095 0.7859375 0.0316622691292876 0.03125