0 0.23526824978012312 0.1828125 0.025505716798592787 0.071875
0 0.5123131046613896 0.96640625 0.029023746701846966 0.0671875
0 0.5321020228671943 0.01875 0.036939313984168866 0.034375
0 0.5404573438874231 0.04609375 0.03605980650835532 0.0421875
0 0.5549692172383466 0.1203125 0.03342128408091469 0.04375
0 0.5866314863676341 0.26328125 0.03869832893579595 0.0453125
0 0.5923482849604222 0.2984375 0.04309586631486367 0.05
0 0.5989445910290239 0.334375 0.040457343887423045 0.04375
0 0.609938434476693 0.36875 0.0395778364116095 0.046875
0 0.6187335092348285 0.4078125 0.0395778364116095 0.05
0 0.6398416886543534 0.46953125 0.027264731750219876 0.0765625
0 0.6640281442392261 0.6296875 0.040457343887423045 0.040625
0 0.6772207563764292 0.67890625 0.036939313984168866 0.0453125
0 0.6855760773966578 0.71328125 0.0395778364116095 0.0515625
0 0.693051890941073 0.75078125 0.036939313984168866 0.0453125
0 0.7005277044854882 0.78984375 0.03781882145998241 0.0484375
0 0.706684256816183 0.82734375 0.04133685136323659 0.0484375
0 0.7159190853122253 0.865625 0.03869832893579595 0.04375
0 0.7216358839050132 0.9015625 0.04309586631486367 0.053125
0 0.7304309586631487 0.934375 0.04309586631486367 0.046875
0 0.7414248021108181 0.97109375 0.04221635883905013 0.0484375