0 0.13500439753737906 0.803125 0.020228671943711522 0.078125
0 0.17546174142480211 0.7953125 0.018469656992084433 0.08125
0 0.05760773966578716 0.540625 0.04133685136323659 0.03125
0 0.0505716798592788 0.71875 0.04309586631486367 0.034375
0 0.12576956904133685 0.6765625 0.047493403693931395 0.040625
0 0.23790677220756376 0.1890625 0.04309586631486367 0.0375
0 0.24010554089709762 0.2296875 0.040457343887423045 0.03125
0 0.23966578715919085 0.2734375 0.03781882145998241 0.03125
0 0.2752858399296394 0.0328125 0.024626209322779244 0.0625
0 0.2783641160949868 0.11015625 0.023746701846965697 0.0765625
0 0.47537379067722074 0.7453125 0.0395778364116095 0.028125
0 0.6319261213720316 0.51640625 0.04133685136323659 0.0296875
0 0.6882145998240985 0.5140625 0.04309586631486367 0.03125
0 0.7409850483729111 0.5140625 0.0395778364116095 0.03125
0 0.8007915567282322 0.2515625 0.011433597185576077 0.03125
0 0.8003518029903254 0.2140625 0.010554089709762533 0.025
0 0.9331574318381706 0.1734375 0.01759014951627089 0.06875
0 0.9577836411609498 0.16953125 0.01759014951627089 0.0703125
0 0.9085312225153914 0.1609375 0.021108179419525065 0.071875
0 0.7990325417766051 0.1765625 0.009674582233948988 0.01875
0 0.8025505716798593 0.1046875 0.009674582233948988 0.028125
0 0.8887423043095867 0.16875 0.013192612137203167 0.075