0 0.6508355321020228 0.08203125 0.028144239226033423 0.0734375
0 0.51363236587511 0.2515625 0.040457343887423045 0.04375
0 0.5532102022867195 0.1375 0.026385224274406333 0.078125
0 0.5787159190853123 0.1265625 0.024626209322779244 0.075
0 0.5998240985048373 0.1109375 0.024626209322779244 0.06875
0 0.519349164467898 0.56875 0.03605980650835532 0.040625
0 0.5255057167985928 0.60234375 0.03605980650835532 0.0453125
0 0.5329815303430079 0.640625 0.040457343887423045 0.04375
0 0.5378188214599824 0.675 0.03430079155672823 0.04375
0 0.5461741424802111 0.7140625 0.036939313984168866 0.04375
0 0.55584872471416 0.75390625 0.03869832893579595 0.0484375
0 0.5611257695690414 0.7921875 0.04221635883905013 0.046875
0 0.5681618293755497 0.8296875 0.036939313984168866 0.04375
0 0.5769569041336852 0.86015625 0.04221635883905013 0.0453125
0 0.5857519788918206 0.89921875 0.036939313984168866 0.0484375
0 0.5998240985048373 0.97578125 0.03518029903254178 0.0484375
0 0.8535620052770448 0.10859375 0.0395778364116095 0.0453125
0 0.8975373790677221 0.2328125 0.027264731750219876 0.08125
0 0.87467018469657 0.24765625 0.025505716798592787 0.0734375
0 0.8535620052770448 0.2640625 0.027264731750219876 0.075