0 0.15127528583992964 0.14140625 0.051011433597185574 0.0578125
0 0.19349164467897978 0.2796875 0.03518029903254178 0.046875
0 0.218117854001759 0.3875 0.04925241864555849 0.065625
0 0.22867194371152155 0.4203125 0.04397537379067722 0.053125
0 0.2357080035180299 0.45546875 0.03342128408091469 0.0453125
0 0.2532981530343008 0.48359375 0.04221635883905013 0.0546875
0 0.25549692172383465 0.52421875 0.04309586631486367 0.0515625
0 0.36103781882145997 0.228125 0.03781882145998241 0.053125
0 0.3201407211961302 0.2703125 0.03518029903254178 0.053125
0 0.3302550571679859 0.309375 0.03781882145998241 0.05
0 0.34740545294635006 0.3296875 0.03869832893579595 0.05
0 0.3496042216358839 0.3734375 0.032541776605101144 0.046875
0 0.3654353562005277 0.40234375 0.03781882145998241 0.0546875
0 0.3729111697449428 0.4375 0.036939313984168866 0.053125
0 0.3940193491644679 0.32734375 0.03869832893579595 0.0515625
0 0.4063324538258575 0.35703125 0.036939313984168866 0.0484375
0 0.41116974494283204 0.39609375 0.0395778364116095 0.0546875
0 0.3843447669305189 0.290625 0.036939313984168866 0.053125
0 0.3021108179419525 0.03046875 0.03430079155672823 0.0484375
0 0.26033421284080915 0.06796875 0.03518029903254178 0.0515625
0 0.272207563764292 0.1015625 0.03605980650835532 0.053125
0 0.28891820580474936 0.16875 0.0395778364116095 0.053125
0 0.2994722955145119 0.20234375 0.03781882145998241 0.0484375
0 0.3095866314863676 0.234375 0.04221635883905013 0.053125
0 0.31926121372031663 0.09140625 0.03342128408091469 0.0484375
0 0.3997361477572559 0.01953125 0.03605980650835532 0.0359375
0 0.4239226033421284 0.07578125 0.03869832893579595 0.0515625
0 0.43271767810026385 0.11015625 0.040457343887423045 0.0546875
0 0.44239226033421286 0.14765625 0.040457343887423045 0.0578125
0 0.4758135444151275 0.2390625 0.036939313984168866 0.046875
0 0.4810905892700088 0.27578125 0.04397537379067722 0.0578125
0 0.5048372911169745 0.340625 0.040457343887423045 0.053125
0 0.5228671943711521 0.40859375 0.03781882145998241 0.0546875
0 0.5681618293755497 0.36328125 0.03518029903254178 0.0484375
0 0.5435356200527706 0.2953125 0.040457343887423045 0.053125
0 0.5343007915567283 0.2625 0.0395778364116095 0.059375
0 0.5167106420404574 0.19296875 0.03781882145998241 0.0546875
0 0.5065963060686016 0.1609375 0.036939313984168866 0.053125
0 0.4973614775725594 0.13046875 0.032541776605101144 0.0484375
0 0.48768689533861037 0.10078125 0.04309586631486367 0.0609375
0 0.47537379067722074 0.059375 0.03605980650835532 0.05
0 0.5677220756376429 0.02265625 0.03605980650835532 0.0421875
0 0.5782761653474054 0.04609375 0.032541776605101144 0.0484375
0 0.588830255057168 0.0828125 0.0395778364116095 0.05625
0 0.5971855760773968 0.1171875 0.036939313984168866 0.05
0 0.6103781882145998 0.1484375 0.040457343887423045 0.05625
0 0.6196130167106421 0.1796875 0.03781882145998241 0.05625
0 0.6310466138962181 0.21484375 0.0395778364116095 0.0546875
0 0.6407211961301671 0.25 0.03781882145998241 0.05625
0 0.6508355321020228 0.28046875 0.03869832893579595 0.0546875
0 0.6591908531222516 0.08203125 0.027264731750219876 0.0640625
0 0.7515391380826737 0.23359375 0.03781882145998241 0.0578125
0 0.7629727352682498 0.26484375 0.04133685136323659 0.0515625
0 0.7713280562884784 0.2984375 0.036939313984168866 0.046875
0 0.783641160949868 0.34453125 0.036939313984168866 0.0453125
0 0.6767810026385225 0.3484375 0.030782761653474055 0.046875
0 0.6868953386103782 0.3875 0.03518029903254178 0.05
0 0.7000879507475813 0.41640625 0.04221635883905013 0.0515625
0 0.7211961301671064 0.4875 0.036939313984168866 0.05
0 0.7286719437115216 0.51875 0.0395778364116095 0.05
0 0.7392260334212841 0.55546875 0.04309586631486367 0.0484375
0 0.6701846965699209 0.66171875 0.036939313984168866 0.0484375
0 0.679419525065963 0.69921875 0.0395778364116095 0.0546875
0 0.7005277044854882 0.7671875 0.04309586631486367 0.05
0 0.6605101143359718 0.81171875 0.03518029903254178 0.0484375
0 0.6134564643799473 0.67578125 0.04133685136323659 0.0546875
0 0.4920844327176781 0.621875 0.0395778364116095 0.05
0 0.5070360598065083 0.64921875 0.03430079155672823 0.0484375
0 0.5131926121372031 0.6890625 0.03781882145998241 0.05
0 0.5246262093227793 0.7203125 0.03605980650835532 0.04375
0 0.5364995602462621 0.759375 0.03342128408091469 0.05625
0 0.43051890941073 0.9046875 0.03605980650835532 0.05
0 0.4371152154793316 0.93984375 0.036939313984168866 0.0578125
0 0.4824098504837291 0.89921875 0.03605980650835532 0.0484375
0 0.4630606860158311 0.82421875 0.03605980650835532 0.0578125
0 0.44195250659630614 0.75546875 0.03781882145998241 0.0578125
0 0.5905892700087951 0.925 0.0395778364116095 0.053125
0 0.7154793315743184 0.9703125 0.03430079155672823 0.0375
0 0.7449428320140722 0.90078125 0.03342128408091469 0.0515625
0 0.7255936675461742 0.8328125 0.036939313984168866 0.053125
0 0.7348284960422163 0.86640625 0.0395778364116095 0.0640625
0 0.9815303430079155 0.1984375 0.03518029903254178 0.071875
0 0.9916446789797714 0.353125 0.016710642040457344 0.06875
0 0.872471416007036 0.25 0.03342128408091469 0.04375
0 0.8834652594547053 0.3546875 0.0395778364116095 0.03125
0 0.8781882145998241 0.296875 0.0395778364116095 0.05625
0 0.8183817062445031 0.58828125 0.032541776605101144 0.0671875
0 0.7581354441512753 0.625 0.03869832893579595 0.053125
0 0.7757255936675461 0.65390625 0.036939313984168866 0.0546875
0 0.785839929639402 0.68359375 0.03430079155672823 0.0515625
0 0.8043095866314863 0.75078125 0.0395778364116095 0.0578125
0 0.8425681618293756 0.84453125 0.036939313984168866 0.0578125
0 0.9230430958663148 0.95859375 0.03430079155672823 0.0734375
0 0.9058927000879508 0.975 0.0316622691292876 0.05
0 0.8839050131926122 0.98515625 0.022867194371152155 0.0296875
0 0.9085312225153914 0.846875 0.03342128408091469 0.075
0 0.8737906772207564 0.7359375 0.030782761653474055 0.075
0 0.8430079155672823 0.646875 0.025505716798592787 0.065625