0 0.5109938434476693 0.0828125 0.0316622691292876 0.078125
0 0.5356200527704486 0.078125 0.0316622691292876 0.075
0 0.5492524186455585 0.05 0.02198768689533861 0.053125
0 0.5699208443271768 0.03671875 0.0316622691292876 0.0703125
0 0.590589270008795 0.0296875 0.029023746701846966 0.05625
0 0.8579595426561126 0.0265625 0.04309586631486367 0.05
0 0.862796833773087 0.0640625 0.04573438874230431 0.053125
0 0.8755496921723835 0.0984375 0.04309586631486367 0.05625
0 0.8896218117854002 0.12890625 0.03781882145998241 0.0484375
0 0.9001759014951627 0.1640625 0.04309586631486367 0.053125
0 0.9085312225153914 0.19921875 0.040457343887423045 0.0546875
0 0.9217238346525946 0.22734375 0.0316622691292876 0.0390625
0 0.9335971855760774 0.26015625 0.0395778364116095 0.0546875
0 0.9454705364995603 0.29375 0.03869832893579595 0.05625
0 0.9569041336851363 0.32578125 0.04573438874230431 0.0609375
0 0.969217238346526 0.36015625 0.04573438874230431 0.0546875
0 0.8412489006156553 0.29765625 0.030782761653474055 0.0703125
0 0.7673702726473175 0.08671875 0.027264731750219876 0.0609375
0 0.7897977132805628 0.15546875 0.028144239226033423 0.0703125
0 0.7563764291996482 0.19453125 0.028144239226033423 0.0609375
0 0.748900615655233 0.10703125 0.030782761653474055 0.0640625
0 0.7110817941952506 0.14140625 0.027264731750219876 0.0671875
0 0.6943711521547933 0.15390625 0.030782761653474055 0.0703125
0 0.6723834652594547 0.175 0.029023746701846966 0.06875
0 0.6547933157431838 0.19921875 0.029023746701846966 0.0640625
0 0.6767810026385225 0.26796875 0.032541776605101144 0.0703125
0 0.6424802110817942 0.30859375 0.029023746701846966 0.0671875
0 0.6213720316622692 0.3296875 0.029023746701846966 0.06875
0 0.6055408970976254 0.3484375 0.025505716798592787 0.065625
0 0.5822339489885664 0.3625 0.03342128408091469 0.06875
0 0.5602462620932278 0.296875 0.028144239226033423 0.071875
0 0.579155672823219 0.28046875 0.030782761653474055 0.0671875
0 0.594547053649956 0.24765625 0.024626209322779244 0.0640625
0 0.6191732629727352 0.2453125 0.02990325417766051 0.06875
0 0.6341248900615655 0.2171875 0.0316622691292876 0.06875
0 0.5756376429199648 0.5640625 0.032541776605101144 0.06875
0 0.6046613896218118 0.64453125 0.025505716798592787 0.0578125
0 0.4569041336851363 0.503125 0.029023746701846966 0.078125
0 0.4397537379067722 0.53515625 0.028144239226033423 0.0640625
0 0.4212840809146878 0.5484375 0.028144239226033423 0.06875
0 0.3988566402814424 0.5625 0.029023746701846966 0.06875
0 0.42744063324538256 0.725 0.0316622691292876 0.075
0 0.525065963060686 0.72265625 0.028144239226033423 0.0765625
0 0.04001759014951627 0.67109375 0.025505716798592787 0.0703125
0 0.0633245382585752 0.6515625 0.02990325417766051 0.075
0 0.08047493403693931 0.6265625 0.02198768689533861 0.06875
0 0.10202286719437115 0.61953125 0.028144239226033423 0.0578125
0 0.12049252418645559 0.59140625 0.028144239226033423 0.0703125
0 0.06420404573438875 0.7453125 0.03342128408091469 0.071875
0 0.08619173262972735 0.721875 0.028144239226033423 0.0625
0 0.10466138962181179 0.69609375 0.028144239226033423 0.0609375
0 0.1820580474934037 0.62578125 0.02990325417766051 0.0671875
0 0.1996481970096746 0.6 0.026385224274406333 0.0625
0 0.21767810026385223 0.5859375 0.030782761653474055 0.06875
0 0.28671943711521547 0.68359375 0.0316622691292876 0.0609375
0 0.3808267370272647 0.584375 0.02990325417766051 0.059375
0 0.35883905013192613 0.35234375 0.024626209322779244 0.0640625
0 0.3817062445030783 0.4171875 0.0316622691292876 0.06875
0 0.34212840809146877 0.45546875 0.02990325417766051 0.0671875
0 0.3051890941072999 0.48828125 0.028144239226033423 0.0671875
0 0.2774846086191733 0.40625 0.027264731750219876 0.071875
0 0.2959542656112577 0.38984375 0.027264731750219876 0.0671875
0 0.33421284080914687 0.3578125 0.028144239226033423 0.071875
0 0.3496042216358839 0.80546875 0.029023746701846966 0.0703125
0 0.37423043095866315 0.884375 0.029023746701846966 0.071875
0 0.5035180299032542 0.73984375 0.030782761653474055 0.0765625
0 0.41160949868073876 0.840625 0.026385224274406333 0.071875
0 0.4331574318381706 0.8296875 0.029023746701846966 0.065625
0 0.4494283201407212 0.80625 0.024626209322779244 0.059375
0 0.4687774846086192 0.78828125 0.026385224274406333 0.0640625
0 0.4872471416007036 0.76015625 0.026385224274406333 0.0734375
0 0.3386103781882146 0.92734375 0.02990325417766051 0.0703125
0 0.31882145998240985 0.94375 0.029023746701846966 0.078125
0 0.2994722955145119 0.9625 0.029023746701846966 0.06875
0 0.25725593667546176 0.90703125 0.025505716798592787 0.0609375
0 0.6130167106420404 0.83828125 0.026385224274406333 0.0578125
0 0.5901495162708883 0.85859375 0.028144239226033423 0.0765625
0 0.5756376429199648 0.88359375 0.03430079155672823 0.0765625
0 0.534740545294635 0.9171875 0.02990325417766051 0.075
0 0.5158311345646438 0.93828125 0.025505716798592787 0.0671875
0 0.4973614775725594 0.95390625 0.029023746701846966 0.0703125
0 0.4542656112576957 0.9765625 0.023746701846965697 0.046875
0 0.6530343007915568 0.79140625 0.032541776605101144 0.0703125
0 0.19393139841688653 0.7828125 0.032541776605101144 0.06875
0 0.20800351802990324 0.75859375 0.029023746701846966 0.0671875
0 0.2264731750219877 0.74296875 0.03430079155672823 0.0703125
0 0.6723834652594547 0.77265625 0.03430079155672823 0.0703125
0 0.6899736147757256 0.75625 0.030782761653474055 0.075
0 0.7097625329815304 0.734375 0.0316622691292876 0.065625
0 0.7282321899736148 0.71484375 0.0316622691292876 0.0734375
0 0.747141600703606 0.69296875 0.030782761653474055 0.0703125
0 0.7660510114335972 0.67578125 0.0316622691292876 0.0703125
0 0.7827616534740546 0.65625 0.028144239226033423 0.0625
0 0.8038698328935796 0.63671875 0.03518029903254178 0.0671875
0 0.7660510114335972 0.80546875 0.03869832893579595 0.0546875
0 0.8043095866314863 0.76640625 0.03430079155672823 0.0515625
0 0.8562005277044855 0.7109375 0.03781882145998241 0.053125
0 0.8588390501319261 0.575 0.03430079155672823 0.071875
0 0.8966578715919086 0.665625 0.0395778364116095 0.059375
0 0.820580474934037 0.61328125 0.03342128408091469 0.0734375
0 0.9793315743183817 0.39296875 0.04133685136323659 0.0546875
0 0.9881266490765171 0.4296875 0.023746701846965697 0.046875
0 0.9912049252418645 0.46796875 0.01759014951627089 0.0359375
0 0.9173262972735268 0.51640625 0.03342128408091469 0.0765625
0 0.8988566402814424 0.53515625 0.0316622691292876 0.0734375
0 0.8803869832893579 0.5578125 0.024626209322779244 0.053125
0 0.8021108179419525 0.33515625 0.024626209322779244 0.0734375
0 0.8267370272647317 0.41796875 0.02990325417766051 0.0640625
0 0.8412489006156553 0.39140625 0.030782761653474055 0.0671875
0 0.8693931398416886 0.37734375 0.025505716798592787 0.0515625
0 0.7678100263852242 0.378125 0.0316622691292876 0.071875
0 0.6152154793315743 0.528125 0.032541776605101144 0.071875
0 0.6525945470536499 0.48671875 0.02990325417766051 0.0703125
0 0.6750219876868954 0.4765625 0.032541776605101144 0.0625
0 0.7242744063324539 0.41171875 0.03430079155672823 0.0734375
0 0.7467018469656992 0.39765625 0.03342128408091469 0.0703125
0 0.6420404573438874 0.60234375 0.02990325417766051 0.0671875
0 0.6605101143359718 0.58046875 0.02990325417766051 0.0734375
0 0.6987686895338611 0.54765625 0.030782761653474055 0.0796875
0 0.7189973614775725 0.52578125 0.027264731750219876 0.0640625
0 0.7370272647317502 0.51171875 0.028144239226033423 0.0703125
0 0.7541776605101144 0.49140625 0.03430079155672823 0.0796875
0 0.7726473175021987 0.46640625 0.030782761653474055 0.0703125
0 0.683377308707124 0.97109375 0.02990325417766051 0.0578125
0 0.6609498680738787 0.98125 0.027264731750219876 0.0375
0 0.63896218117854 0.98671875 0.020228671943711522 0.0265625
0 0.11257695690413369 0.89296875 0.03869832893579595 0.0546875
0 0.10158311345646438 0.85625 0.04133685136323659 0.05
0 0.12049252418645559 0.92890625 0.03342128408091469 0.0546875
0 0.13192612137203166 0.9609375 0.03518029903254178 0.05625
0 0.1534740545294635 0.978125 0.03781882145998241 0.04375