0 0.0009666666666666667 0.0015833333333333333 0.000044444444444444447 0.00018333333333333334
0 0.0010222222222222223 0.0015833333333333333 0.000044444444444444447 0.00018333333333333334
0 0.0006111111111111112 0.0015999999999999999 0.000033333333333333335 0.00015
0 0.0006555555555555555 0.0015999999999999999 0.00005555555555555556 0.0001666666666666667
0 0.9183333333333333 0.5519 0.039044444444444444 0.12381666666666667
0 0.8724555555555557 0.5546500000000001 0.03888888888888889 0.11571666666666668
0 0.8245222222222223 0.5579833333333334 0.03698888888888889 0.12238333333333334
0 0.5305555555555556 0.5625 0.04666666666666667 0.13166666666666665
0 0.7764333333333333 0.5638166666666667 0.03793333333333333 0.12381666666666667
0 0.7280111111111112 0.5741666666666667 0.03475555555555555 0.11715
0 0.6276222222222222 0.5760666666666666 0.032855555555555555 0.11856666666666667
0 0.6776222222222222 0.5760666666666666 0.03571111111111111 0.11881666666666668
0 0.5442888888888889 0.06201666666666667 0.03666666666666667 0.11571666666666668
0 0.9694444444444444 0.9358333333333333 0.02666666666666667 0.12833333333333333
0 0.7768222222222222 0.9402999999999999 0.036033333333333334 0.1194
0 0.8273 0.9422 0.03921111111111111 0.1156
0 0.8738555555555556 0.9442666666666666 0.03711111111111111 0.11146666666666666
0 0.9201111111111111 0.9453166666666668 0.0425 0.10938333333333333
0 0.5966444444444444 0.9552166666666667 0.04696666666666667 0.08958333333333333
0 0.5494666666666667 0.9557333333333334 0.037333333333333336 0.08855
0 0.3511111111111111 0.9741666666666666 0.09111111111111111 0.04666666666666667