0 0.047455555555555556 0.18261666666666665 0.08126666666666667 0.06666666666666667
0 0.9488888888888889 0.2145166666666667 0.07253333333333334 0.05595
0 0.2788888888888889 0.0325 0.07777777777777778 0.06333333333333334
0 0.9011111111111111 0.3595166666666667 0.08634444444444443 0.06643333333333333
0 0.7838888888888889 0.40166666666666667 0.08587777777777779 0.07881666666666666
0 0.9573777777777778 0.42833333333333334 0.08381111111111111 0.05761666666666667
0 0.8220666666666667 0.46465 0.08856666666666665 0.06143333333333333
0 0.7053111111111111 0.48606666666666665 0.08063333333333332 0.05238333333333333
0 0.5754 0.5029833333333333 0.08555555555555555 0.05405
0 0.13944444444444445 0.05333333333333334 0.08428888888888889 0.058333333333333334
0 0.8127 0.5370166666666666 0.08492222222222223 0.0581
0 0.46674444444444446 0.05631666666666667 0.0734888888888889 0.11261666666666666
0 0.6222222222222222 0.5633333333333334 0.21444444444444444 0.09833333333333333
0 0.8774555555555555 0.61965 0.12666666666666668 0.06548333333333334
0 0.41388888888888886 0.6216666666666667 0.07777777777777778 0.06166666666666667
0 0.19936666666666666 0.6460666666666667 0.08348888888888889 0.054766666666666665
0 0.7413444444444445 0.6532166666666667 0.07222222222222222 0.05
0 0.04555555555555556 0.06738333333333334 0.08444444444444445 0.05976666666666666
0 0.5698444444444445 0.6716666666666666 0.08587777777777779 0.056666666666666664
0 0.2908777777777778 0.13965000000000002 0.08714444444444445 0.06261666666666667
0 0.18904444444444443 0.15940000000000001 0.08523333333333333 0.059283333333333334