0 0.7406333333333334 0.35964999999999997 0.07507777777777777 0.07356666666666667
0 0.4230111111111111 0.37606666666666666 0.08063333333333332 0.07214999999999999
0 0.3287333333333333 0.5160666666666667 0.0915888888888889 0.07214999999999999
0 0.5505555555555556 0.53655 0.042222222222222223 0.12476666666666666
0 0.33555555555555555 0.6083333333333333 0.08444444444444445 0.04833333333333333
0 0.3472222222222222 0.6783333333333333 0.052222222222222225 0.06
0 0.35333333333333333 0.7533333333333333 0.056666666666666664 0.05333333333333334
0 0.3605555555555556 0.805 0.07 0.05333333333333334
0 0.4961111111111111 0.8191666666666667 0.03111111111111111 0.03333333333333333
0 0.4483333333333333 0.8266666666666667 0.02 0.041666666666666664
0 0.35388888888888886 0.875 0.08 0.056666666666666664