0 0.00030000000000000003 0.0016333333333333332 0.00008888888888888889 0.00011666666666666668
0 0.49944444444444447 0.22583333333333333 0.04888888888888889 0.13166666666666665
0 0.45484444444444444 0.26571666666666666 0.05032222222222222 0.12381666666666667
0 0.3975444444444445 0.2726166666666667 0.050633333333333336 0.13238333333333335
0 0.10666666666666667 0.030833333333333334 0.04111111111111111 0.06166666666666667
0 0.3476222222222222 0.30310000000000004 0.04888888888888889 0.12666666666666668
0 0.3005555555555556 0.3275 0.04111111111111111 0.12833333333333333
0 0.23865555555555554 0.33988333333333337 0.052066666666666664 0.11715
0 0.14222222222222222 0.37083333333333335 0.04888888888888889 0.13166666666666665
0 0.049444444444444444 0.0425 0.043333333333333335 0.085
0 0.09222222222222222 0.41833333333333333 0.05555555555555555 0.12333333333333334
0 0.023555555555555555 0.4537166666666667 0.04368888888888889 0.11758333333333333
0 0.5133333333333333 0.5866666666666667 0.043333333333333335 0.12166666666666667
0 0.4622222222222222 0.6108333333333333 0.04111111111111111 0.13166666666666665
0 0.40444444444444444 0.6491666666666667 0.044444444444444446 0.13
0 0.3572222222222222 0.6783333333333333 0.04666666666666667 0.13666666666666666
0 0.30333333333333334 0.705 0.05555555555555555 0.12333333333333334
0 0.2561111111111111 0.7238166666666667 0.04618888888888889 0.10643333333333334
0 0.20785555555555554 0.7334499999999999 0.04936666666666667 0.12118333333333332