0 0.6923777777777778 0.2497666666666667 0.039844444444444446 0.14
0 0.7359555555555556 0.2722666666666667 0.03651111111111111 0.11785
0 0.6011111111111112 0.051666666666666666 0.08 0.04833333333333333
0 0.5727777777777778 0.6741666666666667 0.14666666666666667 0.06833333333333333
0 0.41944444444444445 0.7275 0.08777777777777777 0.07
0 0.2504 0.7441666666666666 0.07745555555555556 0.05595
0 0.15833333333333333 0.7533333333333333 0.08333333333333333 0.055
0 0.43785555555555555 0.86285 0.07634444444444444 0.055233333333333336
0 0.2922222222222222 0.8697666666666667 0.07777777777777778 0.043333333333333335
0 0.1645222222222222 0.8906000000000001 0.0854 0.055
0 0.02131111111111111 0.9117833333333334 0.04262222222222222 0.056433333333333335