0 0.0011 0.0012833333333333334 0.00005555555555555556 0.00018333333333333334
0 0.0006555555555555555 0.0015833333333333333 0.00005555555555555556 0.00018333333333333334
0 0.0006000000000000001 0.0015999999999999999 0.000033333333333333335 0.00013333333333333334
0 0.00030000000000000003 0.0016166666666666666 0.000044444444444444447 0.00011666666666666668
0 0.0005333333333333334 0.0016166666666666666 0.00005555555555555556 0.00011666666666666668
0 0.7033333333333334 0.175 0.05333333333333334 0.14
0 0.6476222222222222 0.18916666666666668 0.05444444444444444 0.12951666666666667
0 0.06555555555555556 0.20083333333333334 0.07777777777777778 0.06833333333333333
0 0.5995222222222223 0.21678333333333333 0.05651111111111111 0.12428333333333332
0 0.9893555555555555 0.22353333333333333 0.021277777777777777 0.12625
0 0.55 0.23916666666666667 0.06333333333333334 0.13666666666666666
0 0.8944444444444445 0.2708333333333333 0.056666666666666664 0.12333333333333334
0 0.48944444444444446 0.028333333333333332 0.0811111111111111 0.056666666666666664
0 0.845 0.28583333333333333 0.051111111111111114 0.135
0 0.7394444444444445 0.29583333333333334 0.051111111111111114 0.12166666666666667
0 0.45134444444444444 0.30689999999999995 0.0608 0.1342833333333333
0 0.6975444444444444 0.31201666666666666 0.05237777777777778 0.12476666666666666
0 0.40555555555555556 0.32083333333333336 0.057777777777777775 0.135
0 0.3472222222222222 0.335 0.04888888888888889 0.10833333333333334
0 0.30666666666666664 0.3616666666666667 0.04555555555555556 0.11833333333333333
0 0.6071444444444444 0.3747666666666667 0.0519 0.12643333333333334
0 0.13277777777777777 0.39916666666666667 0.04777777777777778 0.12166666666666667
0 0.2511111111111111 0.4008333333333333 0.044444444444444446 0.10666666666666667
0 0.19833333333333333 0.41 0.042222222222222223 0.12333333333333334
0 0.55 0.4141666666666667 0.05 0.11666666666666667
0 0.44555555555555554 0.43666666666666665 0.056666666666666664 0.11833333333333333
0 0.07388888888888889 0.43666666666666665 0.05555555555555555 0.12
0 0.5033333333333333 0.43833333333333335 0.04777777777777778 0.12
0 0.03111111111111111 0.4533333333333333 0.06222222222222222 0.12833333333333333
0 0.39166666666666666 0.4725 0.03777777777777778 0.10333333333333333
0 0.3372222222222222 0.4925 0.06666666666666667 0.13
0 0.29055555555555557 0.5325 0.05555555555555555 0.13333333333333333
0 0.16722222222222222 0.5458333333333333 0.04777777777777778 0.11833333333333333
0 0.23444444444444446 0.5491666666666667 0.057777777777777775 0.12833333333333333
0 0.11722222222222223 0.5708333333333333 0.05555555555555555 0.10166666666666667
0 0.065 0.6033333333333334 0.051111111111111114 0.12666666666666668
0 0.019788888888888887 0.62025 0.03958888888888889 0.12383333333333332
0 0.52 0.625 0.13333333333333333 0.12166666666666667
0 0.9411111111111111 0.6608333333333334 0.03777777777777778 0.135
0 0.8777777777777778 0.6716666666666666 0.05 0.12166666666666667
0 0.7594444444444445 0.7216666666666667 0.043333333333333335 0.125
0 0.38 0.07333333333333333 0.07777777777777778 0.07333333333333333
0 0.6606333333333334 0.7694 0.050477777777777774 0.12594999999999998
0 0.9827666666666667 0.7824666666666666 0.03447777777777778 0.12118333333333332
0 0.9577777777777777 0.07916666666666666 0.035555555555555556 0.13166666666666665
0 0.17833333333333334 0.7933333333333333 0.08555555555555555 0.08333333333333333
0 0.6161111111111112 0.7941666666666667 0.03888888888888889 0.135
0 0.9538888888888889 0.8141666666666667 0.03666666666666667 0.11333333333333333
0 0.9055555555555556 0.8241666666666667 0.03888888888888889 0.10833333333333334
0 0.5716666666666667 0.835 0.04 0.10666666666666667
0 0.5177777777777778 0.845 0.04111111111111111 0.12833333333333333
0 0.8488888888888889 0.8525 0.051111111111111114 0.13
0 0.4577777777777778 0.8616666666666667 0.052222222222222225 0.12666666666666668
0 0.1922222222222222 0.8691666666666666 0.09111111111111111 0.085
0 0.7933333333333333 0.8783333333333333 0.05444444444444444 0.13666666666666666
0 0.7433333333333333 0.905 0.04111111111111111 0.11666666666666667
0 0.4161111111111111 0.9075 0.051111111111111114 0.12333333333333334
0 0.6866666666666666 0.9091666666666667 0.051111111111111114 0.13333333333333333
0 0.01747777777777778 0.9113499999999999 0.034944444444444445 0.06646666666666667
0 0.3138888888888889 0.9208333333333333 0.04666666666666667 0.135
0 0.6422222222222222 0.9333333333333333 0.043333333333333335 0.12
0 0.5923 0.95105 0.04938888888888889 0.09791666666666667
0 0.5415222222222222 0.9583333333333334 0.04225555555555556 0.08333333333333333
0 0.030555555555555555 0.965 0.04 0.06
0 0.48490000000000005 0.9671833333333333 0.047066666666666666 0.06563333333333334
0 0.2702333333333333 0.96875 0.039966666666666664 0.0625
0 0.8916666666666667 0.09833333333333333 0.06 0.12666666666666668
0 0.2758777777777778 0.115 0.07285555555555555 0.075
0 0.8505555555555555 0.12916666666666668 0.04777777777777778 0.11666666666666667
0 0.7477777777777778 0.145 0.04555555555555556 0.13166666666666665
0 0.7972222222222223 0.14916666666666667 0.04777777777777778 0.11833333333333333
0 0.17 0.165 0.08777777777777777 0.07