0 0.0010888888888888888 0.0005 0.00006666666666666667 0.00019999999999999998
0 0.0011 0.0007 0.000033333333333333335 0.00009999999999999999
0 0.9507111111111111 0.20881666666666668 0.07413333333333333 0.11284999999999999
0 0.9730444444444445 0.30565 0.053922222222222226 0.11963333333333334
0 0.9810222222222221 0.4053 0.03794444444444444 0.10433333333333333
0 0.8311111111111111 0.44166666666666665 0.08444444444444445 0.06
0 0.6172222222222222 0.4608333333333333 0.11555555555555555 0.135
0 0.8438888888888889 0.5354833333333334 0.07555555555555556 0.07261666666666666
0 0.27 0.5875 0.04 0.11333333333333333
0 0.22848888888888888 0.6116666666666667 0.058888888888888886 0.13
0 0.725 0.615 0.05 0.12333333333333334
0 0.6577777777777778 0.6508333333333334 0.07968888888888889 0.1
0 0.10444444444444445 0.7364333333333334 0.0773 0.175
0 0.9316666666666666 0.13583333333333333 0.08555555555555555 0.08333333333333333