0 0.7433333333333333 0.37333333333333335 0.04111111111111111 0.12
0 0.5666666666666667 0.43 0.05444444444444444 0.14666666666666667
0 0.6144444444444445 0.4325 0.04666666666666667 0.10166666666666667
0 0.5227777777777778 0.44666666666666666 0.04888888888888889 0.12666666666666668
0 0.4591222222222222 0.4761833333333333 0.06587777777777777 0.12215000000000001
0 0.3711111111111111 0.54 0.05555555555555555 0.10833333333333334
0 0.8294444444444444 0.6441666666666667 0.05 0.12333333333333334
0 0.7835666666666667 0.67285 0.04842222222222222 0.13356666666666667
0 0.7233333333333334 0.6775 0.044444444444444446 0.11833333333333333
0 0.6305555555555555 0.7225 0.03222222222222222 0.12
0 0.5833333333333334 0.7375 0.043333333333333335 0.115
0 0.5355555555555556 0.7566666666666667 0.043333333333333335 0.12333333333333334
0 0.49277777777777776 0.77 0.04888888888888889 0.12166666666666667