0 0.3327777777777778 0.24285 0.0392 0.12594999999999998
0 0.43254444444444445 0.26261666666666666 0.035555555555555556 0.13666666666666666
0 0.3796 0.2670166666666667 0.04078888888888889 0.13048333333333334
0 0.5251555555555555 0.2726166666666667 0.03666666666666667 0.11143333333333333
0 0.4770666666666667 0.2727333333333333 0.03952222222222222 0.13238333333333335
0 0.6260333333333333 0.28785 0.035555555555555556 0.11405000000000001
0 0.6696 0.30143333333333333 0.042855555555555556 0.12618333333333331
0 0.7191222222222222 0.30761666666666665 0.03333333333333333 0.12166666666666667
0 0.8304777777777778 0.34976666666666667 0.04317777777777778 0.12476666666666666
0 0.8761111111111111 0.36083333333333334 0.043333333333333335 0.12333333333333334
0 0.925 0.37416666666666665 0.03888888888888889 0.12666666666666668
0 0.9733333333333334 0.3958333333333333 0.051111111111111114 0.12833333333333333
0 0.19833333333333333 0.04368333333333334 0.08841111111111111 0.054516666666666665
0 0.45254444444444447 0.08535 0.06317777777777778 0.13071666666666668
0 0.35055555555555556 0.09618333333333333 0.053655555555555554 0.13381666666666667
0 0.18118888888888887 0.12844999999999998 0.07856666666666666 0.055716666666666664