0 0.5561111111111111 0.6775 0.042222222222222223 0.12333333333333334
0 0.5024555555555555 0.68285 0.040155555555555555 0.10905000000000001
0 0.4591222222222222 0.69095 0.0427 0.09905
0 0.5981777777777778 0.6958333333333333 0.04666666666666667 0.12833333333333333
0 0.7005555555555556 0.7048833333333333 0.03888888888888889 0.11048333333333335
0 0.6461111111111111 0.7116666666666667 0.05 0.125
0 0.7510333333333333 0.7135666666666667 0.03206666666666667 0.07451666666666666
0 0.8006333333333334 0.7175 0.03333333333333333 0.125
0 0.8511111111111112 0.7183333333333334 0.044444444444444446 0.10666666666666667
0 0.8983333333333333 0.7208333333333333 0.027777777777777776 0.09166666666666666
0 0.9412666666666667 0.7257166666666667 0.035866666666666665 0.11071666666666667
0 0.9826222222222223 0.7336833333333334 0.03476666666666667 0.10715000000000001