0 0.0011 0.0013 0.000044444444444444447 0.00018333333333333334
0 0.1388888888888889 0.3532166666666667 0.0646 0.10428333333333334
0 0.5342111111111111 0.40845 0.08032222222222223 0.09595
0 0.9848444444444444 0.78495 0.03031111111111111 0.12616666666666668
0 0.940711111111111 0.8133333333333334 0.032544444444444445 0.11333333333333333
0 0.8900777777777779 0.8145166666666667 0.0446 0.12238333333333334
0 0.7215888888888888 0.8179833333333334 0.051111111111111114 0.125
0 0.785 0.8256 0.03888888888888889 0.13166666666666665
0 0.6715111111111112 0.8297666666666667 0.03078888888888889 0.11284999999999999
0 0.8310333333333333 0.8301166666666666 0.03967777777777778 0.12284999999999999
0 0.6171444444444444 0.8401166666666666 0.04428888888888889 0.12356666666666667
0 0.5565111111111112 0.85 0.03666666666666667 0.12833333333333333
0 0.5134888888888889 0.8701166666666668 0.03952222222222222 0.12143333333333334
0 0.44762222222222225 0.8703500000000001 0.03158888888888889 0.12451666666666665
0 0.06388888888888888 0.9325 0.03777777777777778 0.11