0 0.22793333333333332 0.20643333333333333 0.05333333333333334 0.14666666666666667
0 0.1846 0.22881666666666664 0.05492222222222222 0.13571666666666668
0 0.13865555555555556 0.24881666666666666 0.05841111111111111 0.13738333333333336
0 0.8683333333333333 0.27 0.05333333333333334 0.12833333333333333
0 0.625 0.03666666666666667 0.03222222222222222 0.07333333333333333
0 0.8972222222222223 0.4066666666666667 0.057777777777777775 0.12333333333333334
0 0.9284111111111112 0.5379833333333334 0.05302222222222222 0.12738333333333335
0 0.5471444444444444 0.0575 0.04888888888888889 0.115
0 0.49666666666666665 0.06893333333333333 0.05302222222222222 0.12215000000000001
0 0.39871111111111107 0.9646499999999999 0.08025555555555557 0.0647
0 0.4504 0.09715 0.0427 0.12118333333333332
0 0.40540000000000004 0.12571666666666667 0.05333333333333334 0.13333333333333333
0 0.31333333333333335 0.1425 0.04666666666666667 0.11833333333333333