0 0.2633333333333333 0.16666666666666666 0.04888888888888889 0.125
0 0.22055555555555556 0.18083333333333335 0.044444444444444446 0.12166666666666667
0 0.1738888888888889 0.195 0.05555555555555555 0.13
0 0.1288888888888889 0.20083333333333334 0.034444444444444444 0.12666666666666668
0 0.085 0.21833333333333332 0.04555555555555556 0.13166666666666665
0 0.04055555555555555 0.22 0.05555555555555555 0.13333333333333333
0 0.27873333333333333 0.40356666666666663 0.08967777777777777 0.06618333333333333
0 0.96 0.45916666666666667 0.07333333333333333 0.06333333333333334
0 0.8677777777777778 0.49166666666666664 0.08222222222222222 0.06
0 0.7377777777777778 0.5391666666666667 0.08888888888888889 0.08333333333333333
0 0.6383333333333333 0.5733333333333334 0.07111111111111111 0.04
0 0.5516666666666666 0.6008333333333333 0.08888888888888889 0.07166666666666667
0 0.6122222222222222 0.06416666666666666 0.043333333333333335 0.115
0 0.45944444444444443 0.635 0.08 0.07166666666666667
0 0.36833333333333335 0.6666666666666666 0.07333333333333333 0.06
0 0.2788888888888889 0.7016666666666667 0.07 0.05333333333333334
0 0.19777777777777777 0.7358333333333333 0.08777777777777777 0.08333333333333333
0 0.04714444444444445 0.7363166666666667 0.07904444444444444 0.0831
0 0.5661111111111111 0.07666666666666666 0.043333333333333335 0.12666666666666668
0 0.5244444444444445 0.0875 0.042222222222222223 0.11833333333333333
0 0.3827777777777778 0.1325 0.04777777777777778 0.13