0 0.0010777777777777778 0.00105 0.00007777777777777778 0.00008333333333333334
0 0.001011111111111111 0.00125 0.0002111111111111111 0.00023333333333333336
0 0.0009444444444444444 0.0016166666666666666 0.00011111111111111112 0.00015
0 0.0002111111111111111 0.0016333333333333332 0.00019999999999999998 0.00018333333333333334
0 0.9661 0.6308833333333332 0.06781111111111111 0.06595
0 0.86 0.6625 0.0811111111111111 0.06
0 0.7661111111111111 0.6916666666666667 0.07444444444444444 0.08333333333333333
0 0.6388888888888888 0.7583333333333333 0.10333333333333333 0.09833333333333333
0 0.6838888888888889 0.8291666666666667 0.22666666666666666 0.13833333333333334
0 0.4027777777777778 0.9108333333333334 0.2222222222222222 0.14333333333333334
0 0.10722222222222222 0.945 0.07333333333333333 0.06
0 0.9444444444444444 0.9458333333333333 0.08888888888888889 0.056666666666666664
0 0.8496333333333332 0.9656333333333333 0.08487777777777777 0.06875