0 0.5122222222222222 0.16666666666666666 0.06777777777777778 0.045
0 0.4216666666666667 0.1825 0.08555555555555555 0.07
0 0.14777777777777779 0.23166666666666666 0.06555555555555556 0.058333333333333334
0 0.9127777777777778 0.235 0.08222222222222222 0.05333333333333334
0 0.8127777777777778 0.25083333333333335 0.07444444444444444 0.04833333333333333
0 0.7116666666666667 0.25583333333333336 0.06444444444444444 0.03833333333333333
0 0.04527777777777778 0.2647666666666667 0.09055555555555556 0.08095
0 0.5005555555555555 0.2916666666666667 0.09444444444444444 0.04666666666666667
0 0.38055555555555554 0.31166666666666665 0.07555555555555556 0.04833333333333333
0 0.2816666666666667 0.3308333333333333 0.09333333333333334 0.07333333333333333
0 0.10944444444444444 0.37833333333333335 0.07777777777777778 0.058333333333333334
0 0.02921111111111111 0.40571666666666667 0.05841111111111111 0.059283333333333334
0 0.7238888888888889 0.13833333333333334 0.07888888888888888 0.06666666666666667