0 0.96 0.29333333333333333 0.07222222222222222 0.051666666666666666
0 0.8605555555555555 0.3075 0.07444444444444444 0.06666666666666667
0 0.63 0.3925 0.06777777777777778 0.06
0 0.5344444444444445 0.42333333333333334 0.06888888888888889 0.07333333333333333
0 0.935711111111111 0.44284999999999997 0.06555555555555556 0.07833333333333334
0 0.43333333333333335 0.4533333333333333 0.07888888888888888 0.07
0 0.8369000000000001 0.4711833333333333 0.07333333333333333 0.06333333333333334
0 0.3438888888888889 0.4725 0.07444444444444444 0.06
0 0.7322222222222222 0.5 0.08 0.07166666666666667
0 0.6377777777777778 0.53 0.08 0.07
0 0.16762222222222223 0.5429833333333334 0.06555555555555556 0.065
0 0.5490444444444444 0.5572666666666667 0.07555555555555556 0.06
0 0.09523333333333332 0.56 0.07 0.06333333333333334
0 0.13118888888888888 0.6873833333333333 0.08 0.058333333333333334