0 0.0011 0.0008166666666666666 0.000033333333333333335 0.00013333333333333334
0 0.9465111111111111 0.20333333333333334 0.04111111111111111 0.11333333333333333
0 0.5519888888888889 0.23701666666666668 0.034444444444444444 0.10951666666666665
0 0.7588111111111111 0.26643333333333336 0.036977777777777776 0.12284999999999999
0 0.9696 0.3522666666666667 0.04777777777777778 0.12238333333333334
0 0.9227777777777778 0.3575 0.04 0.12333333333333334
0 0.5588111111111111 0.37643333333333334 0.03317777777777778 0.09905
0 0.7622222222222222 0.4075 0.037622222222222224 0.10761666666666665
0 0.9841555555555556 0.5014333333333334 0.0317 0.11328333333333333
0 0.8936555555555555 0.5037999999999999 0.029866666666666666 0.10553333333333334
0 0.945 0.5041666666666667 0.03777777777777778 0.1
0 0.5616666666666666 0.5066666666666667 0.03666666666666667 0.12666666666666668
0 0.7661888888888889 0.5268999999999999 0.03967777777777778 0.11476666666666667
0 0.5753222222222222 0.68035 0.03682222222222222 0.11594999999999998
0 0.5773777777777778 0.80655 0.03174444444444444 0.09881666666666666
0 0.5804777777777778 0.9317833333333334 0.03682222222222222 0.1181
0 0.9477777777777778 0.9416666666666667 0.07666666666666666 0.07
0 0.5474555555555556 0.09511666666666667 0.03651111111111111 0.12048333333333335
0 0.7517444444444445 0.12344999999999999 0.036033333333333334 0.1181