0 0.4999222222222222 0.18201666666666666 0.06936666666666666 0.06166666666666667
0 0.3842888888888889 0.2075 0.06587777777777777 0.043816666666666663
0 0.1607888888888889 0.21215 0.04682222222222222 0.11976666666666666
0 0.22586666666666666 0.23285 0.04586666666666667 0.10784999999999999
0 0.49 0.26666666666666666 0.08777777777777777 0.055
0 0.5672222222222222 0.31 0.034444444444444444 0.12333333333333334
0 0.34174444444444446 0.04416666666666667 0.08793333333333334 0.059283333333333334
0 0.3088888888888889 0.48 0.05333333333333334 0.12833333333333333
0 0.5595222222222223 0.4854833333333334 0.08444444444444445 0.0731
0 0.4305555555555556 0.5225 0.03333333333333333 0.10666666666666667
0 0.5190444444444444 0.5706 0.0903111111111111 0.05785
0 0.6210333333333333 0.5744 0.08476666666666667 0.06071666666666667
0 0.3147666666666667 0.6216666666666667 0.040633333333333334 0.11215000000000001
0 0.49333333333333335 0.6625 0.07111111111111111 0.058333333333333334
0 0.05126666666666667 0.07451666666666666 0.04 0.12571666666666667
0 0.0961111111111111 0.0775 0.03888888888888889 0.12333333333333334
0 0.3381777777777778 0.7848833333333334 0.0427 0.12905
0 0.665 0.08 0.024444444444444446 0.12833333333333333
0 0.3978555555555556 0.83405 0.03666666666666667 0.11