0 0.0009333333333333333 0.00165 0.00006666666666666667 0.00009999999999999999
0 0.8611111111111112 0.6091666666666666 0.04888888888888889 0.12666666666666668
0 0.7061111111111111 0.6107166666666667 0.043333333333333335 0.11
0 0.7544444444444445 0.6158333333333333 0.03777777777777778 0.11833333333333333
0 0.5833333333333334 0.6166666666666667 0.04888888888888889 0.12333333333333334
0 0.5102333333333333 0.6415500000000001 0.040799999999999996 0.11785
0 0.4573 0.6502333333333333 0.04777777777777778 0.1069
0 0.3492888888888889 0.6847833333333333 0.05 0.1167
0 0.27515555555555554 0.6922666666666667 0.040155555555555555 0.12618333333333331
0 0.8876999999999999 0.7419 0.054766666666666665 0.11618333333333332
0 0.8289333333333333 0.9833333333333333 0.09485555555555555 0.03333333333333333