0 0.2738888888888889 0.18083333333333335 0.08444444444444445 0.11666666666666667
0 0.3561111111111111 0.29083333333333333 0.08555555555555555 0.12833333333333333
0 0.4338888888888889 0.38666666666666666 0.0811111111111111 0.11166666666666666
0 0.5144444444444445 0.5041666666666667 0.08333333333333333 0.12166666666666667
0 0.043333333333333335 0.5508333333333333 0.07666666666666666 0.105
0 0.5855555555555556 0.6125 0.0811111111111111 0.11
0 0.12444444444444444 0.6491666666666667 0.06555555555555556 0.1
0 0.18555555555555556 0.06833333333333333 0.07444444444444444 0.10666666666666667
0 0.6627777777777778 0.7233333333333334 0.07444444444444444 0.11666666666666667
0 0.19611111111111112 0.7433333333333333 0.08555555555555555 0.12333333333333334
0 0.7361111111111112 0.8058333333333333 0.08555555555555555 0.11833333333333333
0 0.2761111111111111 0.8433333333333334 0.07888888888888888 0.10666666666666667
0 0.7947666666666666 0.9051166666666668 0.057777777777777775 0.08166666666666667