0 0.0007222222222222223 0.0015833333333333333 0.000033333333333333335 0.0001666666666666667
0 0.0006777777777777778 0.0015999999999999999 0.000044444444444444447 0.0001666666666666667
0 0.3438888888888889 0.44 0.03111111111111111 0.11
0 0.24944444444444444 0.44166666666666665 0.04111111111111111 0.15
0 0.3938888888888889 0.44416666666666665 0.028888888888888888 0.11166666666666666
0 0.43777777777777777 0.44416666666666665 0.03111111111111111 0.12166666666666667
0 0.29833333333333334 0.4533333333333333 0.02666666666666667 0.09833333333333333
0 0.15722222222222224 0.46 0.03 0.095
0 0.20333333333333334 0.46166666666666667 0.042222222222222223 0.13
0 0.014444444444444444 0.4708333333333333 0.028888888888888888 0.105
0 0.049444444444444444 0.49 0.03222222222222222 0.09833333333333333
0 0.44333333333333336 0.05333333333333334 0.042222222222222223 0.10666666666666667
0 0.35055555555555556 0.5683333333333334 0.0811111111111111 0.08333333333333333
0 0.3427777777777778 0.058333333333333334 0.043333333333333335 0.10833333333333334
0 0.39166666666666666 0.059166666666666666 0.034444444444444444 0.11666666666666667
0 0.2654777777777778 0.6138166666666667 0.08126666666666667 0.10595
0 0.065 0.6308333333333334 0.07444444444444444 0.05
0 0.2922222222222222 0.07 0.035555555555555556 0.11166666666666666
0 0.24444444444444444 0.0775 0.03888888888888889 0.12333333333333334
0 0.06214444444444445 0.08106666666666666 0.04047777777777778 0.10166666666666667
0 0.20222222222222222 0.08166666666666667 0.04 0.13166666666666665
0 0.1568222222222222 0.09048333333333333 0.03777777777777778 0.12166666666666667
0 0.6521333333333333 0.95 0.03986666666666667 0.1
0 0.6049 0.9583333333333334 0.039855555555555554 0.08333333333333333