0 0.0010777777777777778 0.0009333333333333334 0.00006666666666666667 0.00009999999999999999
0 0.8183333333333334 0.0325 0.028888888888888888 0.065
0 0.4861111111111111 0.44333333333333336 0.04666666666666667 0.125
0 0.33 0.4483333333333333 0.04555555555555556 0.11333333333333333
0 0.3788888888888889 0.4558333333333333 0.04555555555555556 0.11666666666666667
0 0.20777777777777778 0.4583333333333333 0.044444444444444446 0.125
0 0.1322222222222222 0.485 0.04 0.115
0 0.07944444444444444 0.4866666666666667 0.04555555555555556 0.08
0 0.9688777777777778 0.5623 0.06225555555555556 0.06626666666666667
0 0.5125444444444445 0.5775 0.0527 0.12666666666666668
0 0.24825555555555556 0.8992833333333334 0.09413333333333333 0.06785000000000001