0 0.0011 0.00011666666666666668 0.000044444444444444447 0.00018333333333333334
0 0.0011 0.0003 0.000022222222222222223 0.00015
0 0.9427777777777778 0.22833333333333333 0.06777777777777778 0.325
0 0.7890444444444444 0.25560000000000005 0.03825555555555556 0.13333333333333333
0 0.7984111111111112 0.3969 0.0354 0.11905000000000002
0 0.8044444444444444 0.5558333333333333 0.03333333333333333 0.12333333333333334
0 0.9851888888888889 0.06946666666666666 0.02961111111111111 0.11391666666666665
0 0.79 0.7216666666666667 0.03666666666666667 0.12333333333333334
0 0.6544444444444445 0.8175 0.035555555555555556 0.12
0 0.9011111111111111 0.8425 0.06 0.21
0 0.7830111111111111 0.08845 0.037455555555555554 0.11284999999999999