0 0.0009666666666666667 0.0015833333333333333 0.00005555555555555556 0.00018333333333333334
0 0.0008666666666666667 0.0015999999999999999 0.000044444444444444447 0.00015
0 0.0009222222222222222 0.0015999999999999999 0.000044444444444444447 0.0001666666666666667
0 0.18777777777777777 0.22666666666666666 0.05333333333333334 0.11666666666666667
0 0.205 0.34833333333333333 0.05 0.12
0 0.9622222222222222 0.5861833333333333 0.07555555555555556 0.07166666666666667
0 0.8427777777777777 0.6536833333333333 0.08285555555555554 0.07
0 0.745 0.6848833333333334 0.0846 0.07405
0 0.955 0.905 0.05555555555555555 0.12333333333333334
0 0.9116666666666666 0.9291666666666667 0.051111111111111114 0.13
0 0.8703333333333333 0.9484333333333332 0.04573333333333333 0.10313333333333334
0 0.8260333333333333 0.9531333333333333 0.04738888888888889 0.09375
0 0.7801777777777777 0.9588499999999999 0.047344444444444446 0.0823