0 0.0011 0.00105 0.000033333333333333335 0.00013333333333333334
0 0.0010777777777777778 0.0014666666666666667 0.00007777777777777778 0.00015
0 0.8822222222222222 0.45416666666666666 0.08666666666666667 0.08666666666666667
0 0.9016666666666666 0.525 0.08444444444444445 0.10666666666666667
0 0.9111111111111111 0.605 0.07555555555555556 0.10166666666666667
0 0.9244444444444444 0.6658333333333334 0.08 0.105
0 0.9427777777777778 0.7366666666666667 0.08222222222222222 0.10166666666666667
0 0.9511111111111111 0.8066666666666666 0.07333333333333333 0.08666666666666667
0 0.9695666666666667 0.87445 0.060866666666666666 0.08846666666666667
0 0.9772222222222222 0.9583333333333334 0.04555555555555556 0.06
0 0.9455555555555556 0.12 0.05444444444444444 0.125