0 0.8152333333333334 0.20606666666666668 0.0773 0.06071666666666667
0 0.8191999999999999 0.27571666666666667 0.0954 0.0669
0 0.2011111111111111 0.4154833333333333 0.09222222222222222 0.06428333333333333
0 0.7394444444444445 0.46416666666666667 0.035555555555555556 0.11333333333333333
0 0.7985666666666668 0.05023333333333333 0.08841111111111111 0.051666666666666666
0 0.8679333333333333 0.51715 0.07651111111111111 0.10023333333333334
0 0.48388888888888887 0.5883333333333334 0.09666666666666666 0.08333333333333333
0 0.8792 0.5983333333333334 0.06682222222222223 0.09833333333333333
0 0.8918222222222222 0.6673833333333333 0.07413333333333333 0.1019
0 0.5025444444444445 0.67215 0.0734888888888889 0.06095
0 0.8919888888888888 0.7489333333333333 0.06731111111111111 0.09048333333333333
0 0.5003222222222222 0.7701166666666667 0.09174444444444443 0.06356666666666667
0 0.7956333333333334 0.7732166666666667 0.04 0.10238333333333333
0 0.6083333333333333 0.7791666666666667 0.043333333333333335 0.16166666666666665
0 0.5055555555555555 0.8508333333333333 0.07888888888888888 0.055
0 0.04555555555555556 0.9008333333333334 0.08888888888888889 0.085
0 0.5138888888888888 0.9316666666666666 0.09111111111111111 0.05
0 0.2634111111111111 0.9484500000000001 0.10492222222222224 0.08356666666666666