0 0.0011 0.0009166666666666668 0.000022222222222222223 0.00019999999999999998
0 0.8559555555555556 0.17011666666666667 0.07984444444444444 0.06451666666666667
0 0.6366666666666667 0.23416666666666666 0.08 0.04666666666666667
0 0.37166666666666665 0.23666666666666666 0.0811111111111111 0.095
0 0.04611111111111111 0.26916666666666667 0.06666666666666667 0.10666666666666667
0 0.07611111111111112 0.31583333333333335 0.07 0.13166666666666665
0 0.1238888888888889 0.34833333333333333 0.07666666666666666 0.12
0 0.15444444444444444 0.3933333333333333 0.06333333333333334 0.10833333333333334
0 0.7783333333333333 0.5041666666666667 0.035555555555555556 0.08833333333333333
0 0.9907444444444444 0.5508333333333333 0.0185 0.11
0 0.9216666666666666 0.8983333333333333 0.04 0.11833333333333333