0 0.6294444444444445 0.20333333333333334 0.06888888888888889 0.11833333333333333
0 0.39896666666666664 0.23701666666666668 0.062377777777777775 0.11618333333333332
0 0.6844444444444444 0.3545166666666667 0.061422222222222225 0.12405000000000001
0 0.31777777777777777 0.041666666666666664 0.058888888888888886 0.08333333333333333
0 0.7416666666666667 0.47833333333333333 0.07 0.125
0 0.7895555555555556 0.57615 0.0635 0.11643333333333333
0 0.9711111111111111 0.7208333333333333 0.056666666666666664 0.08166666666666667
0 0.09285555555555555 0.7377666666666667 0.06714444444444445 0.0651
0 0.021655555555555553 0.7623333333333333 0.0433 0.058649999999999994
0 0.4303111111111111 0.7778333333333333 0.07063333333333334 0.07214999999999999
0 0.5772222222222222 0.08118333333333333 0.057300000000000004 0.10618333333333334
0 0.3473 0.8083333333333333 0.06586666666666667 0.06523333333333334
0 0.22047777777777777 0.81535 0.11952222222222221 0.10738333333333334
0 0.10777777777777778 0.8658333333333333 0.09444444444444444 0.09
0 0.3561888888888889 0.1256 0.06063333333333333 0.1069