0 0.7572222222222222 0.17083333333333334 0.04888888888888889 0.11833333333333333
0 0.7188888888888889 0.19416666666666665 0.03888888888888889 0.07666666666666666
0 0.5824555555555556 0.21905000000000002 0.06333333333333334 0.12
0 0.675 0.21916666666666668 0.04888888888888889 0.07666666666666666
0 0.6305555555555555 0.22083333333333333 0.044444444444444446 0.06666666666666667
0 0.8308666666666666 0.23428333333333332 0.07873333333333334 0.07285
0 0.5311111111111111 0.23583333333333334 0.035555555555555556 0.11166666666666666
0 0.4872222222222222 0.26666666666666666 0.03888888888888889 0.135
0 0.44277777777777777 0.2841666666666667 0.042222222222222223 0.10833333333333334
0 0.2966666666666667 0.3016666666666667 0.043333333333333335 0.125
0 0.3972222222222222 0.305 0.04111111111111111 0.115
0 0.34959999999999997 0.31011666666666665 0.038566666666666666 0.10856666666666667
0 0.2627777777777778 0.3308333333333333 0.03777777777777778 0.11
0 0.21666666666666667 0.3525 0.05 0.1
0 0.16833333333333333 0.36916666666666664 0.07333333333333333 0.12666666666666668
0 0.10777777777777778 0.36916666666666664 0.06777777777777778 0.13166666666666665
0 0.051111111111111114 0.39666666666666667 0.058888888888888886 0.12166666666666667
0 0.11578888888888889 0.47428333333333333 0.0869888888888889 0.05071666666666667