0 0.0003333333333333333 0.0015833333333333333 0.00007777777777777778 0.00018333333333333334
0 0.0002888888888888889 0.0016166666666666666 0.00005555555555555556 0.00013333333333333334
0 0.12634444444444443 0.21511666666666665 0.08967777777777777 0.06023333333333333
0 0.3340444444444444 0.21689999999999998 0.08745555555555555 0.06095
0 0.1204 0.3516666666666667 0.08856666666666665 0.06833333333333333
0 0.4919 0.048683333333333335 0.04237777777777778 0.09738333333333334
0 0.42793333333333333 0.49215000000000003 0.08905555555555557 0.14548333333333335
0 0.13126666666666667 0.5041666666666667 0.09808888888888889 0.10285
0 0.3431777777777778 0.6357166666666667 0.07697777777777778 0.06928333333333334
0 0.5283333333333333 0.6358333333333334 0.03777777777777778 0.11
0 0.9237333333333333 0.8520166666666666 0.07856666666666666 0.09905
0 0.12524444444444444 0.1225 0.07824444444444445 0.0669
0 0.3185777777777778 0.013816666666666665 0.09063333333333333 0.027616666666666668
0 0.3411888888888889 0.13523333333333334 0.0781 0.05881666666666666