0 0.0010888888888888888 0.0009000000000000001 0.00006666666666666667 0.00011666666666666668
0 0.0011 0.0015500000000000002 0.00006666666666666667 0.00009999999999999999
0 0.0008888888888888889 0.00165 0.00008888888888888889 0.00009999999999999999
0 0.18555555555555556 0.31083333333333335 0.051111111111111114 0.13833333333333334
0 0.016900000000000002 0.4357166666666667 0.033800000000000004 0.06666666666666667
0 0.21848888888888887 0.4711833333333333 0.058888888888888886 0.13951666666666665
0 0.022455555555555555 0.5119 0.04491111111111111 0.08095
0 0.976488888888889 0.5333333333333333 0.04702222222222222 0.07143333333333333
0 0.8971888888888889 0.5547666666666667 0.0916 0.08571666666666666
0 0.02992222222222222 0.5717833333333333 0.054288888888888887 0.08881666666666667
0 0.13214444444444445 0.66035 0.05651111111111111 0.13071666666666668
0 0.031344444444444446 0.6645166666666666 0.05492222222222222 0.10905000000000001
0 0.2646777777777778 0.7432166666666666 0.052222222222222225 0.13333333333333333
0 0.1595222222222222 0.79845 0.05507777777777778 0.13856666666666667
0 0.04515555555555555 0.8142833333333334 0.0826888888888889 0.0881
0 0.9780777777777777 0.9297666666666667 0.04384444444444444 0.06428333333333333
0 0.8994444444444445 0.96 0.07222222222222222 0.07
0 0.8043444444444444 0.9797666666666667 0.09004444444444445 0.04048333333333333