0 0.8072222222222222 0.2075 0.058888888888888886 0.07333333333333333
0 0.815 0.28583333333333333 0.07666666666666666 0.085
0 0.6127777777777778 0.3025 0.051111111111111114 0.09833333333333333
0 0.4177777777777778 0.31666666666666665 0.028888888888888888 0.11166666666666666
0 0.6211111111111111 0.4375 0.04777777777777778 0.12166666666666667
0 0.42293333333333333 0.44988333333333336 0.03301111111111111 0.1231
0 0.6315111111111111 0.5627333333333333 0.038566666666666666 0.12215000000000001
0 0.9161888888888889 0.5916666666666667 0.0854 0.07833333333333334
0 0.43555555555555553 0.6144 0.03475555555555555 0.11261666666666666
0 0.4361111111111111 0.7541666666666667 0.042222222222222223 0.12
0 0.4443666666666667 0.9067833333333334 0.03777777777777778 0.12143333333333334
0 0.4127 0.15284999999999999 0.028733333333333333 0.11594999999999998