0 0.2952333333333333 0.32298333333333334 0.08762222222222223 0.09833333333333333
0 0.15634444444444445 0.32571666666666665 0.05698888888888889 0.11476666666666667
0 0.10571111111111112 0.3566666666666667 0.057300000000000004 0.12785
0 0.31754444444444446 0.36465 0.06904444444444445 0.0731
0 0.027933333333333334 0.41678333333333334 0.05586666666666667 0.12761666666666666
0 0.34126666666666666 0.4263166666666667 0.06777777777777778 0.08023333333333334
0 0.23166666666666666 0.5919 0.08270000000000001 0.07761666666666667
0 0.24722222222222223 0.7051166666666666 0.07968888888888889 0.08905
0 0.2746 0.7707166666666667 0.08444444444444445 0.09
0 0.31277777777777777 0.8264333333333334 0.07618888888888888 0.07048333333333333
0 0.018877777777777775 0.84785 0.03774444444444444 0.0668