0 0.7244444444444444 0.16666666666666666 0.052222222222222225 0.135
0 0.8138888888888889 0.16833333333333333 0.043333333333333335 0.105
0 0.6723777777777777 0.17106666666666667 0.0373 0.11618333333333332
0 0.2506333333333333 0.019649999999999997 0.041744444444444445 0.03928333333333334
0 0.4727777777777778 0.22 0.042222222222222223 0.105
0 0.42388888888888887 0.24 0.044444444444444446 0.14166666666666666
0 0.3738111111111111 0.2402333333333333 0.03571111111111111 0.11215000000000001
0 0.27603333333333335 0.24821666666666667 0.037622222222222224 0.10548333333333333
0 0.9284888888888889 0.24939999999999998 0.04586666666666667 0.12951666666666667
0 0.1492111111111111 0.025833333333333333 0.042855555555555556 0.051666666666666666
0 0.18222222222222223 0.2683333333333333 0.03333333333333333 0.13
0 0.22944444444444445 0.2683333333333333 0.03333333333333333 0.115
0 0.1338888888888889 0.2825 0.044444444444444446 0.10833333333333334
0 0.2015888888888889 0.028816666666666664 0.03808888888888889 0.05761666666666667
0 0.07293333333333334 0.29261666666666664 0.040155555555555555 0.11785
0 0.6922222222222222 0.30916666666666665 0.03888888888888889 0.11166666666666666
0 0.39 0.375 0.035555555555555556 0.10833333333333334
0 0.24 0.39416666666666667 0.04111111111111111 0.11666666666666667
0 0.19333333333333333 0.41083333333333333 0.04111111111111111 0.09
0 0.14944444444444444 0.4175 0.03888888888888889 0.11666666666666667
0 0.012777777777777779 0.4241666666666667 0.025555555555555557 0.09666666666666666
0 0.05436666666666667 0.42643333333333333 0.050944444444444445 0.13048333333333334
0 0.09555555555555556 0.43083333333333335 0.04 0.115
0 0.9100777777777779 0.5328499999999999 0.04555555555555556 0.13166666666666665
0 0.8697555555555555 0.5753499999999999 0.04507777777777778 0.12571666666666667
0 0.7140444444444445 0.6017833333333333 0.044922222222222224 0.12523333333333334
0 0.3165888888888889 0.6566666666666666 0.052066666666666664 0.12571666666666667
0 0.2733333333333333 0.6791666666666667 0.03777777777777778 0.125
0 0.17277777777777778 0.6979833333333334 0.044444444444444446 0.13333333333333333
0 0.125 0.7016666666666667 0.03888888888888889 0.115
0 0.0769888888888889 0.7195166666666666 0.041744444444444445 0.11451666666666666
0 0.02666666666666667 0.7383333333333333 0.051111111111111114 0.13
0 0.7594444444444445 0.7383333333333333 0.03666666666666667 0.11166666666666666
0 0.5192111111111112 0.7644 0.05285555555555556 0.14048333333333335
0 0.47308888888888884 0.7782166666666667 0.042855555555555556 0.1181
0 0.38222222222222224 0.785 0.04888888888888889 0.13
0 0.42833333333333334 0.7858333333333334 0.0438 0.11023333333333334
0 0.24078888888888889 0.8160666666666666 0.04396666666666667 0.10761666666666665
0 0.2927 0.82285 0.04412222222222222 0.11738333333333334
0 0.05023333333333333 0.8676166666666667 0.050477777777777774 0.1169
0 0.9181777777777778 0.9373833333333332 0.0784 0.06643333333333333
0 0.7644444444444445 0.9541666666666667 0.09222222222222222 0.06666666666666667
0 0.9501555555555555 0.1144 0.043333333333333335 0.1181
0 0.3481 0.011666666666666667 0.03475555555555555 0.023333333333333334
0 0.30015555555555556 0.014283333333333334 0.03475555555555555 0.028566666666666667