0 0.0011 0.00009999999999999999 0.000044444444444444447 0.00019999999999999998
0 0.7138888888888889 0.1825 0.05555555555555555 0.14
0 0.675 0.19 0.04 0.105
0 0.6055555555555555 0.21666666666666667 0.07111111111111111 0.13
0 0.6483333333333333 0.22166666666666668 0.043333333333333335 0.12833333333333333
0 0.5633333333333334 0.23666666666666666 0.043333333333333335 0.125
0 0.4615888888888889 0.32189999999999996 0.05444444444444444 0.135
0 0.3893666666666667 0.35535 0.05 0.11833333333333333
0 0.9488888888888889 0.07916666666666666 0.06 0.14333333333333334
0 0.9416666666666667 0.8875 0.03888888888888889 0.10333333333333333
0 0.9072222222222223 0.1025 0.05444444444444444 0.14333333333333334