0 0.0010888888888888888 0.0010166666666666666 0.00006666666666666667 0.00009999999999999999
0 0.08277777777777778 0.405 0.05333333333333334 0.12833333333333333
0 0.8833333333333333 0.5991666666666666 0.08 0.06833333333333333
0 0.9726888888888888 0.6161833333333333 0.05461111111111111 0.06778333333333333
0 0.7761111111111111 0.62 0.08777777777777777 0.056666666666666664
0 0.6766666666666666 0.6408333333333334 0.07666666666666666 0.06833333333333333
0 0.5738888888888889 0.665 0.09444444444444444 0.05
0 0.6394444444444445 0.8108333333333333 0.15555555555555556 0.11333333333333333
0 0.2811111111111111 0.87 0.09888888888888889 0.06333333333333334
0 0.04365555555555555 0.9319 0.08063333333333332 0.053816666666666665
0 0.3411111111111111 0.9616666666666667 0.0811111111111111 0.05333333333333334