0 0.5102333333333333 0.17643333333333333 0.03348888888888889 0.12238333333333334
0 0.9061111111111111 0.22951666666666667 0.05904444444444445 0.06738333333333334
0 0.9116666666666666 0.30606666666666665 0.06587777777777777 0.08118333333333333
0 0.7101555555555555 0.32939999999999997 0.039844444444444446 0.12951666666666667
0 0.5181 0.3354833333333333 0.0346 0.11
0 0.7188111111111111 0.46094999999999997 0.043333333333333335 0.12118333333333332
0 0.5235666666666666 0.47023333333333334 0.04047777777777778 0.125
0 0.7288111111111111 0.5822666666666667 0.036977777777777776 0.11405000000000001
0 0.9865888888888888 0.6186833333333333 0.026822222222222223 0.04976666666666667
0 0.5331 0.6436833333333333 0.036033333333333334 0.10451666666666667
0 0.5342111111111111 0.7778499999999999 0.040633333333333334 0.12284999999999999
0 0.5401555555555555 0.9365499999999999 0.038733333333333335 0.12476666666666666