0 0.2311111111111111 0.32893333333333336 0.03111111111111111 0.12785
0 0.6639666666666667 0.4633333333333333 0.04555555555555556 0.11333333333333333
0 0.13722222222222222 0.7483333333333333 0.03333333333333333 0.12333333333333334
0 0.042777777777777776 0.7766666666666666 0.08555555555555555 0.065
0 0.21888888888888888 0.8111833333333333 0.08586666666666667 0.0519
0 0.6855555555555556 0.8175 0.03666666666666667 0.06833333333333333
0 0.6027777777777777 0.8525 0.09555555555555556 0.07
0 0.7622222222222222 0.8934500000000001 0.08222222222222222 0.06166666666666667
0 0.0919888888888889 0.9023833333333332 0.044444444444444446 0.13833333333333334
0 0.03222222222222222 0.9091666666666667 0.04 0.12666666666666668
0 0.15666666666666668 0.14905000000000002 0.042222222222222223 0.12166666666666667
0 0.23936666666666667 0.1656 0.03825555555555556 0.12381666666666667