0 0.0010333333333333334 0.0015999999999999999 0.000044444444444444447 0.00011666666666666668
0 0.0010888888888888888 0.0015999999999999999 0.000044444444444444447 0.00013333333333333334
0 0.0007777777777777777 0.0016333333333333332 0.000033333333333333335 0.00008333333333333334
0 0.8205555555555556 0.44666666666666666 0.18 0.105
0 0.9772222222222222 0.5891666666666666 0.03222222222222222 0.11
0 0.9275444444444444 0.5964333333333334 0.03936666666666667 0.12643333333333334
0 0.6324555555555555 0.6027333333333333 0.04666666666666667 0.13833333333333334
0 0.8817444444444446 0.60405 0.03666666666666667 0.13118333333333332
0 0.8316666666666667 0.6093999999999999 0.03364444444444445 0.11715
0 0.7344444444444445 0.6133333333333333 0.03888888888888889 0.12333333333333334
0 0.7833333333333333 0.615 0.034444444444444444 0.11833333333333333
0 0.6452333333333333 0.09535 0.042855555555555556 0.12856666666666666
0 0.8794444444444445 0.9606 0.0354 0.0769
0 0.9292222222222222 0.9619833333333334 0.034333333333333334 0.07605
0 0.9762555555555555 0.9619833333333334 0.03673333333333333 0.07605
0 0.6533333333333333 0.9758333333333333 0.027777777777777776 0.045