0 0.4861111111111111 0.16833333333333333 0.07222222222222222 0.055
0 0.5705555555555556 0.18333333333333332 0.08444444444444445 0.06
0 0.8181777777777778 0.2044 0.07523333333333333 0.05405
0 0.9044444444444445 0.215 0.07555555555555556 0.051666666666666666
0 0.13348888888888888 0.3019 0.08032222222222223 0.06095
0 0.23555555555555555 0.32166666666666666 0.07777777777777778 0.056666666666666664
0 0.3525444444444445 0.3327333333333333 0.08984444444444445 0.06976666666666667
0 0.46444444444444444 0.35 0.08333333333333333 0.055
0 0.5633333333333334 0.36083333333333334 0.08666666666666667 0.04666666666666667
0 0.6646777777777778 0.38 0.0811111111111111 0.10595
0 0.7861111111111111 0.3933333333333333 0.08333333333333333 0.045
0 0.05762222222222222 0.10166666666666667 0.08523333333333333 0.065
0 0.2119 0.12451666666666665 0.07936666666666667 0.07118333333333333
0 0.3977777777777778 0.155 0.0811111111111111 0.05333333333333334