0 0.45166666666666666 0.175 0.07 0.08
0 0.605 0.18166666666666667 0.08666666666666667 0.065
0 0.2877777777777778 0.18356666666666666 0.08555555555555555 0.125
0 0.8816666666666667 0.2125 0.08666666666666667 0.085
0 0.4657111111111111 0.26321666666666665 0.08745555555555555 0.05715
0 0.3619 0.26439999999999997 0.03634444444444444 0.13
0 0.7944444444444444 0.2658333333333333 0.08777777777777777 0.07833333333333334
0 0.4633333333333333 0.32405 0.07618888888888888 0.06143333333333333
0 0.2222222222222222 0.3375 0.08 0.06166666666666667
0 0.6266666666666667 0.035833333333333335 0.04888888888888889 0.07166666666666667
0 0.46055555555555555 0.3875 0.07444444444444444 0.06166666666666667
0 0.26182222222222223 0.4232166666666667 0.0715888888888889 0.053566666666666665
0 0.43 0.043333333333333335 0.06555555555555556 0.058333333333333334
0 0.435 0.445 0.08777777777777777 0.07333333333333333
0 0.9266666666666666 0.48833333333333334 0.07777777777777778 0.12333333333333334
0 0.7861111111111111 0.5758333333333333 0.058888888888888886 0.12666666666666668
0 0.2561111111111111 0.8916666666666667 0.06555555555555556 0.06333333333333334
0 0.45 0.9033333333333333 0.08888888888888889 0.07333333333333333
0 0.47055555555555556 0.9675 0.07111111111111111 0.055
0 0.24237777777777778 0.9742833333333334 0.07507777777777777 0.05143333333333333
0 0.44055555555555553 0.10583333333333333 0.07111111111111111 0.06