0 0.30833333333333335 0.18083333333333335 0.08666666666666667 0.07
0 0.06341111111111111 0.22405 0.09967777777777777 0.06785000000000001
0 0.5438888888888889 0.305 0.03888888888888889 0.11666666666666667
0 0.3704 0.31988333333333335 0.04 0.11284999999999999
0 0.18055555555555555 0.43166666666666664 0.056666666666666664 0.20833333333333334
0 0.6007111111111111 0.6001166666666666 0.035555555555555556 0.11143333333333333
0 0.545 0.6208333333333333 0.03333333333333333 0.12166666666666667
0 0.4348444444444445 0.6302333333333333 0.044922222222222224 0.12761666666666666
0 0.6119 0.8061833333333333 0.051588888888888886 0.13905
0 0.5177777777777778 0.8375 0.07111111111111111 0.245
0 0.4477777777777778 0.8508333333333333 0.056666666666666664 0.21
0 0.3788111111111111 0.8586833333333334 0.06238888888888889 0.21618333333333334
0 0.43777777777777777 0.15666666666666668 0.11666666666666667 0.065