0 0.7883333333333333 0.17416666666666666 0.06888888888888889 0.10166666666666667
0 0.945 0.1906 0.08555555555555555 0.09
0 0.5033333333333333 0.34106666666666663 0.03936666666666667 0.11951666666666666
0 0.4577777777777778 0.355 0.042222222222222223 0.13166666666666665
0 0.5259555555555556 0.047733333333333336 0.04666666666666667 0.095
0 0.8731 0.4917833333333333 0.12047777777777778 0.06643333333333333
0 0.9689666666666668 0.5133333333333333 0.03507777777777778 0.11166666666666666
0 0.4808777777777778 0.06451666666666667 0.03905555555555555 0.1119
0 0.8927777777777778 0.635 0.08444444444444445 0.04
0 0.4338888888888889 0.065 0.04777777777777778 0.12833333333333333
0 0.6255555555555555 0.7133333333333334 0.035555555555555556 0.12166666666666667
0 0.47555555555555556 0.7225 0.03333333333333333 0.12833333333333333
0 0.5368222222222222 0.7229833333333334 0.031433333333333334 0.11594999999999998
0 0.8666666666666667 0.7858333333333334 0.12666666666666668 0.05333333333333334
0 0.5688888888888889 0.8658333333333333 0.04111111111111111 0.145
0 0.9635666666666667 0.8803500000000001 0.0354 0.14476666666666665
0 0.43222222222222223 0.8841666666666667 0.042222222222222223 0.13