0 0.0011 0.0006666666666666668 0.000033333333333333335 0.000049999999999999996
0 0.0011 0.0007666666666666667 0.000033333333333333335 0.000033333333333333335
0 0.0004555555555555555 0.0015999999999999999 0.000044444444444444447 0.00018333333333333334
0 0.0005111111111111112 0.0016333333333333332 0.00006666666666666667 0.00013333333333333334
0 0.00011111111111111112 0.00165 0.00007777777777777778 0.00006666666666666667
0 0.6177777777777778 0.25298333333333334 0.04143333333333333 0.12381666666666667
0 0.07222222222222222 0.6225 0.06555555555555556 0.07166666666666667
0 0.7783333333333333 0.06833333333333333 0.08333333333333333 0.058333333333333334
0 0.08833333333333333 0.6916666666666667 0.06222222222222222 0.07166666666666667
0 0.2826222222222222 0.7931 0.06682222222222223 0.11284999999999999
0 0.09412222222222222 0.8414333333333334 0.07111111111111111 0.06
0 0.3199222222222222 0.8423833333333334 0.05952222222222222 0.10571666666666667
0 0.3738888888888889 0.9133333333333333 0.06158888888888889 0.10333333333333333
0 0.09388888888888888 0.91785 0.08189999999999999 0.07618333333333334
0 0.9646 0.14201666666666665 0.0708 0.05595