0 0.0011 0.0007833333333333333 0.000011111111111111112 0.00021666666666666668
0 0.3427 0.3688166666666666 0.08729999999999999 0.05856666666666667
0 0.3369888888888889 0.4361833333333333 0.08143333333333334 0.05881666666666666
0 0.3584111111111111 0.04761666666666667 0.08793333333333334 0.0531
0 0.9133333333333333 0.4725 0.03 0.11666666666666667
0 0.9576222222222223 0.47583333333333333 0.02808888888888889 0.10833333333333334
0 0.8655555555555555 0.49333333333333335 0.03777777777777778 0.11166666666666666
0 0.7766666666666666 0.5141666666666667 0.03888888888888889 0.10333333333333333
0 0.6323000000000001 0.5241666666666667 0.034444444444444444 0.11666666666666667
0 0.49793333333333334 0.5361833333333333 0.03222222222222222 0.12333333333333334
0 0.9704777777777778 0.08465 0.0446 0.11451666666666666
0 0.835 0.12083333333333333 0.03888888888888889 0.13333333333333333
0 0.8827777777777778 0.12166666666666667 0.03222222222222222 0.12666666666666668
0 0.9296 0.12785 0.04078888888888889 0.11284999999999999
0 0.5994444444444444 0.12916666666666668 0.035555555555555556 0.10666666666666667
0 0.7188888888888889 0.13083333333333333 0.04666666666666667 0.12833333333333333