0 0.0007666666666666666 0.0016333333333333332 0.000044444444444444447 0.00011666666666666668
0 0.24833333333333332 0.2841666666666667 0.06555555555555556 0.09666666666666666
0 0.08722222222222223 0.0325 0.051111111111111114 0.065
0 0.3161111111111111 0.39 0.06111111111111111 0.09666666666666666
0 0.38 0.49083333333333334 0.07222222222222222 0.115
0 0.5770666666666667 0.5953499999999999 0.06967777777777778 0.11594999999999998
0 0.48388888888888887 0.6608333333333334 0.06888888888888889 0.1
0 0.6433333333333333 0.6991666666666667 0.08222222222222222 0.13666666666666666
0 0.6315111111111111 0.8936833333333334 0.06381111111111111 0.0969
0 0.6942222222222222 0.9744833333333335 0.05183333333333333 0.05105
0 0.145 0.12 0.06444444444444444 0.09833333333333333