0 0.0008444444444444444 0.0016166666666666666 0.000033333333333333335 0.00011666666666666668
0 0.030555555555555555 0.17 0.044444444444444446 0.12166666666666667
0 0.5432555555555556 0.46606666666666663 0.03967777777777778 0.12143333333333334
0 0.44595555555555555 0.47071666666666667 0.04 0.11666666666666667
0 0.3562666666666667 0.4731 0.04 0.14833333333333334
0 0.49873333333333336 0.4731 0.039844444444444446 0.12333333333333334
0 0.40373333333333333 0.48715 0.03523333333333333 0.11166666666666666
0 0.26055555555555554 0.49166666666666664 0.03222222222222222 0.1
0 0.30762222222222224 0.4919 0.03222222222222222 0.12
0 0.11118888888888888 0.4975 0.04206666666666667 0.13571666666666668
0 0.020955555555555554 0.50365 0.04191111111111111 0.13228333333333334
0 0.06293333333333333 0.5073833333333333 0.036033333333333334 0.11951666666666666
0 0.15467777777777778 0.5197666666666667 0.03492222222222222 0.1081
0 0.4597666666666667 0.59405 0.08095555555555556 0.07643333333333334
0 0.37189999999999995 0.6404833333333334 0.08381111111111111 0.10095
0 0.17245555555555556 0.66595 0.08206666666666666 0.06071666666666667
0 0.4938888888888889 0.08215 0.04126666666666667 0.1281
0 0.4452333333333333 0.08226666666666667 0.03936666666666667 0.12215000000000001
0 0.5477777777777778 0.08333333333333333 0.042222222222222223 0.13
0 0.7583000000000001 0.9604166666666667 0.034166666666666665 0.07916666666666666
0 0.7126444444444444 0.9739833333333333 0.036866666666666666 0.05201666666666667
0 0.3990444444444444 0.09916666666666667 0.04428888888888889 0.12715
0 0.35428888888888893 0.10821666666666668 0.04571111111111111 0.12571666666666667
0 0.3055555555555556 0.10916666666666666 0.03777777777777778 0.12833333333333333
0 0.16651111111111114 0.11298333333333334 0.038566666666666666 0.10261666666666666
0 0.07555555555555556 0.12083333333333333 0.05 0.12166666666666667
0 0.26245555555555555 0.125 0.04158888888888889 0.125