0 0.5799222222222221 0.17011666666666667 0.07984444444444444 0.11405000000000001
0 0.09954444444444445 0.27521666666666667 0.07194444444444445 0.05305
0 0.44333333333333336 0.029166666666666667 0.043333333333333335 0.058333333333333334
0 0.49666666666666665 0.051666666666666666 0.06555555555555556 0.09833333333333333
0 0.2038111111111111 0.6377333333333333 0.0427 0.13643333333333332
0 0.10944444444444444 0.07201666666666667 0.09777777777777778 0.095
0 0.1408777777777778 0.7526166666666666 0.08094444444444444 0.06428333333333333
0 0.1620666666666667 0.8298833333333333 0.08571111111111111 0.07071666666666666
0 0.15436666666666668 0.9017833333333334 0.07888888888888888 0.06451666666666667
0 0.5327000000000001 0.09618333333333333 0.07365555555555556 0.11215000000000001
0 0.14888888888888888 0.9760166666666666 0.08095555555555556 0.04798333333333333