0 0.12333333333333334 0.4425 0.08666666666666667 0.06333333333333334
0 0.13476666666666667 0.05785 0.08381111111111111 0.0481
0 0.12587777777777778 0.5676166666666667 0.0892 0.053566666666666665
0 0.11507777777777776 0.6415500000000001 0.0915888888888889 0.06928333333333334
0 0.12762222222222222 0.7452333333333333 0.08270000000000001 0.07571666666666667
0 0.575 0.8 0.044444444444444446 0.08
0 0.4677777777777778 0.8516666666666667 0.04111111111111111 0.10333333333333333
0 0.4172222222222222 0.8716666666666667 0.05333333333333334 0.12666666666666668
0 0.145 0.01 0.07111111111111111 0.02
0 0.10277777777777777 0.15416666666666667 0.0811111111111111 0.043333333333333335
0 0.022644444444444443 0.16253333333333334 0.045288888888888885 0.05631666666666667