0 0.0003444444444444444 0.0016166666666666666 0.00009999999999999999 0.00009999999999999999
0 0.00013333333333333334 0.0016333333333333332 0.00008888888888888889 0.00013333333333333334
0 0.00044444444444444447 0.0016333333333333332 0.00008888888888888889 0.00009999999999999999
0 0.6678555555555556 0.8222666666666667 0.08873333333333333 0.05595
0 0.01658888888888889 0.8281000000000001 0.03317777777777778 0.05976666666666666
0 0.9210333333333333 0.9575 0.07365555555555556 0.054516666666666665
0 0.8324555555555556 0.9589333333333333 0.08 0.06118333333333333
0 0.3116222222222222 0.9713499999999999 0.09218888888888889 0.057300000000000004
0 0.49722222222222223 0.9725 0.08555555555555555 0.043333333333333335
0 0.1246 0.9744833333333335 0.08479999999999999 0.05105
0 0.4013777777777778 0.9744833333333335 0.07586666666666667 0.05105