0 0.0009555555555555555 0.0014166666666666666 0.00014444444444444444 0.00055
0 0.0005888888888888889 0.0016166666666666666 0.00006666666666666667 0.00015
0 0.0003333333333333333 0.0016333333333333332 0.000033333333333333335 0.00008333333333333334
0 0.23444444444444446 0.21166666666666667 0.05555555555555555 0.10833333333333334
0 0.015399999999999999 0.22008333333333335 0.030799999999999998 0.10148333333333333
0 0.2783333333333333 0.3233333333333333 0.06 0.10166666666666667
0 0.04833333333333333 0.3358333333333333 0.058888888888888886 0.12166666666666667
0 0.32944444444444443 0.45 0.06111111111111111 0.11833333333333333
0 0.10444444444444445 0.46416666666666667 0.06444444444444444 0.12
0 0.89 0.6875 0.07333333333333333 0.07833333333333334
0 0.20666666666666667 0.7416666666666667 0.10777777777777778 0.195
0 0.35944444444444446 0.7816666666666666 0.19555555555555557 0.43666666666666665
0 0.4905555555555556 0.8616666666666667 0.07 0.12833333333333333
0 0.26611111111111113 0.8966666666666666 0.06666666666666667 0.125
0 0.5355333333333333 0.9593833333333334 0.05528888888888889 0.08125
0 0.30145555555555553 0.9775999999999999 0.049633333333333335 0.0448