0 0.0011 0.00008333333333333334 0.000033333333333333335 0.00015
0 0.0010888888888888888 0.0007999999999999999 0.00005555555555555556 0.00023333333333333336
0 0.0002777777777777778 0.0016166666666666666 0.00007777777777777778 0.00013333333333333334
0 0.08396666666666666 0.18738333333333335 0.06793333333333333 0.1631
0 0.6966666666666667 0.19416666666666665 0.05 0.12
0 0.2720666666666667 0.2069 0.08952222222222221 0.075
0 0.6583333333333333 0.2125 0.04 0.12833333333333333
0 0.4381777777777778 0.0231 0.08713333333333334 0.04618333333333333
0 0.5838888888888889 0.24083333333333334 0.05333333333333334 0.09333333333333334
0 0.7722222222222223 0.025833333333333333 0.03333333333333333 0.051666666666666666
0 0.5405555555555556 0.2683333333333333 0.052222222222222225 0.11166666666666666
0 0.48944444444444446 0.2833333333333333 0.04555555555555556 0.08666666666666667
0 0.10436666666666668 0.3019 0.07 0.0831
0 0.71 0.03166666666666667 0.03222222222222222 0.051666666666666666
0 0.4411111111111111 0.3275 0.06 0.12333333333333334
0 0.21722222222222223 0.035 0.08666666666666667 0.07
0 0.31745555555555555 0.3647666666666667 0.08015555555555555 0.08881666666666667
0 0.11555555555555555 0.38083333333333336 0.08333333333333333 0.11333333333333333
0 0.1411111111111111 0.44 0.0811111111111111 0.11333333333333333
0 0.3188888888888889 0.4508333333333333 0.08888888888888889 0.07
0 0.9752777777777778 0.4732833333333334 0.048655555555555556 0.12571666666666667
0 0.8316666666666667 0.48083333333333333 0.04666666666666667 0.11833333333333333
0 0.7877777777777778 0.5083333333333333 0.04777777777777778 0.13333333333333333
0 0.15611111111111112 0.51 0.08333333333333333 0.08166666666666667
0 0.9862333333333333 0.0522 0.027533333333333333 0.1044
0 0.3283333333333333 0.5266666666666666 0.08333333333333333 0.07666666666666666
0 0.7300777777777778 0.53215 0.051111111111111114 0.12
0 0.6788888888888889 0.5741666666666667 0.05555555555555555 0.11333333333333333
0 0.3461111111111111 0.58285 0.08729999999999999 0.0719
0 0.6677777777777778 0.059166666666666666 0.04888888888888889 0.11833333333333333
0 0.16444444444444445 0.5858333333333333 0.08 0.08833333333333333
0 0.6283333333333333 0.5875 0.04888888888888889 0.115
0 0.573811111111111 0.6013166666666667 0.052222222222222225 0.12976666666666667
0 0.5233333333333333 0.6152333333333333 0.04936666666666667 0.14023333333333332
0 0.9377777777777778 0.06333333333333334 0.04777777777777778 0.12666666666666668
0 0.5661111111111111 0.06583333333333333 0.05444444444444444 0.13166666666666665
0 0.4811111111111111 0.6533333333333333 0.03777777777777778 0.12166666666666667
0 0.17888888888888888 0.6608333333333334 0.08555555555555555 0.07666666666666666
0 0.4350777777777778 0.67905 0.05285555555555556 0.1342833333333333
0 0.20277777777777778 0.7308333333333333 0.07 0.06333333333333334
0 0.2388888888888889 0.07333333333333333 0.08888888888888889 0.09166666666666666
0 0.8905555555555555 0.0775 0.044444444444444446 0.13333333333333333
0 0.21412222222222224 0.8186833333333333 0.08714444444444445 0.08048333333333334
0 0.07444444444444444 0.08583333333333333 0.05333333333333334 0.09
0 0.23833333333333334 0.9066666666666666 0.08333333333333333 0.07333333333333333
0 0.8416666666666667 0.095 0.05 0.11833333333333333
0 0.2514888888888889 0.9692666666666666 0.07468888888888889 0.06146666666666667
0 0.26555555555555554 0.1175 0.09333333333333334 0.09833333333333333
0 0.795 0.11916666666666667 0.051111111111111114 0.12333333333333334
0 0.5233333333333333 0.12666666666666668 0.04555555555555556 0.1
0 0.7388888888888889 0.13606666666666667 0.056822222222222225 0.12761666666666666