0 0.4166666666666667 0.16666666666666666 0.04 0.11
0 0.3661111111111111 0.18916666666666668 0.06444444444444444 0.13
0 0.26611111111111113 0.24416666666666667 0.05333333333333334 0.11666666666666667
0 0.6415888888888889 0.3504833333333333 0.07237777777777778 0.16071666666666667
0 0.7717444444444445 0.5317833333333333 0.11333333333333333 0.1081
0 0.5333333333333333 0.6491666666666667 0.2 0.125
0 0.03007777777777778 0.07106666666666667 0.06015555555555556 0.08618333333333333
0 0.6512666666666667 0.8901166666666668 0.0903111111111111 0.2197666666666667
0 0.22333333333333333 0.895 0.15777777777777777 0.14
0 0.7946888888888889 0.09238333333333333 0.053177777777777775 0.11951666666666666
0 0.4361666666666667 0.9773833333333333 0.058444444444444445 0.045233333333333334
0 0.49 0.1075 0.05333333333333334 0.11