0 0.0011 0.0012 0.000044444444444444447 0.00018333333333333334
0 0.9601555555555555 0.26356666666666667 0.03476666666666667 0.10451666666666667
0 0.9527 0.5 0.044444444444444446 0.10476666666666666
0 0.8423777777777778 0.57285 0.03507777777777778 0.11
0 0.7504000000000001 0.5776166666666667 0.04 0.11666666666666667
0 0.26285555555555556 0.6201166666666666 0.0392 0.12428333333333332
0 0.6311111111111111 0.6378499999999999 0.08143333333333334 0.055233333333333336
0 0.0396 0.6444 0.03412222222222222 0.10023333333333334
0 0.3469 0.66405 0.08571111111111111 0.05071666666666667
0 0.7128555555555556 0.7248833333333333 0.03587777777777778 0.11215000000000001
0 0.9872777777777777 0.7260000000000001 0.025444444444444443 0.11658333333333334
0 0.7488111111111111 0.12201666666666666 0.052222222222222225 0.10571666666666667