0 0.00008888888888888889 0.0015666666666666665 0.00005555555555555556 0.00021666666666666668
0 0.0006777777777777778 0.0016166666666666666 0.00009999999999999999 0.00011666666666666668
0 0.7597666666666666 0.5661833333333333 0.04697777777777778 0.12166666666666667
0 0.8823777777777778 0.5883333333333334 0.03952222222222222 0.12405000000000001
0 0.7107111111111111 0.5976166666666667 0.05032222222222222 0.11905000000000002
0 0.6610333333333333 0.6151166666666666 0.04936666666666667 0.12643333333333334
0 0.6111888888888889 0.6432166666666667 0.046033333333333336 0.12215000000000001
0 0.5673 0.66345 0.050477777777777774 0.14166666666666666
0 0.5192888888888889 0.6870166666666666 0.051111111111111114 0.12405000000000001
0 0.47333333333333333 0.70465 0.0554 0.1342833333333333
0 0.4166666666666667 0.7225 0.05 0.12833333333333333
0 0.36444444444444446 0.745 0.051111111111111114 0.13
0 0.3257111111111111 0.7847666666666667 0.05333333333333334 0.12333333333333334
0 0.2723777777777778 0.8019 0.059366666666666665 0.13833333333333334
0 0.22515555555555555 0.82215 0.04762222222222222 0.11
0 0.9482555555555555 0.8395166666666666 0.06967777777777778 0.07214999999999999
0 0.17912222222222224 0.8467833333333333 0.057944444444444444 0.13285
0 0.1295222222222222 0.8772666666666666 0.04396666666666667 0.11309999999999999
0 0.8296 0.88215 0.0869888888888889 0.07143333333333333
0 0.7361888888888889 0.9184500000000001 0.08428888888888889 0.08023333333333334
0 0.07612222222222223 0.9353333333333335 0.048966666666666665 0.12483333333333334
0 0.032544444444444445 0.9557333333333334 0.04374444444444444 0.08855
0 0.6151 0.9626333333333335 0.08526666666666666 0.06691666666666667