0 0.7705555555555555 0.19916666666666666 0.07777777777777778 0.07166666666666667
0 0.40126666666666666 0.24856666666666663 0.046344444444444445 0.12143333333333334
0 0.5249222222222222 0.2497666666666667 0.05333333333333334 0.12643333333333334
0 0.7866666666666666 0.2733333333333333 0.07666666666666666 0.06666666666666667
0 0.7988888888888889 0.345 0.08 0.06666666666666667
0 0.7455555555555555 0.035 0.07 0.07
0 0.555 0.39166666666666666 0.04777777777777778 0.115
0 0.8068222222222222 0.40773333333333334 0.07555555555555556 0.06238333333333333
0 0.8286555555555555 0.4644 0.07777777777777778 0.07833333333333334
0 0.5877777777777777 0.5308333333333334 0.044444444444444446 0.105
0 0.8442888888888889 0.5404833333333333 0.08174444444444444 0.07023333333333333
0 0.8633333333333333 0.6058333333333333 0.07333333333333333 0.06833333333333333
0 0.6086111111111111 0.6496833333333334 0.05283333333333333 0.12228333333333334
0 0.8694444444444445 0.6738166666666667 0.0854 0.07143333333333333
0 0.8833333333333333 0.7241666666666666 0.07888888888888888 0.07333333333333333
0 0.8977777777777778 0.7841666666666667 0.07888888888888888 0.09333333333333334
0 0.48944444444444446 0.08 0.042222222222222223 0.11666666666666667
0 0.903811111111111 0.8575 0.08571111111111111 0.07166666666666667
0 0.66 0.9016666666666666 0.05555555555555555 0.13333333333333333
0 0.9238888888888889 0.935 0.09777777777777778 0.08833333333333333
0 0.7538888888888889 0.135 0.07666666666666666 0.056666666666666664