0 0.0010888888888888888 0.0013833333333333332 0.000044444444444444447 0.00009999999999999999
0 0.0010777777777777778 0.0015166666666666668 0.00007777777777777778 0.00009999999999999999
0 0.18666666666666668 0.19416666666666665 0.08428888888888889 0.059283333333333334
0 0.9211111111111111 0.22583333333333333 0.06555555555555556 0.2966666666666667
0 0.17936666666666667 0.25655 0.07904444444444444 0.05905
0 0.35055555555555556 0.265 0.035555555555555556 0.12833333333333333
0 0.16833333333333333 0.3275 0.07555555555555556 0.04833333333333333
0 0.265 0.3892833333333333 0.05444444444444444 0.1281
0 0.1804777777777778 0.43666666666666665 0.05967777777777778 0.10784999999999999
0 0.02721111111111111 0.64625 0.05441111111111111 0.12
0 0.9796333333333332 0.8222 0.04072222222222222 0.05898333333333333
0 0.9664444444444444 0.9039999999999999 0.06711111111111111 0.06631666666666666
0 0.19254444444444443 0.11345 0.08507777777777777 0.065