0 0.16 0.18083333333333335 0.07555555555555556 0.055
0 0.8000777777777779 0.19023333333333334 0.04808888888888889 0.12284999999999999
0 0.08444444444444445 0.21333333333333335 0.07666666666666666 0.058333333333333334
0 0.7043666666666666 0.22381666666666666 0.04777777777777778 0.14166666666666666
0 0.5989666666666668 0.02845 0.08682222222222222 0.0569
0 0.4434111111111111 0.31988333333333335 0.05 0.13833333333333334
0 0.28055555555555556 0.3825 0.04666666666666667 0.135
0 0.23 0.4 0.04555555555555556 0.13166666666666665
0 0.17833333333333334 0.42833333333333334 0.05333333333333334 0.13166666666666665
0 0.09833333333333333 0.4683333333333333 0.04666666666666667 0.12833333333333333
0 0.3655555555555556 0.10666666666666667 0.07 0.06666666666666667
0 0.2683333333333333 0.14666666666666667 0.08444444444444445 0.07833333333333334