0 0.8211111111111111 0.1725 0.07222222222222222 0.09166666666666666
0 0.4538888888888889 0.29333333333333333 0.03333333333333333 0.10333333333333333
0 0.5516666666666666 0.2941666666666667 0.03777777777777778 0.13
0 0.6044444444444445 0.3025 0.035555555555555556 0.12833333333333333
0 0.7033333333333334 0.30416666666666664 0.03333333333333333 0.11333333333333333
0 0.6516666666666666 0.31333333333333335 0.035555555555555556 0.135
0 0.8020666666666667 0.35583333333333333 0.09222222222222222 0.11166666666666666
0 0.5816666666666667 0.03916666666666667 0.022222222222222223 0.07833333333333334
0 0.4822222222222222 0.04 0.03333333333333333 0.06833333333333333
0 0.5011111111111111 0.4216666666666667 0.035555555555555556 0.12666666666666668
0 0.81 0.43 0.07666666666666666 0.07666666666666666
0 0.5572222222222222 0.43583333333333335 0.03777777777777778 0.115
0 0.6527777777777778 0.4533333333333333 0.04111111111111111 0.12333333333333334
0 0.8077777777777778 0.5141666666666667 0.09222222222222222 0.11333333333333333
0 0.5388888888888889 0.0525 0.04777777777777778 0.09333333333333334
0 0.675 0.0525 0.03 0.105
0 0.7287333333333333 0.053816666666666665 0.03587777777777778 0.10761666666666665
0 0.7727777777777778 0.059166666666666666 0.043333333333333335 0.11833333333333333
0 0.8038888888888889 0.6516666666666666 0.08333333333333333 0.125
0 0.44651111111111114 0.6572666666666667 0.0327 0.115
0 0.49722222222222223 0.675 0.044444444444444446 0.12333333333333334
0 0.5888888888888889 0.6883333333333334 0.03 0.115
0 0.8005555555555556 0.7766666666666666 0.09666666666666666 0.12
0 0.7992888888888889 0.9206 0.08888888888888889 0.10333333333333333