0 0.0008444444444444444 0.0015999999999999999 0.000033333333333333335 0.00015
0 0.12444444444444444 0.43166666666666664 0.03888888888888889 0.11666666666666667
0 0.3794444444444444 0.5208333333333334 0.027777777777777776 0.10333333333333333
0 0.3338888888888889 0.5508333333333333 0.04777777777777778 0.12
0 0.6572222222222223 0.58 0.08555555555555555 0.07666666666666666
0 0.08888888888888889 0.7691666666666667 0.035555555555555556 0.115
0 0.6627777777777778 0.7725 0.07 0.06166666666666667
0 0.39111111111111113 0.8683333333333333 0.043333333333333335 0.11333333333333333
0 0.19166666666666668 0.9108333333333334 0.04 0.10833333333333334
0 0.09912222222222221 0.9111833333333333 0.03651111111111111 0.12381666666666667
0 0.9238888888888889 0.9383333333333334 0.034444444444444444 0.10666666666666667
0 0.7593888888888889 0.9552166666666667 0.0419 0.08958333333333333