0 0.07745555555555556 0.31511666666666666 0.0826888888888889 0.056666666666666664
0 0.2654777777777778 0.32143333333333335 0.08428888888888889 0.05548333333333333
0 0.17095555555555558 0.32535000000000003 0.08523333333333333 0.05761666666666667
0 0.5627 0.3401166666666667 0.08222222222222222 0.056666666666666664
0 0.7848333333333334 0.35035 0.0892 0.06905
0 0.9749222222222221 0.3613166666666667 0.05015555555555556 0.0631
0 0.029366666666666666 0.44534999999999997 0.05873333333333333 0.06
0 0.11682222222222222 0.44893333333333335 0.0903111111111111 0.0631
0 0.2634888888888889 0.46166666666666667 0.0869888888888889 0.05976666666666666
0 0.5016666666666667 0.4756 0.08444444444444445 0.06381666666666666
0 0.6069 0.4777333333333333 0.08158888888888889 0.05118333333333334
0 0.9447666666666666 0.49738333333333334 0.07825555555555556 0.055716666666666664