0 0.0009555555555555555 0.0015666666666666665 0.00006666666666666667 0.00021666666666666668
0 0.00047777777777777776 0.0015833333333333333 0.00005555555555555556 0.00019999999999999998
0 0.0008222222222222222 0.0015833333333333333 0.00005555555555555556 0.00018333333333333334
0 0.0008888888888888889 0.0015833333333333333 0.000044444444444444447 0.00018333333333333334
0 0.00036666666666666667 0.0015999999999999999 0.00006666666666666667 0.00018333333333333334
0 0.0004222222222222222 0.0016166666666666666 0.000044444444444444447 0.00013333333333333334
0 0.964211111111111 0.5401166666666667 0.037144444444444445 0.056433333333333335
0 0.8233999999999999 0.8190500000000001 0.03291111111111111 0.1
0 0.8272222222222222 0.8191666666666667 0.03777777777777778 0.10166666666666667
0 0.7672222222222222 0.82 0.043333333333333335 0.11166666666666666
0 0.7194444444444444 0.8283333333333334 0.04777777777777778 0.12833333333333333
0 0.6788888888888889 0.8675 0.05444444444444444 0.13666666666666666
0 0.5816666666666667 0.9025 0.05444444444444444 0.13166666666666665
0 0.47888888888888886 0.9266666666666666 0.04777777777777778 0.11166666666666666
0 0.4361666666666667 0.9392833333333335 0.05526666666666667 0.12143333333333334
0 0.8543555555555555 0.9428500000000001 0.05438888888888889 0.11428333333333332
0 0.7980111111111111 0.94405 0.05277777777777778 0.1119
0 0.7456333333333334 0.9464333333333333 0.05197777777777778 0.10715000000000001
0 0.37903333333333333 0.9583333333333334 0.045766666666666664 0.08333333333333333
0 0.9269888888888889 0.9754833333333333 0.04094444444444444 0.049049999999999996
0 0.32984444444444444 0.9761833333333334 0.03944444444444444 0.04761666666666667
0 0.9741666666666666 0.9761833333333334 0.0392 0.04761666666666667