0 0.00012222222222222221 0.0015833333333333333 0.000033333333333333335 0.00018333333333333334
0 0.6312666666666666 0.3022666666666667 0.03428888888888889 0.1288166666666667
0 0.49166666666666664 0.3175 0.035555555555555556 0.125
0 0.4488888888888889 0.335 0.03777777777777778 0.13
0 0.40555555555555556 0.3358333333333333 0.03222222222222222 0.12833333333333333
0 0.54 0.3358333333333333 0.03666666666666667 0.11166666666666666
0 0.3638888888888889 0.3433333333333333 0.03888888888888889 0.12333333333333334
0 0.22444444444444445 0.3458333333333333 0.03111111111111111 0.11166666666666666
0 0.27166666666666667 0.3458333333333333 0.027777777777777776 0.11666666666666667
0 0.5762666666666667 0.03548333333333333 0.024288888888888888 0.07095
0 0.31277777777777777 0.3525 0.028888888888888888 0.11333333333333333
0 0.135 0.3541666666666667 0.03666666666666667 0.11
0 0.17904444444444442 0.3545166666666667 0.03174444444444444 0.11451666666666666
0 0.6211888888888889 0.0369 0.0292 0.0738
0 0.042222222222222223 0.37333333333333335 0.028888888888888888 0.12166666666666667
0 0.08833333333333333 0.38 0.035555555555555556 0.13333333333333333
0 0.5321444444444444 0.04 0.02666666666666667 0.08
0 0.3938111111111111 0.045116666666666666 0.029366666666666666 0.09023333333333333
0 0.12055555555555555 0.04583333333333333 0.034444444444444444 0.09166666666666666
0 0.43873333333333336 0.04583333333333333 0.04555555555555556 0.09166666666666666
0 0.07277777777777777 0.04583333333333333 0.028888888888888888 0.09166666666666666
0 0.5869000000000001 0.4585666666666666 0.03666666666666667 0.09666666666666666
0 0.4083333333333333 0.4725 0.025555555555555557 0.09333333333333334
0 0.5505555555555556 0.475 0.03888888888888889 0.12166666666666667
0 0.5038888888888889 0.4775 0.03888888888888889 0.135
0 0.26896666666666663 0.4807166666666667 0.035555555555555556 0.10548333333333333
0 0.4858777777777778 0.048683333333333335 0.031266666666666665 0.09736666666666667
0 0.225 0.4841666666666667 0.03333333333333333 0.12333333333333334
0 0.3638888888888889 0.4866666666666667 0.03333333333333333 0.135
0 0.45666666666666667 0.4875 0.04888888888888889 0.125
0 0.32 0.49416666666666664 0.03222222222222222 0.12833333333333333
0 0.26055555555555554 0.050833333333333335 0.03 0.10166666666666667
0 0.1827777777777778 0.5016666666666667 0.042222222222222223 0.12333333333333334
0 0.13571111111111112 0.5044 0.0346 0.11881666666666668
0 0.04555555555555556 0.5125 0.043333333333333335 0.11833333333333333
0 0.09 0.5275 0.03888888888888889 0.12666666666666668
0 0.21555555555555556 0.05416666666666667 0.03222222222222222 0.1
0 0.1638888888888889 0.0575 0.043333333333333335 0.11333333333333333
0 0.026111111111111113 0.059166666666666666 0.03333333333333333 0.11833333333333333
0 0.30333333333333334 0.06 0.034444444444444444 0.12
0 0.6472222222222223 0.7541666666666667 0.03111111111111111 0.09666666666666666
0 0.46444444444444444 0.7591666666666667 0.03333333333333333 0.105
0 0.5984888888888888 0.76095 0.03841111111111111 0.12666666666666668
0 0.5535666666666667 0.7625 0.035555555555555556 0.13
0 0.5086555555555555 0.7686833333333333 0.03571111111111111 0.1269
0 0.23555555555555555 0.785 0.027777777777777776 0.12666666666666668
0 0.19333333333333333 0.7883333333333333 0.04 0.13333333333333333
0 0.32 0.7883333333333333 0.035555555555555556 0.115
0 0.2792111111111111 0.79035 0.03381111111111111 0.11951666666666666
0 0.15 0.8083333333333333 0.043333333333333335 0.085
0 0.10666666666666667 0.8083333333333333 0.052222222222222225 0.12
0 0.05467777777777778 0.8186833333333333 0.03317777777777778 0.11405000000000001
0 0.018333333333333333 0.8241666666666667 0.023333333333333334 0.105
0 0.6477777777777778 0.8975 0.03222222222222222 0.12666666666666668
0 0.5127 0.9094 0.03364444444444445 0.12451666666666665
0 0.37666666666666665 0.92 0.04555555555555556 0.13166666666666665
0 0.28944444444444445 0.9341666666666667 0.03 0.12166666666666667
0 0.23666666666666666 0.9391666666666667 0.03111111111111111 0.12
0 0.14888888888888888 0.9416666666666667 0.034444444444444444 0.09666666666666666
0 0.013144444444444445 0.9458333333333333 0.0263 0.10833333333333334
0 0.1062 0.9494833333333335 0.04106666666666667 0.10105
0 0.05658888888888889 0.9502333333333333 0.03206666666666667 0.09951666666666667