0 0.00015555555555555556 0.00165 0.00008888888888888889 0.00009999999999999999
0 0.32166666666666666 0.17333333333333334 0.034444444444444444 0.13333333333333333
0 0.17555555555555555 0.29761666666666664 0.028255555555555555 0.0969
0 0.5342888888888889 0.29905000000000004 0.04 0.12976666666666667
0 0.12777777777777777 0.39666666666666667 0.027777777777777776 0.125
0 0.3383333333333333 0.44083333333333335 0.04 0.08333333333333333
0 0.17666666666666667 0.455 0.028888888888888888 0.11833333333333333
0 0.5454 0.46071666666666666 0.03793333333333333 0.12738333333333335
0 0.5517444444444445 0.6073833333333334 0.044444444444444446 0.12476666666666666
0 0.5555555555555556 0.735 0.03777777777777778 0.09666666666666666
0 0.13444444444444445 0.7525 0.08666666666666667 0.056666666666666664
0 0.34848888888888885 0.8007166666666666 0.03952222222222222 0.13451666666666665
0 0.8955555555555555 0.8841666666666667 0.07777777777777778 0.065
0 0.5611111111111111 0.9258333333333333 0.03666666666666667 0.11333333333333333
0 0.3523 0.9352333333333334 0.03936666666666667 0.12951666666666667
0 0.14353333333333335 0.9770833333333333 0.07962222222222222 0.04583333333333333
0 0.5299222222222222 0.14523333333333333 0.033966666666666666 0.11476666666666667
0 0.9793666666666666 0.16451666666666664 0.04126666666666667 0.05761666666666667