0 0.00008888888888888889 0.0015833333333333333 0.00006666666666666667 0.00019999999999999998
0 0.6194444444444445 0.23333333333333334 0.09222222222222222 0.1
0 0.049444444444444444 0.395 0.04666666666666667 0.11333333333333333
0 0.09222222222222222 0.4225 0.04888888888888889 0.11166666666666666
0 0.1338888888888889 0.4375 0.051111111111111114 0.11666666666666667
0 0.17722222222222223 0.4633333333333333 0.04777777777777778 0.11666666666666667
0 0.2222222222222222 0.4891666666666667 0.04777777777777778 0.13
0 0.8927777777777778 0.5291666666666667 0.08333333333333333 0.11333333333333333
0 0.02192222222222222 0.54435 0.043833333333333335 0.13244999999999998
0 0.06222222222222222 0.57 0.044444444444444446 0.11833333333333333
0 0.14722222222222223 0.5941666666666666 0.058888888888888886 0.135
0 0.1912111111111111 0.6135333333333334 0.0476 0.12993333333333332
0 0.03111111111111111 0.9275 0.05 0.12166666666666667
0 0.0709111111111111 0.9474000000000001 0.05798888888888889 0.10521666666666667