0 0.0011 0.00021666666666666668 0.000022222222222222223 0.00019999999999999998
0 0.8044444444444444 0.1775 0.03777777777777778 0.10333333333333333
0 0.7277777777777777 0.18333333333333332 0.028888888888888888 0.12
0 0.6816666666666666 0.19416666666666665 0.043333333333333335 0.11333333333333333
0 0.8155555555555556 0.43666666666666665 0.06777777777777778 0.06
0 0.7066666666666667 0.45666666666666667 0.08444444444444445 0.06666666666666667
0 0.505 0.6925 0.06333333333333334 0.03166666666666667
0 0.8005555555555556 0.9508333333333333 0.08888888888888889 0.058333333333333334
0 0.9876 0.13451666666666665 0.0248 0.13571666666666668
0 0.9083333333333333 0.16 0.03666666666666667 0.12333333333333334
0 0.8505555555555555 0.1625 0.042222222222222223 0.11166666666666666