0 0.00006666666666666667 0.0015666666666666665 0.00006666666666666667 0.00019999999999999998
0 0.03 0.21178333333333332 0.06 0.08
0 0.04047777777777778 0.28035 0.08046666666666667 0.0681
0 0.05444444444444444 0.34845 0.08078888888888888 0.06856666666666666
0 0.0581 0.4182166666666667 0.0773 0.05761666666666667
0 0.0796 0.4723833333333333 0.08333333333333333 0.08166666666666667
0 0.09515555555555556 0.54655 0.08348888888888889 0.07118333333333333
0 0.11388888888888889 0.6158333333333333 0.07333333333333333 0.06833333333333333
0 0.12166666666666667 0.6766666666666666 0.08444444444444445 0.075
0 0.13444444444444445 0.7366666666666667 0.0811111111111111 0.06833333333333333
0 0.15023333333333333 0.7961833333333334 0.08333333333333333 0.09048333333333333
0 0.15206666666666668 0.8719 0.08396666666666666 0.08333333333333333
0 0.06111111111111111 0.9416666666666667 0.05366666666666666 0.11666666666666667
0 0.1738888888888889 0.9433333333333334 0.09222222222222222 0.08
0 0.024777777777777777 0.13721666666666665 0.049555555555555554 0.06306666666666667