0 0.07277777777777777 0.18 0.07666666666666666 0.07333333333333333
0 0.08722222222222223 0.23333333333333334 0.07222222222222222 0.06666666666666667
0 0.1065888888888889 0.28714999999999996 0.0784111111111111 0.07166666666666667
0 0.03975555555555556 0.03606666666666667 0.07952222222222222 0.07214999999999999
0 0.11706666666666667 0.3504833333333333 0.08333333333333333 0.07048333333333333
0 0.13595555555555555 0.4197666666666667 0.09079999999999999 0.0819
0 0.15055555555555555 0.4891666666666667 0.07666666666666666 0.07333333333333333
0 0.155 0.5556 0.08729999999999999 0.08451666666666667
0 0.1638888888888889 0.6275 0.08555555555555555 0.095
0 0.18865555555555555 0.6766666666666666 0.0784111111111111 0.07548333333333333
0 0.0604 0.09738333333333334 0.08 0.08761666666666666