0 0.0010777777777777778 0.0011 0.00006666666666666667 0.00008333333333333334
0 0.0010888888888888888 0.0012166666666666667 0.00005555555555555556 0.00008333333333333334
0 0.0011 0.00135 0.000033333333333333335 0.00006666666666666667
0 0.8792888888888889 0.17905000000000001 0.0869888888888889 0.07476666666666666
0 0.895 0.2525 0.07333333333333333 0.065
0 0.8418222222222222 0.027383333333333332 0.07015555555555555 0.054766666666666665
0 0.8973000000000001 0.32048333333333334 0.08126666666666667 0.06976666666666667
0 0.9251555555555555 0.3797666666666667 0.08714444444444445 0.075
0 0.9396 0.45344999999999996 0.08126666666666667 0.08095
0 0.9463444444444444 0.5310666666666667 0.08555555555555555 0.07666666666666666
0 0.9572222222222222 0.5972666666666667 0.08444444444444445 0.07333333333333333
0 0.9692222222222222 0.6579833333333334 0.06155555555555555 0.07013333333333333
0 0.7583333333333333 0.6766666666666666 0.06111111111111111 0.15833333333333333
0 0.8254777777777778 0.6963166666666667 0.054288888888888887 0.13071666666666668
0 0.9786 0.7242166666666666 0.04281111111111111 0.06508333333333333
0 0.9844999999999999 0.8000166666666666 0.031 0.07086666666666668
0 0.7377777777777778 0.9033333333333333 0.08 0.07333333333333333
0 0.8666666666666667 0.10666666666666667 0.07888888888888888 0.07333333333333333