0 0.43666666666666665 0.24 0.06444444444444444 0.17666666666666667
0 0.2881 0.30655 0.028733333333333333 0.10523333333333333
0 0.4541222222222222 0.39285000000000003 0.08047777777777779 0.12428333333333332
0 0.4688888888888889 0.4741666666666667 0.06555555555555556 0.10333333333333333
0 0.48777777777777775 0.6089333333333333 0.04507777777777778 0.13166666666666665
0 0.3277777777777778 0.6483333333333333 0.04 0.13166666666666665
0 0.4847666666666667 0.7242833333333333 0.08031111111111111 0.06071666666666667
0 0.4870666666666667 0.8590499999999999 0.08841111111111111 0.06215
0 0.34833333333333333 0.9241666666666667 0.03777777777777778 0.12
0 0.49277777777777776 0.945 0.0811111111111111 0.06833333333333333
0 0.2791222222222222 0.15 0.03808888888888889 0.13023333333333334