0 0.7319 0.024283333333333334 0.03078888888888889 0.04856666666666667
0 0.8772222222222222 0.24666666666666667 0.044444444444444446 0.11333333333333333
0 0.7911111111111111 0.27416666666666667 0.04666666666666667 0.10166666666666667
0 0.7166666666666667 0.2891666666666667 0.06 0.125
0 0.61 0.04 0.035555555555555556 0.08
0 0.6535666666666667 0.04083333333333333 0.03111111111111111 0.08166666666666667
0 0.5577777777777778 0.04833333333333333 0.035555555555555556 0.09666666666666666
0 0.5138888888888888 0.0575 0.042222222222222223 0.11
0 0.6019888888888888 0.6323833333333333 0.10888888888888888 0.085
0 0.9283333333333333 0.6816666666666666 0.0811111111111111 0.058333333333333334
0 0.029633333333333334 0.8403833333333334 0.059277777777777776 0.06715
0 0.19277777777777777 0.165 0.051111111111111114 0.13