0 0.9413444444444445 0.19535 0.08492222222222223 0.06238333333333333
0 0.5902333333333334 0.19905 0.036033333333333334 0.11405000000000001
0 0.7946 0.20511666666666664 0.03618888888888889 0.13523333333333334
0 0.7965888888888888 0.33094999999999997 0.0381 0.09928333333333333
0 0.5980111111111112 0.36310000000000003 0.0373 0.12666666666666668
0 0.9466666666666667 0.37298333333333333 0.0811111111111111 0.05761666666666667
0 0.9572222222222222 0.4633333333333333 0.08 0.075
0 0.6002333333333334 0.5268999999999999 0.04047777777777778 0.12215000000000001
0 0.7877777777777778 0.05535 0.03777777777777778 0.11071666666666667
0 0.6038111111111111 0.6745166666666667 0.040322222222222225 0.13
0 0.5818222222222222 0.075 0.04143333333333333 0.095
0 0.6132555555555556 0.8240500000000001 0.037455555555555554 0.11261666666666666
0 0.8165111111111111 0.8958333333333334 0.04142222222222222 0.14595
0 0.9310333333333333 0.12106666666666667 0.08237777777777777 0.056666666666666664