0 0.0010777777777777778 0.0013833333333333332 0.00006666666666666667 0.00009999999999999999
0 0.0010555555555555555 0.00165 0.00007777777777777778 0.00009999999999999999
0 0.4088888888888889 0.7383333333333333 0.06333333333333334 0.11666666666666667
0 0.6235666666666667 0.7416666666666667 0.0876111111111111 0.1081
0 0.36666666666666664 0.7866666666666666 0.05444444444444444 0.09833333333333333
0 0.9751222222222222 0.8270333333333334 0.04975555555555556 0.06865
0 0.32944444444444443 0.8425 0.07 0.12166666666666667
0 0.8644444444444445 0.8658333333333333 0.03333333333333333 0.043333333333333335
0 0.285 0.8733333333333333 0.07111111111111111 0.11333333333333333
0 0.78 0.9025 0.0811111111111111 0.075
0 0.6989666666666667 0.9379833333333333 0.08095555555555556 0.08618333333333333
0 0.9511444444444445 0.9797666666666667 0.07571111111111112 0.04048333333333333