0 0.0008111111111111111 0.0016333333333333332 0.000022222222222222223 0.00006666666666666667
0 0.49356666666666665 0.17215 0.03793333333333333 0.11738333333333334
0 0.6966666666666667 0.17666666666666667 0.03634444444444444 0.12833333333333333
0 0.84 0.17666666666666667 0.08222222222222222 0.06
0 0.9172222222222223 0.29833333333333334 0.05 0.135
0 0.6988888888888889 0.3025 0.044444444444444446 0.09666666666666666
0 0.49921111111111116 0.34155 0.039044444444444444 0.13476666666666667
0 0.8466666666666667 0.3491666666666667 0.07888888888888888 0.04833333333333333
0 0.8566666666666667 0.43833333333333335 0.07444444444444444 0.06833333333333333
0 0.6927777777777778 0.045 0.02666666666666667 0.09
0 0.9472222222222222 0.5008333333333334 0.08 0.05333333333333334
0 0.5033333333333333 0.5011833333333333 0.03412222222222222 0.12715
0 0.48444444444444446 0.0525 0.03333333333333333 0.10333333333333333
0 0.5077777777777778 0.6508333333333334 0.043333333333333335 0.125
0 0.5144444444444445 0.8 0.03222222222222222 0.10333333333333333
0 0.7222222222222222 0.87 0.04111111111111111 0.15
0 0.2633333333333333 0.9708333333333333 0.03 0.056666666666666664
0 0.8316666666666667 0.10166666666666667 0.08444444444444445 0.07