0 0.09166666666666666 0.3475 0.08777777777777777 0.07333333333333333
0 0.6203222222222222 0.44095 0.0781 0.05976666666666666
0 0.4127777777777778 0.49155 0.038733333333333335 0.11451666666666666
0 0.6261888888888889 0.51595 0.08333333333333333 0.065
0 0.36666666666666664 0.5169 0.0392 0.13143333333333332
0 0.31706666666666666 0.5182166666666667 0.047455555555555556 0.12976666666666667
0 0.275 0.5241666666666667 0.03777777777777778 0.11
0 0.07388888888888889 0.5322666666666667 0.03825555555555556 0.12738333333333335
0 0.17476666666666665 0.5323833333333333 0.04143333333333333 0.12381666666666667
0 0.23 0.5325 0.04777777777777778 0.135
0 0.012777777777777779 0.5372666666666667 0.025555555555555557 0.12666666666666668
0 0.6309555555555556 0.5791666666666667 0.09222222222222222 0.065
0 0.6344444444444445 0.6496500000000001 0.08 0.06333333333333334
0 0.6355555555555555 0.7133333333333334 0.08333333333333333 0.06166666666666667
0 0.6405555555555555 0.7941666666666667 0.08666666666666667 0.058333333333333334
0 0.4266666666666667 0.8783333333333333 0.042222222222222223 0.11666666666666667
0 0.3292888888888889 0.8786833333333334 0.040155555555555555 0.0969
0 0.28825555555555554 0.8797666666666667 0.034444444444444444 0.1231
0 0.2392111111111111 0.8852333333333333 0.03174444444444444 0.1
0 0.19325555555555557 0.8919 0.03888888888888889 0.1181
0 0.6509555555555556 0.9091666666666667 0.08015555555555555 0.05215
0 0.1054 0.9240499999999999 0.03777777777777778 0.12