0 0.0007222222222222223 0.0016166666666666666 0.000033333333333333335 0.00013333333333333334
0 0.4817444444444444 0.23618333333333336 0.036022222222222226 0.13666666666666666
0 0.0784111111111111 0.26821666666666666 0.0654 0.12833333333333333
0 0.24444444444444444 0.03916666666666667 0.06 0.07833333333333334
0 0.4683333333333333 0.4757166666666667 0.043644444444444444 0.13143333333333332
0 0.6273000000000001 0.5770166666666666 0.03666666666666667 0.10523333333333333
0 0.4622222222222222 0.6045166666666666 0.03666666666666667 0.10595
0 0.6252333333333334 0.7238166666666667 0.0392 0.12048333333333335
0 0.46396666666666664 0.7606 0.04888888888888889 0.12548333333333334
0 0.20595555555555556 0.0825 0.07635555555555555 0.11166666666666666
0 0.6163444444444445 0.8482166666666667 0.03364444444444445 0.10715000000000001
0 0.6456555555555555 0.9535666666666667 0.05202222222222222 0.09285