0 0.7342888888888889 0.18701666666666666 0.11492222222222223 0.09048333333333333
0 0.24944444444444444 0.32083333333333336 0.07777777777777778 0.09666666666666666
0 0.10777777777777778 0.355 0.08444444444444445 0.08333333333333333
0 0.03928888888888889 0.40368333333333334 0.07174444444444443 0.0719
0 0.6360333333333332 0.42845 0.0727 0.07
0 0.5360333333333334 0.43261666666666665 0.06302222222222222 0.056433333333333335
0 0.3834888888888889 0.6464333333333333 0.07253333333333334 0.06666666666666667
0 0.38555555555555554 0.08083333333333333 0.03222222222222222 0.10666666666666667
0 0.7834111111111112 0.8275 0.08777777777777777 0.07548333333333333
0 0.3233333333333333 0.8567833333333335 0.09111111111111111 0.05951666666666667
0 0.25912222222222225 0.9656 0.08714444444444445 0.06548333333333334
0 0.905788888888889 0.9685166666666667 0.08808888888888888 0.06298333333333334
0 0.27944444444444444 0.10083333333333333 0.03222222222222222 0.10666666666666667
0 0.23444444444444446 0.1025 0.025555555555555557 0.10333333333333333
0 0.3388888888888889 0.1025 0.06 0.13333333333333333
0 0.19611111111111112 0.11916666666666667 0.04666666666666667 0.125
0 0.035 0.13333333333333333 0.028888888888888888 0.12166666666666667