0 0.47040000000000004 0.37939999999999996 0.0930111111111111 0.08548333333333333
0 0.35967777777777776 0.42560000000000003 0.08714444444444445 0.07214999999999999
0 0.27 0.4658333333333333 0.07555555555555556 0.09
0 0.1653222222222222 0.50715 0.0792 0.075
0 0.07047777777777778 0.5436833333333333 0.07856666666666666 0.07595
0 0.6144444444444445 0.69655 0.0811111111111111 0.07523333333333333
0 0.5100777777777777 0.73965 0.09206666666666667 0.09905
0 0.4088888888888889 0.7756000000000001 0.07 0.07048333333333333
0 0.30277777777777776 0.8239333333333334 0.07031111111111112 0.06856666666666666
0 0.20603333333333335 0.8635666666666666 0.08856666666666665 0.07666666666666666
0 0.10984444444444444 0.9006000000000001 0.08523333333333333 0.07166666666666667