0 0.44166666666666665 0.2633333333333333 0.027777777777777776 0.13333333333333333
0 0.37722222222222224 0.2825 0.03111111111111111 0.13166666666666665
0 0.8738888888888889 0.2866666666666667 0.03888888888888889 0.11666666666666667
0 0.3238888888888889 0.29333333333333333 0.034444444444444444 0.14833333333333334
0 0.2669 0.30511666666666665 0.03333333333333333 0.09833333333333333
0 0.86 0.035833333333333335 0.027777777777777776 0.07166666666666667
0 0.5605555555555556 0.49916666666666665 0.04 0.125
0 0.8793666666666666 0.5733333333333334 0.03666666666666667 0.10951666666666665
0 0.5555555555555556 0.6875 0.06555555555555556 0.11666666666666667
0 0.42333333333333334 0.7125 0.08444444444444445 0.06
0 0.8892888888888889 0.71905 0.0373 0.1269
0 0.4490444444444444 0.7942833333333333 0.0869888888888889 0.09023333333333333
0 0.9333333333333333 0.8041666666666667 0.07333333333333333 0.09666666666666666
0 0.5172222222222222 0.8275 0.08555555555555555 0.085
0 0.4361111111111111 0.8858333333333334 0.08333333333333333 0.09
0 0.9403222222222222 0.8903500000000001 0.08507777777777777 0.06238333333333333
0 0.30833333333333335 0.905 0.08777777777777777 0.09666666666666666
0 0.3438888888888889 0.9525 0.08222222222222222 0.09
0 0.8666666666666667 0.15666666666666668 0.03333333333333333 0.10333333333333333