0 0.0006111111111111112 0.00165 0.00005555555555555556 0.00011666666666666668
0 0.7083333333333334 0.1681 0.0811111111111111 0.09666666666666666
0 0.725 0.24666666666666667 0.09222222222222222 0.07
0 0.7322222222222222 0.3125 0.07888888888888888 0.08333333333333333
0 0.5057888888888888 0.40595 0.08841111111111111 0.07285
0 0.405 0.4475 0.09444444444444444 0.075
0 0.6961111111111111 0.04666666666666667 0.08 0.06833333333333333
0 0.2873777777777778 0.48678333333333335 0.07301111111111111 0.07023333333333333
0 0.41 0.5275 0.0811111111111111 0.075
0 0.3238888888888889 0.5558333333333333 0.07444444444444444 0.06
0 0.21444444444444444 0.6 0.06444444444444444 0.043333333333333335
0 0.780788888888889 0.6006 0.08682222222222222 0.06951666666666667
0 0.13555555555555557 0.6075 0.06333333333333334 0.1
0 0.5461111111111111 0.6925 0.07888888888888888 0.07
0 0.43293333333333334 0.7395166666666666 0.08270000000000001 0.07715
0 0.31722222222222224 0.7777333333333333 0.08158888888888889 0.08
0 0.23722222222222222 0.82 0.08333333333333333 0.08333333333333333
0 0.7888888888888889 0.9066666666666666 0.13333333333333333 0.10833333333333334
0 0.6910333333333333 0.11166666666666666 0.0746 0.07833333333333334