0 0.00022222222222222223 0.0015833333333333333 0.00005555555555555556 0.00018333333333333334
0 0.00007777777777777778 0.0015999999999999999 0.000033333333333333335 0.00015
0 0.000022222222222222223 0.0016166666666666666 0.000033333333333333335 0.00011666666666666668
0 0.195 0.38166666666666665 0.08666666666666667 0.07166666666666667
0 0.7206333333333333 0.4711833333333333 0.0715888888888889 0.06095
0 0.5162666666666667 0.52095 0.04031111111111111 0.11715
0 0.7272222222222222 0.5416666666666666 0.08428888888888889 0.061900000000000004
0 0.4674555555555555 0.5481 0.04126666666666667 0.12738333333333335
0 0.42 0.5525 0.04 0.13
0 0.37666666666666665 0.5575 0.03888888888888889 0.11666666666666667
0 0.3322222222222222 0.5658333333333333 0.043333333333333335 0.135
0 0.27873333333333333 0.5675 0.040633333333333334 0.12333333333333334
0 0.1769 0.5692833333333334 0.03888888888888889 0.13166666666666665
0 0.10666666666666667 0.5725 0.03333333333333333 0.12333333333333334
0 0.02071111111111111 0.5906 0.036033333333333334 0.12594999999999998
0 0.7344444444444445 0.61 0.09888888888888889 0.06666666666666667
0 0.7357111111111111 0.6772666666666667 0.0811111111111111 0.06
0 0.7369888888888888 0.7425 0.08523333333333333 0.06405
0 0.7415888888888889 0.8173833333333334 0.08492222222222223 0.06476666666666667
0 0.39078888888888885 0.9083333333333333 0.04158888888888889 0.13333333333333333
0 0.5294444444444445 0.9083333333333333 0.04111111111111111 0.12166666666666667
0 0.4346777777777778 0.9101166666666668 0.038566666666666666 0.11356666666666666
0 0.34444444444444444 0.9170166666666667 0.035866666666666665 0.11143333333333333
0 0.2968222222222222 0.9261833333333334 0.04111111111111111 0.1319
0 0.7531777777777778 0.9410666666666666 0.08078888888888888 0.05761666666666667
0 0.20847777777777776 0.9463499999999999 0.047011111111111115 0.10729999999999999
0 0.0682 0.9520833333333333 0.03728888888888889 0.09583333333333334
0 0.023144444444444443 0.9671833333333333 0.03468888888888889 0.06563333333333334