0 0.0007999999999999999 0.00165 0.00009999999999999999 0.00013333333333333334
0 0.4033333333333333 0.2625 0.08333333333333333 0.075
0 0.08745555555555555 0.029283333333333335 0.09 0.05856666666666667
0 0.765 0.51 0.04777777777777778 0.13666666666666666
0 0.7142888888888889 0.5206000000000001 0.05348888888888889 0.12381666666666667
0 0.8786555555555555 0.7056 0.08396666666666666 0.06881666666666666
0 0.6633333333333333 0.725 0.08888888888888889 0.08666666666666667
0 0.8983333333333333 0.7758333333333334 0.07888888888888888 0.07666666666666666
0 0.6694444444444444 0.795 0.08888888888888889 0.09333333333333334
0 0.6944444444444444 0.85 0.08777777777777777 0.07166666666666667
0 0.9184888888888889 0.9125 0.06365555555555555 0.06618333333333333
0 0.6958777777777777 0.9195166666666668 0.08444444444444445 0.07238333333333333
0 0.7161 0.9796833333333332 0.09003333333333334 0.040633333333333334