0 0.0011 0.0004666666666666667 0.000044444444444444447 0.00018333333333333334
0 0.9817222222222222 0.2842 0.036555555555555556 0.09965
0 0.9181777777777778 0.2852333333333333 0.057777777777777775 0.125
0 0.8146777777777778 0.3077333333333333 0.053177777777777775 0.11643333333333333
0 0.7046 0.37189999999999995 0.06015555555555556 0.13928333333333331
0 0.66 0.405 0.04777777777777778 0.12
0 0.6177777777777778 0.42833333333333334 0.04888888888888889 0.145
0 0.5727777777777778 0.4583333333333333 0.06111111111111111 0.16833333333333333
0 0.5124555555555556 0.4683333333333333 0.05032222222222222 0.1381
0 0.4120666666666667 0.5120166666666667 0.04031111111111111 0.10715000000000001
0 0.31833333333333336 0.5383333333333333 0.03921111111111111 0.12643333333333334
0 0.07793333333333334 0.6354833333333334 0.09587777777777778 0.07881666666666666