0 0.0007555555555555556 0.0015833333333333333 0.00007777777777777778 0.00021666666666666668
0 0.35055555555555556 0.17083333333333334 0.06333333333333334 0.11166666666666666
0 0.3861111111111111 0.23333333333333334 0.06777777777777778 0.14166666666666666
0 0.41555555555555557 0.32 0.06222222222222222 0.13
0 0.4488888888888889 0.365 0.06333333333333334 0.12
0 0.4738888888888889 0.4483333333333333 0.056666666666666664 0.12833333333333333
0 0.49833333333333335 0.5358333333333334 0.04777777777777778 0.13
0 0.5333333333333333 0.605 0.051111111111111114 0.105
0 0.5594444444444444 0.6833333333333333 0.06222222222222222 0.12833333333333333
0 0.5833333333333334 0.7666666666666667 0.052222222222222225 0.12333333333333334
0 0.6088888888888889 0.8416666666666667 0.07333333333333333 0.13833333333333334
0 0.04888888888888889 0.8958333333333334 0.05444444444444444 0.11
0 0.6511111111111111 0.8958333333333334 0.052222222222222225 0.135
0 0.6814555555555555 0.9468833333333333 0.05408888888888889 0.10625