0 0.30333333333333334 0.19 0.08888888888888889 0.07333333333333333
0 0.9833333333333333 0.25189999999999996 0.03333333333333333 0.06548333333333334
0 0.7810333333333332 0.027016666666666668 0.08745555555555555 0.05405
0 0.07151111111111111 0.27655 0.08428888888888889 0.06715
0 0.9144444444444444 0.2825 0.08666666666666667 0.075
0 0.43277777777777776 0.46465 0.08729999999999999 0.075
0 0.27214444444444447 0.5120166666666667 0.08222222222222222 0.07166666666666667
0 0.06595555555555556 0.5976166666666667 0.0830111111111111 0.06976666666666667
0 0.6519 0.0656 0.09047777777777778 0.06618333333333333
0 0.37555555555555553 0.07416666666666667 0.04555555555555556 0.12333333333333334
0 0.5513444444444444 0.10178333333333334 0.08904444444444444 0.07285
0 0.46856666666666663 0.13488333333333336 0.07618888888888888 0.0581