0 0.0003444444444444444 0.0015666666666666665 0.00005555555555555556 0.00021666666666666668
0 0.00022222222222222223 0.0015833333333333333 0.00005555555555555556 0.00018333333333333334
0 0.00016666666666666666 0.0015999999999999999 0.000044444444444444447 0.00015
0 0.00009999999999999999 0.0016166666666666666 0.000044444444444444447 0.00013333333333333334
0 0.000044444444444444447 0.0016333333333333332 0.000033333333333333335 0.00008333333333333334
0 0.4127777777777778 0.17833333333333334 0.05333333333333334 0.11333333333333333
0 0.3622222222222222 0.19166666666666668 0.03777777777777778 0.105
0 0.20507777777777778 0.21928333333333333 0.0354 0.12356666666666667
0 0.26166666666666666 0.23166666666666666 0.03666666666666667 0.11833333333333333
0 0.14055555555555554 0.24083333333333334 0.06111111111111111 0.11333333333333333
0 0.10166666666666667 0.27 0.04777777777777778 0.11166666666666666
0 0.08333333333333333 0.028333333333333332 0.08444444444444445 0.05
0 0.04722222222222222 0.28583333333333333 0.05333333333333334 0.12166666666666667
0 0.25166666666666665 0.36583333333333334 0.04888888888888889 0.12333333333333334
0 0.14166666666666666 0.4091666666666667 0.04888888888888889 0.115
0 0.09666666666666666 0.43583333333333335 0.04888888888888889 0.135
0 0.4033333333333333 0.745 0.04555555555555556 0.145
0 0.3488888888888889 0.755 0.06 0.15333333333333332
0 0.3011111111111111 0.7658333333333334 0.05333333333333334 0.14
0 0.25277777777777777 0.7791666666666667 0.04111111111111111 0.14166666666666666
0 0.18722222222222223 0.8033333333333333 0.04555555555555556 0.14
0 0.12944444444444445 0.8108333333333333 0.043333333333333335 0.13166666666666665
0 0.015399999999999999 0.8606166666666667 0.03078888888888889 0.1283
0 0.35944444444444446 0.9058333333333334 0.044444444444444446 0.10333333333333333
0 0.24166666666666667 0.9225 0.05 0.12333333333333334
0 0.30804444444444445 0.9448 0.046144444444444446 0.11041666666666666
0 0.20082222222222224 0.9489666666666666 0.04697777777777778 0.10208333333333333
0 0.15382222222222222 0.9573 0.04604444444444444 0.08541666666666667
0 0.09473333333333334 0.9656333333333333 0.04731111111111111 0.06875
0 0.03454444444444445 0.9739666666666666 0.04636666666666666 0.052083333333333336