0 0.16444444444444445 0.16666666666666666 0.07777777777777778 0.058333333333333334
0 0.8601555555555556 0.2772666666666667 0.07396666666666665 0.07143333333333333
0 0.7592111111111111 0.32285 0.09524444444444444 0.08023333333333334
0 0.6529333333333334 0.36939999999999995 0.08 0.07856666666666667
0 0.23745555555555556 0.5298833333333334 0.08270000000000001 0.06356666666666667
0 0.15611111111111112 0.5557166666666666 0.07111111111111111 0.06356666666666667
0 0.9461111111111111 0.5733333333333334 0.09333333333333334 0.06333333333333334
0 0.06333333333333334 0.5960666666666666 0.08777777777777777 0.075
0 0.705 0.66405 0.07189999999999999 0.0681
0 0.5213444444444444 0.7345166666666666 0.08603333333333334 0.06761666666666667
0 0.05237777777777778 0.9075 0.06777777777777778 0.065
0 0.1557111111111111 0.09571666666666667 0.08651111111111111 0.07715