0 0.00014444444444444444 0.0015999999999999999 0.00009999999999999999 0.00011666666666666668
0 0.9045222222222222 0.49166666666666664 0.08777777777777777 0.06666666666666667
0 0.35 0.5025 0.07555555555555556 0.11666666666666667
0 0.48881111111111114 0.5048833333333334 0.06873333333333333 0.09643333333333333
0 0.41444444444444445 0.5058333333333334 0.06666666666666667 0.11833333333333333
0 0.27111111111111114 0.5277333333333333 0.08333333333333333 0.06381666666666666
0 0.17356666666666667 0.5714333333333333 0.08824444444444444 0.06285
0 0.29 0.5997666666666667 0.12222222222222222 0.06951666666666667
0 0.7012666666666667 0.6709499999999999 0.0903111111111111 0.06715
0 0.4127777777777778 0.7358333333333333 0.08333333333333333 0.06333333333333334
0 0.7423000000000001 0.83965 0.09523333333333332 0.07285