0 0.0005111111111111112 0.0015833333333333333 0.000033333333333333335 0.0001666666666666667
0 0.0004555555555555555 0.0015999999999999999 0.00005555555555555556 0.0001666666666666667
0 0.00022222222222222223 0.00165 0.000044444444444444447 0.00011666666666666668
0 0.8055555555555556 0.48 0.04777777777777778 0.12166666666666667
0 0.7533333333333333 0.5008333333333334 0.035555555555555556 0.09
0 0.7105555555555556 0.5066666666666667 0.03 0.11833333333333333
0 0.9505555555555556 0.5358333333333334 0.0811111111111111 0.07
0 0.6611111111111111 0.5391666666666667 0.043333333333333335 0.06666666666666667
0 0.39 0.605 0.05555555555555555 0.165
0 0.3427777777777778 0.6275 0.04555555555555556 0.125
0 0.29 0.63 0.04888888888888889 0.14333333333333334
0 0.4961111111111111 0.6375 0.12555555555555556 0.095
0 0.24333333333333335 0.6516666666666666 0.03666666666666667 0.13666666666666666
0 0.19555555555555557 0.68 0.04555555555555556 0.13833333333333334
0 0.14555555555555555 0.6908333333333333 0.05444444444444444 0.13333333333333333
0 0.09722222222222222 0.7116666666666667 0.03888888888888889 0.10166666666666667
0 0.8661111111111112 0.7558333333333334 0.024444444444444446 0.03333333333333333
0 0.8022222222222222 0.7625 0.0811111111111111 0.058333333333333334
0 0.6538888888888889 0.8783333333333333 0.04888888888888889 0.11
0 0.5427777777777778 0.91 0.04888888888888889 0.10333333333333333
0 0.4988888888888889 0.9316666666666666 0.05333333333333334 0.11
0 0.4568666666666667 0.95105 0.042411111111111115 0.09791666666666667
0 0.4134222222222222 0.9619833333333334 0.04301111111111111 0.07605