0 0.00017777777777777779 0.0016166666666666666 0.000022222222222222223 0.00011666666666666668
0 0.00006666666666666667 0.0016333333333333332 0.000022222222222222223 0.00006666666666666667
0 0.00011111111111111112 0.0016333333333333332 0.000022222222222222223 0.00006666666666666667
0 0.6827777777777778 0.3441666666666667 0.04111111111111111 0.14166666666666666
0 0.8726999999999999 0.3451166666666667 0.040155555555555555 0.1231
0 0.9676222222222223 0.34631666666666666 0.04317777777777778 0.10023333333333334
0 0.9160333333333333 0.3494 0.040155555555555555 0.11715
0 0.8281 0.35155000000000003 0.040633333333333334 0.10784999999999999
0 0.7871444444444444 0.35356666666666664 0.028888888888888888 0.11166666666666666
0 0.6388888888888888 0.355 0.04 0.125
0 0.7276222222222223 0.3579833333333333 0.03333333333333333 0.11666666666666667
0 0.5554777777777777 0.3669 0.041744444444444445 0.12261666666666665
0 0.5066666666666667 0.3727333333333333 0.041744444444444445 0.10666666666666667
0 0.31666666666666665 0.3775 0.035555555555555556 0.12
0 0.23706666666666668 0.3831 0.042855555555555556 0.11215000000000001
0 0.18888888888888888 0.38333333333333336 0.043333333333333335 0.12333333333333334
0 0.275 0.3883333333333333 0.03777777777777778 0.13166666666666665
0 0.36737777777777775 0.38856666666666667 0.04078888888888889 0.12951666666666667
0 0.41365555555555555 0.3897666666666667 0.04428888888888889 0.135
0 0.14555555555555555 0.4 0.03666666666666667 0.125
0 0.9211111111111111 0.05333333333333334 0.03888888888888889 0.10666666666666667
0 0.8202333333333334 0.05511666666666667 0.036033333333333334 0.11023333333333334
0 0.5855555555555556 0.05583333333333333 0.03333333333333333 0.11166666666666666
0 0.6327777777777778 0.05583333333333333 0.03333333333333333 0.11166666666666666
0 0.7738888888888888 0.056666666666666664 0.034444444444444444 0.11333333333333333
0 0.6755555555555556 0.0575 0.03888888888888889 0.115
0 0.7227777777777777 0.059166666666666666 0.035555555555555556 0.11833333333333333
0 0.5322222222222223 0.6463166666666667 0.04507777777777778 0.10784999999999999
0 0.4919 0.6602333333333333 0.03967777777777778 0.11451666666666666
0 0.3986555555555556 0.6802333333333334 0.039044444444444444 0.12238333333333334
0 0.3511111111111111 0.6808333333333333 0.043333333333333335 0.135
0 0.5450777777777778 0.06905 0.04571111111111111 0.13238333333333335
0 0.21722222222222223 0.6910666666666666 0.03777777777777778 0.11833333333333333
0 0.30825555555555556 0.6920166666666666 0.044922222222222224 0.1231
0 0.13 0.7083333333333334 0.042222222222222223 0.14
0 0.1753222222222222 0.70905 0.038733333333333335 0.12166666666666667
0 0.08222222222222222 0.7133333333333334 0.04 0.13333333333333333
0 0.042222222222222223 0.7241666666666666 0.04555555555555556 0.14333333333333334
0 0.010555555555555556 0.7320166666666666 0.021111111111111112 0.12428333333333332
0 0.4999222222222222 0.08201666666666667 0.044922222222222224 0.12618333333333331
0 0.40055555555555555 0.0825 0.04 0.13166666666666665
0 0.30737777777777775 0.08368333333333333 0.043333333333333335 0.12928333333333333
0 0.35603333333333337 0.08465 0.04206666666666667 0.13166666666666665
0 0.4538888888888889 0.09131666666666667 0.04396666666666667 0.1269
0 0.6029333333333333 0.9141666666666667 0.04 0.11451666666666666
0 0.5604777777777777 0.9285666666666667 0.044444444444444446 0.13333333333333333
0 0.5133333333333333 0.9333333333333333 0.044444444444444446 0.12666666666666668
0 0.3740444444444444 0.9410666666666666 0.035555555555555556 0.10333333333333333
0 0.4678555555555555 0.9439333333333334 0.03888888888888889 0.1
0 0.15367777777777777 0.9619833333333334 0.036022222222222226 0.07605