0 0.00047777777777777776 0.0016333333333333332 0.00007777777777777778 0.000049999999999999996
0 0.0354 0.3672666666666667 0.038566666666666666 0.13
0 0.5264333333333333 0.48965000000000003 0.07666666666666666 0.043333333333333335
0 0.43325555555555556 0.5042833333333333 0.08873333333333333 0.06856666666666666
0 0.32507777777777774 0.5231 0.0811111111111111 0.056666666666666664
0 0.23166666666666666 0.5323833333333333 0.06666666666666667 0.04666666666666667
0 0.25524444444444444 0.6454833333333334 0.07666666666666666 0.056666666666666664
0 0.29333333333333333 0.835 0.09333333333333334 0.06666666666666667
0 0.4961111111111111 0.895 0.16 0.06833333333333333
0 0.9077777777777778 0.9133333333333333 0.08666666666666667 0.065
0 0.5338888888888889 0.9675 0.07777777777777778 0.056666666666666664
0 0.43298888888888887 0.9726166666666668 0.08701111111111111 0.054766666666666665