0 0.00009999999999999999 0.0016333333333333332 0.000022222222222222223 0.00008333333333333334
0 0.2642888888888889 0.21988333333333335 0.033966666666666666 0.11523333333333334
0 0.8398444444444445 0.22666666666666666 0.07682222222222222 0.05215
0 0.739211111111111 0.24011666666666664 0.08777777777777777 0.055
0 0.05388888888888889 0.245 0.03777777777777778 0.145
0 0.2692888888888889 0.37738333333333335 0.0354 0.13356666666666667
0 0.07126666666666667 0.52035 0.04047777777777778 0.10071666666666666
0 0.8604777777777777 0.5213166666666667 0.0811111111111111 0.061900000000000004
0 0.2592111111111111 0.05488333333333333 0.036033333333333334 0.10976666666666667
0 0.28023333333333333 0.5346500000000001 0.0392 0.1319
0 0.8613444444444445 0.6452333333333333 0.08603333333333334 0.06928333333333334
0 0.2868222222222222 0.6795166666666667 0.04078888888888889 0.13166666666666665
0 0.8534888888888889 0.7202333333333333 0.08523333333333333 0.056183333333333335
0 0.88 0.07393333333333334 0.08 0.05905
0 0.2914333333333334 0.8091666666666667 0.035555555555555556 0.10666666666666667
0 0.8633333333333333 0.8225 0.08555555555555555 0.07
0 0.08365555555555557 0.8785666666666666 0.03808888888888889 0.13881666666666667
0 0.6316666666666667 0.9575 0.08 0.06166666666666667
0 0.29888888888888887 0.9732666666666667 0.0346 0.05345
0 0.8719888888888888 0.13476666666666667 0.08825555555555556 0.05143333333333333