0 0.6700777777777779 0.21535 0.04317777777777778 0.10548333333333333
0 0.8872222222222222 0.3125 0.05555555555555555 0.13
0 0.9182555555555555 0.4486833333333333 0.05634444444444445 0.13905
0 0.6816666666666666 0.0475 0.05333333333333334 0.095
0 0.8316666666666667 0.04833333333333333 0.04888888888888889 0.09666666666666666
0 0.6344444444444445 0.06166666666666667 0.056666666666666664 0.12333333333333334
0 0.6472222222222223 0.7466666666666667 0.06 0.11666666666666667
0 0.5899222222222221 0.7719 0.0734888888888889 0.12451666666666665
0 0.5322222222222223 0.8066666666666666 0.08666666666666667 0.125
0 0.47055555555555556 0.835 0.09 0.135
0 0.8509555555555556 0.15488333333333335 0.0546 0.1319