0 0.0009555555555555555 0.0015833333333333333 0.000033333333333333335 0.0001666666666666667
0 0.001 0.0015833333333333333 0.000044444444444444447 0.0001666666666666667
0 0.0004555555555555555 0.0016166666666666666 0.00009999999999999999 0.00015
0 0.0009000000000000001 0.0016166666666666666 0.000044444444444444447 0.00015
0 0.0007444444444444445 0.0016333333333333332 0.000033333333333333335 0.00006666666666666667
0 0.0007999999999999999 0.0016333333333333332 0.000033333333333333335 0.00008333333333333334
0 0.0005888888888888889 0.00165 0.000022222222222222223 0.00006666666666666667
0 0.0006888888888888888 0.00165 0.000022222222222222223 0.000049999999999999996
0 0.46691111111111117 0.8156 0.0869888888888889 0.06451666666666667
0 0.375 0.8785666666666666 0.053177777777777775 0.14381666666666668
0 0.3061111111111111 0.9108333333333334 0.06 0.11666666666666667
0 0.8551333333333333 0.9476166666666668 0.03924444444444444 0.10476666666666666
0 0.9003666666666668 0.9488166666666666 0.037644444444444446 0.10238333333333333
0 0.809911111111111 0.9607166666666666 0.037677777777777775 0.07856666666666667
0 0.41076666666666667 0.9654833333333332 0.08384444444444444 0.06905
0 0.7234111111111111 0.9714333333333334 0.03928888888888889 0.05715
0 0.6718444444444444 0.975 0.034555555555555555 0.05
0 0.5361555555555556 0.9857166666666666 0.03301111111111111 0.028566666666666667
0 0.6234333333333334 0.9881 0.03297777777777778 0.023816666666666667