0 0.8338888888888889 0.1944 0.07333333333333333 0.05785
0 0.7416666666666667 0.22583333333333333 0.07888888888888888 0.07833333333333334
0 0.5323777777777777 0.025233333333333333 0.08523333333333333 0.05048333333333333
0 0.6533333333333333 0.265 0.09222222222222222 0.07666666666666666
0 0.3333333333333333 0.4 0.08888888888888889 0.07833333333333334
0 0.245 0.43833333333333335 0.08333333333333333 0.08
0 0.6983333333333334 0.455 0.08222222222222222 0.07666666666666666
0 0.6088888888888889 0.48333333333333334 0.08333333333333333 0.06833333333333333
0 0.14277777777777778 0.485 0.07888888888888888 0.07666666666666666
0 0.7077777777777777 0.5225 0.08333333333333333 0.07
0 0.6272222222222222 0.5525 0.07555555555555556 0.06333333333333334
0 0.19277777777777777 0.13916666666666666 0.08666666666666667 0.06666666666666667
0 0.11515555555555555 0.16273333333333334 0.054766666666666665 0.05881666666666666