0 0.0005444444444444444 0.0015500000000000002 0.00005555555555555556 0.00023333333333333336
0 0.0004888888888888889 0.0015666666666666665 0.00005555555555555556 0.00021666666666666668
0 0.00043333333333333337 0.0015833333333333333 0.000044444444444444447 0.00019999999999999998
0 0.0002666666666666667 0.0015999999999999999 0.000044444444444444447 0.0001666666666666667
0 0.0003333333333333333 0.0015999999999999999 0.000044444444444444447 0.00018333333333333334
0 0.00038888888888888887 0.0015999999999999999 0.00005555555555555556 0.00018333333333333334
0 0.00015555555555555556 0.0016166666666666666 0.000022222222222222223 0.00011666666666666668
0 0.1238888888888889 0.22833333333333333 0.08 0.05
0 0.03833333333333333 0.24 0.058888888888888886 0.056666666666666664
0 0.6777777777777778 0.26916666666666667 0.04 0.12166666666666667
0 0.9497666666666666 0.28143333333333337 0.04191111111111111 0.12356666666666667
0 0.9013444444444445 0.28583333333333333 0.04412222222222222 0.12715
0 0.8004777777777777 0.2869 0.04095555555555556 0.12381666666666667
0 0.8490444444444444 0.29511666666666664 0.04586666666666667 0.12023333333333333
0 0.7338888888888889 0.3379833333333333 0.04555555555555556 0.13261666666666666
0 0.7750777777777779 0.03726666666666666 0.04348888888888889 0.07356666666666667
0 0.4491222222222222 0.38643333333333335 0.05714444444444444 0.10618333333333334
0 0.11412222222222222 0.3954833333333333 0.06936666666666666 0.12261666666666665
0 0.075 0.4275 0.07444444444444444 0.12333333333333334
0 0.034522222222222225 0.44439999999999996 0.06904444444444445 0.11761666666666666
0 0.68 0.0494 0.03793333333333333 0.09881666666666666
0 0.33555555555555555 0.5266666666666666 0.08555555555555555 0.11666666666666667
0 0.6505555555555556 0.5683333333333334 0.11333333333333333 0.07166666666666667
0 0.49793333333333334 0.07166666666666667 0.048577777777777775 0.12905
0 0.0377 0.7322666666666667 0.0746 0.06738333333333334
0 0.965 0.8391666666666666 0.044444444444444446 0.14333333333333334
0 0.39547777777777776 0.08535 0.0373 0.12548333333333334
0 0.8666666666666667 0.8525 0.042222222222222223 0.13
0 0.4451555555555555 0.08821666666666667 0.0392 0.14643333333333333
0 0.7688888888888888 0.8683333333333333 0.051111111111111114 0.13166666666666665
0 0.7222222222222222 0.8875 0.043333333333333335 0.11166666666666666
0 0.6288888888888889 0.8933333333333333 0.05333333333333334 0.10666666666666667
0 0.4844333333333333 0.9221666666666666 0.04058888888888889 0.11101666666666667
0 0.53 0.9266666666666666 0.035555555555555556 0.12833333333333333
0 0.4415666666666667 0.93175 0.04374444444444444 0.12183333333333332
0 0.58 0.9325 0.03888888888888889 0.13
0 0.39057777777777775 0.9426666666666667 0.04315555555555556 0.10200000000000001
0 0.5475444444444445 0.09583333333333334 0.03921111111111111 0.14071666666666668
0 0.29718888888888895 0.9505166666666666 0.04526666666666667 0.09896666666666668
0 0.14537777777777777 0.9666666666666667 0.048577777777777775 0.06666666666666667
0 0.19770000000000001 0.9683333333333334 0.0419 0.06333333333333334
0 0.095 0.15833333333333333 0.08333333333333333 0.051666666666666666