0 0.0010888888888888888 0.00031666666666666665 0.00005555555555555556 0.00018333333333333334
0 0.9266666666666666 0.0175 0.07777777777777778 0.035
0 0.9221444444444444 0.21785000000000002 0.05143333333333333 0.12833333333333333
0 0.88 0.24166666666666667 0.05 0.11166666666666666
0 0.823811111111111 0.25083333333333335 0.050477777777777774 0.11715
0 0.7376999999999999 0.26655 0.044444444444444446 0.13094999999999998
0 0.5327777777777778 0.30833333333333335 0.05 0.14
0 0.8277777777777777 0.0325 0.0811111111111111 0.065
0 0.43293333333333334 0.34655 0.05254444444444444 0.1342833333333333
0 0.3238888888888889 0.35833333333333334 0.042222222222222223 0.12666666666666668
0 0.5742111111111111 0.08451666666666667 0.08666666666666667 0.05285
0 0.2732555555555556 0.11465000000000002 0.09222222222222222 0.065