0 0.0010888888888888888 0.00045000000000000004 0.00005555555555555556 0.00009999999999999999
0 0.0001888888888888889 0.0016166666666666666 0.00007777777777777778 0.00009999999999999999
0 0.00008888888888888889 0.0016666666666666668 0.00005555555555555556 0.00009999999999999999
0 0.9768555555555555 0.26280000000000003 0.04627777777777778 0.0652
0 0.7827777777777778 0.34833333333333333 0.07222222222222222 0.06833333333333333
0 0.6896777777777778 0.37345 0.08571111111111111 0.07048333333333333
0 0.5833333333333334 0.4141666666666667 0.08444444444444445 0.07833333333333334
0 0.46071111111111107 0.46773333333333333 0.07206666666666667 0.06166666666666667
0 0.35856666666666664 0.5004833333333334 0.08413333333333334 0.06643333333333333
0 0.25412222222222225 0.5442833333333333 0.08 0.07333333333333333
0 0.1584111111111111 0.5672666666666667 0.08682222222222222 0.07048333333333333
0 0.9612666666666666 0.6795166666666667 0.07078888888888889 0.05976666666666666
0 0.7555555555555555 0.7516666666666667 0.08444444444444445 0.07333333333333333
0 0.26222222222222225 0.9426166666666668 0.08333333333333333 0.07023333333333333
0 0.16373333333333334 0.9712166666666667 0.07378888888888889 0.05076666666666667
0 0.0608 0.9880166666666665 0.08222222222222222 0.023966666666666667