0 0.8505555555555555 0.18166666666666667 0.04555555555555556 0.11166666666666666
0 0.45444444444444443 0.21333333333333335 0.02666666666666667 0.10166666666666667
0 0.6611111111111111 0.24333333333333335 0.028888888888888888 0.115
0 0.8227777777777778 0.33666666666666667 0.06 0.13333333333333333
0 0.8733333333333333 0.33666666666666667 0.04777777777777778 0.12
0 0.46111111111111114 0.3541666666666667 0.028888888888888888 0.10166666666666667
0 0.6638888888888889 0.38333333333333336 0.03777777777777778 0.10333333333333333
0 0.7983333333333333 0.47 0.024444444444444446 0.07
0 0.8444444444444444 0.48 0.03 0.11166666666666666
0 0.46555555555555556 0.48333333333333334 0.03333333333333333 0.12333333333333334
0 0.895 0.48833333333333334 0.04666666666666667 0.12166666666666667
0 0.6677777777777778 0.5066666666666667 0.028888888888888888 0.12
0 0.47833333333333333 0.6533333333333333 0.03 0.125
0 0.4488888888888889 0.0725 0.03333333333333333 0.12166666666666667
0 0.47888888888888886 0.7841666666666667 0.03111111111111111 0.09166666666666666
0 0.48277777777777775 0.91 0.03888888888888889 0.115
0 0.8515888888888888 0.9222666666666667 0.07555555555555556 0.055233333333333336
0 0.6527777777777778 0.10166666666666667 0.03222222222222222 0.115