0 0.0011 0.0006 0.00005555555555555556 0.00013333333333333334
0 0.0010888888888888888 0.0015833333333333333 0.00005555555555555556 0.00019999999999999998
0 0.7104 0.26071666666666665 0.06333333333333334 0.11833333333333333
0 0.9465111111111111 0.26631666666666665 0.04888888888888889 0.1
0 0.9813777777777778 0.3732 0.037255555555555556 0.11096666666666666
0 0.7618222222222222 0.38798333333333335 0.060955555555555554 0.12023333333333333
0 0.8538888888888889 0.04083333333333333 0.05444444444444444 0.08166666666666667
0 0.8177777777777778 0.515 0.06555555555555556 0.12666666666666668
0 0.9322222222222222 0.7902333333333333 0.11777777777777777 0.19238333333333335
0 0.9761666666666666 0.9442666666666666 0.04766666666666666 0.11146666666666666
0 0.6568222222222222 0.12821666666666667 0.07206666666666667 0.12785