0 0.0009444444444444444 0.0016333333333333332 0.000022222222222222223 0.00006666666666666667
0 0.4922222222222222 0.1725 0.07444444444444444 0.056666666666666664
0 0.6238888888888889 0.18666666666666668 0.043333333333333335 0.12333333333333334
0 0.20253333333333334 0.19951666666666665 0.14046666666666666 0.08215
0 0.8265111111111111 0.21689999999999998 0.03618888888888889 0.1288166666666667
0 0.4925 0.2452333333333333 0.08223333333333334 0.05715
0 0.49174444444444443 0.30715 0.08253333333333333 0.053566666666666665
0 0.635 0.32916666666666666 0.03 0.12166666666666667
0 0.844211111111111 0.3602333333333333 0.035555555555555556 0.1288166666666667
0 0.19 0.3725 0.07444444444444444 0.08166666666666667
0 0.4920666666666667 0.37356666666666666 0.0830111111111111 0.05951666666666667
0 0.6440444444444444 0.4594 0.05841111111111111 0.13905
0 0.37333333333333335 0.4708333333333333 0.027777777777777776 0.11833333333333333
0 0.27444444444444444 0.4791666666666667 0.035555555555555556 0.12333333333333334
0 0.32722222222222225 0.48 0.025555555555555557 0.09666666666666666
0 0.12555555555555556 0.4841666666666667 0.03111111111111111 0.10833333333333334
0 0.17034444444444444 0.4857166666666667 0.044255555555555555 0.12856666666666666
0 0.22277777777777777 0.49166666666666664 0.024444444444444446 0.11
0 0.3652333333333333 0.05143333333333333 0.04253333333333333 0.10285
0 0.6183333333333333 0.058333333333333334 0.034444444444444444 0.11666666666666667
0 0.8271444444444443 0.05965 0.03507777777777778 0.11761666666666666
0 0.648811111111111 0.77095 0.03317777777777778 0.11976666666666666
0 0.18666666666666668 0.0825 0.03888888888888889 0.105
0 0.8590444444444444 0.8692833333333334 0.03777777777777778 0.12
0 0.24722222222222223 0.08916666666666667 0.04111111111111111 0.11666666666666667
0 0.6545222222222222 0.89785 0.035555555555555556 0.11738333333333334
0 0.8543444444444445 0.9797666666666667 0.04083333333333333 0.04048333333333333
0 0.48388888888888887 0.10166666666666667 0.08 0.04833333333333333
0 0.1438888888888889 0.10333333333333333 0.058888888888888886 0.11166666666666666