0 0.0011111111111111111 0.0012166666666666667 0.00006666666666666667 0.00018333333333333334
0 0.8355555555555556 0.026183333333333336 0.03222222222222222 0.05238333333333333
0 0.7938888888888889 0.02666666666666667 0.034444444444444444 0.05333333333333334
0 0.6977777777777778 0.028816666666666664 0.03808888888888889 0.05761666666666667
0 0.7457111111111111 0.029283333333333335 0.03808888888888889 0.05856666666666667
0 0.5160333333333333 0.031183333333333334 0.0346 0.06238333333333333
0 0.6037333333333333 0.03333333333333333 0.043333333333333335 0.06666666666666667
0 0.6498444444444444 0.034166666666666665 0.03777777777777778 0.06833333333333333
0 0.5615111111111111 0.0375 0.03634444444444444 0.075
0 0.47032222222222225 0.040350000000000004 0.032855555555555555 0.08071666666666667
0 0.4265888888888889 0.04285 0.035555555555555556 0.08571666666666666
0 0.3792111111111111 0.04451666666666667 0.03618888888888889 0.08856666666666667
0 0.33063333333333333 0.045483333333333334 0.04031111111111111 0.09095
0 0.6919000000000001 0.4764333333333334 0.10063333333333332 0.057383333333333335
0 0.28904444444444444 0.052983333333333334 0.038566666666666666 0.10523333333333333
0 0.14833333333333334 0.0575 0.04 0.115
0 0.24166666666666667 0.06 0.04777777777777778 0.12
0 0.19444444444444445 0.06333333333333334 0.04111111111111111 0.12666666666666668
0 0.10245555555555555 0.06405 0.034444444444444444 0.12571666666666667
0 0.05737777777777778 0.06821666666666666 0.03936666666666667 0.115
0 0.9583333333333334 0.7291666666666666 0.03888888888888889 0.13666666666666666
0 0.01817777777777778 0.07408333333333333 0.03635555555555556 0.13101666666666667