0 0.0011 0.00023333333333333336 0.00005555555555555556 0.00015
0 0.0007555555555555556 0.0015500000000000002 0.00005555555555555556 0.00021666666666666668
0 0.9566666666666667 0.20333333333333334 0.05444444444444444 0.12833333333333333
0 0.34833333333333333 0.23618333333333336 0.05618888888888889 0.12476666666666666
0 0.2038888888888889 0.24 0.08381111111111111 0.06715
0 0.21007777777777778 0.3002333333333333 0.07555555555555556 0.06333333333333334
0 0.2249888888888889 0.35983333333333334 0.0744888888888889 0.05926666666666667
0 0.3761111111111111 0.3775 0.05 0.125
0 0.5944444444444444 0.4083333333333333 0.05 0.125
0 0.2338888888888889 0.43333333333333335 0.07555555555555556 0.055
0 0.25229999999999997 0.48583333333333334 0.07 0.07666666666666666
0 0.3983333333333333 0.5091666666666667 0.05 0.11333333333333333
0 0.26237777777777777 0.5438166666666667 0.07 0.08166666666666667
0 0.6205555555555555 0.5633333333333334 0.04555555555555556 0.12333333333333334
0 0.6466666666666666 0.7241666666666666 0.03888888888888889 0.135
0 0.8355555555555556 0.78 0.058888888888888886 0.145
0 0.2823777777777778 0.85535 0.09206666666666667 0.08333333333333333
0 0.8172222222222222 0.9233333333333333 0.03888888888888889 0.11166666666666666
0 0.6795777777777778 0.9343833333333333 0.05447777777777778 0.13125
0 0.9827666666666667 0.1424 0.03447777777777778 0.11186666666666667