0 0.22341111111111112 0.26868333333333333 0.08348888888888889 0.06071666666666667
0 0.3411111111111111 0.27166666666666667 0.07555555555555556 0.051666666666666666
0 0.5091222222222223 0.2869 0.08952222222222221 0.0581
0 0.6047666666666667 0.2882166666666667 0.07904444444444444 0.0569
0 0.7028555555555556 0.2906 0.07095555555555555 0.04476666666666666
0 0.8481 0.30106666666666665 0.08047777777777779 0.05761666666666667
0 0.21222222222222223 0.4033333333333333 0.07444444444444444 0.06166666666666667
0 0.31825555555555557 0.4033333333333333 0.0954 0.056666666666666664
0 0.4729333333333333 0.41606666666666664 0.08142222222222223 0.05143333333333333
0 0.6101555555555556 0.4169 0.056666666666666664 0.05
0 0.8188888888888889 0.6916666666666667 0.035555555555555556 0.11166666666666666
0 0.8161111111111111 0.8091666666666667 0.034444444444444444 0.09333333333333334
0 0.8172222222222222 0.935 0.03222222222222222 0.11