0 0.34459999999999996 0.245 0.038566666666666666 0.12333333333333334
0 0.2811111111111111 0.25833333333333336 0.03333333333333333 0.13166666666666665
0 0.7802333333333333 0.2679833333333333 0.040155555555555555 0.12428333333333332
0 0.22833333333333333 0.2683333333333333 0.044444444444444446 0.15333333333333332
0 0.9627777777777777 0.2758333333333333 0.057777777777777775 0.14166666666666666
0 0.16666666666666666 0.2775 0.044444444444444446 0.11333333333333333
0 0.7661111111111111 0.02845 0.03713333333333334 0.0569
0 0.46111111111111114 0.475 0.043333333333333335 0.12333333333333334
0 0.7853111111111111 0.5492833333333333 0.03651111111111111 0.1169
0 0.43666666666666665 0.6066666666666667 0.06888888888888889 0.12666666666666668
0 0.32666666666666666 0.6825 0.08 0.06
0 0.7922222222222223 0.6958333333333333 0.035555555555555556 0.12666666666666668
0 0.3511111111111111 0.7683333333333333 0.08777777777777777 0.1
0 0.835 0.7833333333333333 0.08666666666666667 0.105
0 0.41888888888888887 0.7991666666666667 0.08666666666666667 0.09333333333333334
0 0.33666666666666667 0.8608333333333333 0.08222222222222222 0.09666666666666666
0 0.8425333333333334 0.8661833333333334 0.09380000000000001 0.07071666666666666
0 0.20944444444444443 0.8791666666666667 0.08777777777777777 0.09333333333333334
0 0.24555555555555555 0.925 0.08222222222222222 0.07833333333333334
0 0.7687333333333334 0.1344 0.03682222222222222 0.10381666666666667