0 0.17833333333333334 0.20333333333333334 0.07333333333333333 0.10833333333333334
0 0.14404444444444442 0.25488333333333335 0.0681 0.10356666666666667
0 0.11388888888888889 0.30083333333333334 0.07555555555555556 0.105
0 0.09333333333333334 0.35583333333333333 0.07777777777777778 0.11166666666666666
0 0.3472222222222222 0.37166666666666665 0.06444444444444444 0.09666666666666666
0 0.3022222222222222 0.44405 0.06285555555555555 0.08976666666666666
0 0.26666666666666666 0.05583333333333333 0.06111111111111111 0.11166666666666666
0 0.24555555555555555 0.6678499999999999 0.08666666666666667 0.08166666666666667
0 0.25833333333333336 0.7316666666666667 0.08 0.06833333333333333
0 0.2757111111111111 0.8079833333333334 0.08412222222222221 0.06928333333333334
0 0.2780111111111111 0.8772666666666666 0.08222222222222222 0.075
0 0.20555555555555555 0.135 0.07444444444444444 0.09666666666666666