0 0.0010888888888888888 0.00011666666666666668 0.00005555555555555556 0.00008333333333333334
0 0.0002888888888888889 0.0016333333333333332 0.00008888888888888889 0.00009999999999999999
0 0.5866666666666667 0.24083333333333334 0.0811111111111111 0.07833333333333334
0 0.3488888888888889 0.3325 0.07111111111111111 0.055
0 0.2733333333333333 0.36560000000000004 0.08666666666666667 0.08833333333333333
0 0.17825555555555556 0.40023333333333333 0.08348888888888889 0.07381666666666667
0 0.9405555555555556 0.4141666666666667 0.08777777777777777 0.06833333333333333
0 0.32745555555555556 0.65655 0.08222222222222222 0.06833333333333333
0 0.23459999999999998 0.69035 0.08126666666666667 0.06928333333333334
0 0.9775555555555555 0.0705 0.04488888888888889 0.06393333333333333
0 0.15015555555555554 0.7297666666666667 0.04507777777777778 0.056183333333333335
0 0.18896666666666667 0.9284500000000001 0.06762222222222222 0.06666666666666667
0 0.2568888888888889 0.9744833333333335 0.07437777777777778 0.05105
0 0.8974555555555556 0.10951666666666665 0.08396666666666666 0.07905