0 0.0007999999999999999 0.0015999999999999999 0.000044444444444444447 0.0001666666666666667
0 0.0010777777777777778 0.0016333333333333332 0.00006666666666666667 0.00011666666666666668
0 0.5651555555555555 0.19465000000000002 0.0830111111111111 0.07095
0 0.5162666666666667 0.020116666666666668 0.08364444444444445 0.040233333333333336
0 0.5757888888888889 0.2622666666666667 0.07936666666666667 0.05785
0 0.5921444444444444 0.31939999999999996 0.08762222222222223 0.08833333333333333
0 0.6068222222222222 0.38511666666666666 0.08587777777777779 0.08023333333333334
0 0.6222222222222222 0.45285 0.07555555555555556 0.0819
0 0.6326999999999999 0.50405 0.0854 0.07261666666666666
0 0.6392888888888889 0.5725 0.09666666666666666 0.08666666666666667
0 0.44310000000000005 0.6629833333333334 0.09603333333333335 0.059283333333333334
0 0.5270666666666667 0.07083333333333333 0.0811111111111111 0.08166666666666667
0 0.6638888888888889 0.84 0.09111111111111111 0.056666666666666664
0 0.7207555555555555 0.9536500000000001 0.0549 0.09271666666666667
0 0.9650555555555556 0.9703166666666667 0.06988888888888889 0.05938333333333334
0 0.5390444444444444 0.14583333333333334 0.07856666666666666 0.07