0 0.0011 0.00055 0.000033333333333333335 0.00006666666666666667
0 0.4677777777777778 0.18583333333333332 0.08333333333333333 0.07166666666666667
0 0.3616666666666667 0.2275 0.08333333333333333 0.075
0 0.9844222222222222 0.31666666666666665 0.031155555555555554 0.07143333333333333
0 0.8011111111111111 0.4066666666666667 0.08777777777777777 0.065
0 0.6911111111111111 0.4625 0.07666666666666666 0.06333333333333334
0 0.6027777777777777 0.49916666666666665 0.09444444444444444 0.08666666666666667
0 0.5144444444444445 0.54 0.06888888888888889 0.056666666666666664
0 0.8016666666666666 0.07916666666666666 0.09222222222222222 0.04833333333333333
0 0.6994444444444444 0.11083333333333334 0.1 0.10333333333333333
0 0.5833333333333334 0.1425 0.09888888888888889 0.1