0 0.00017777777777777779 0.0015833333333333333 0.00024444444444444443 0.00021666666666666668
0 0.0007777777777777777 0.0016333333333333332 0.00007777777777777778 0.0001666666666666667
0 0.9180666666666667 0.20256666666666667 0.08285555555555554 0.07178333333333334
0 0.9734111111111111 0.5777333333333333 0.053177777777777775 0.07238333333333333
0 0.905 0.5966666666666667 0.07666666666666666 0.065
0 0.8138888888888889 0.635 0.09555555555555556 0.08
0 0.7194444444444444 0.6716666666666666 0.07888888888888888 0.06166666666666667
0 0.6138888888888889 0.7041666666666667 0.08555555555555555 0.06333333333333334
0 0.5166666666666667 0.7325 0.07333333333333333 0.06666666666666667
0 0.68 0.7875 0.22555555555555556 0.13833333333333334
0 0.3933333333333333 0.7908333333333334 0.10222222222222223 0.09666666666666666
0 0.43222222222222223 0.8616666666666667 0.22555555555555556 0.13666666666666666
0 0.13424444444444444 0.9364666666666667 0.2684888888888889 0.12708333333333333
0 0.8062555555555555 0.9506666666666667 0.06617777777777778 0.06798333333333333
0 0.6977444444444445 0.9718833333333333 0.0922111111111111 0.05625
0 0.9036333333333333 0.13998333333333332 0.08732222222222223 0.08413333333333332