0 0.0010888888888888888 0.0009166666666666668 0.00005555555555555556 0.00019999999999999998
0 0.0006333333333333333 0.0015833333333333333 0.000044444444444444447 0.00018333333333333334
0 0.6272222222222222 0.21333333333333335 0.05444444444444444 0.15833333333333333
0 0.1581777777777778 0.3275 0.031266666666666665 0.1619
0 0.6788888888888889 0.0525 0.057777777777777775 0.09166666666666666
0 0.7355555555555555 0.5533333333333333 0.08444444444444445 0.245
0 0.7927777777777778 0.5533333333333333 0.04 0.13
0 0.8338888888888889 0.5591666666666667 0.04111111111111111 0.13833333333333334
0 0.018333333333333333 0.6696500000000001 0.03666666666666667 0.115
0 0.9755555555555555 0.8891666666666667 0.03666666666666667 0.13333333333333333
0 0.9294444444444444 0.9016666666666666 0.052222222222222225 0.145
0 0.8202333333333334 0.9151166666666668 0.043333333333333335 0.13
0 0.7713444444444445 0.9189333333333334 0.04777777777777778 0.13333333333333333
0 0.7254777777777778 0.9254833333333333 0.04888888888888889 0.12356666666666667
0 0.680711111111111 0.9270166666666667 0.035555555555555556 0.12