0 0.0008444444444444444 0.0016166666666666666 0.000044444444444444447 0.00009999999999999999
0 0.10166666666666667 0.17333333333333334 0.1288888888888889 0.08
0 0.7282555555555555 0.1925 0.03317777777777778 0.125
0 0.39611111111111114 0.22 0.07111111111111111 0.041666666666666664
0 0.39611111111111114 0.285 0.0811111111111111 0.06
0 0.5344444444444445 0.305 0.034444444444444444 0.12333333333333334
0 0.7438888888888889 0.3358333333333333 0.028888888888888888 0.12
0 0.08722222222222223 0.3441666666666667 0.06 0.08
0 0.2688888888888889 0.035 0.03222222222222222 0.07
0 0.39166666666666666 0.3516666666666667 0.0811111111111111 0.05333333333333334
0 0.7283333333333334 0.041666666666666664 0.03 0.08333333333333333
0 0.5444444444444444 0.43833333333333335 0.057777777777777775 0.12833333333333333
0 0.5238888888888888 0.04583333333333333 0.028888888888888888 0.085
0 0.23055555555555557 0.4508333333333333 0.042222222222222223 0.09666666666666666
0 0.2761111111111111 0.4508333333333333 0.027777777777777776 0.105
0 0.17777777777777778 0.4533333333333333 0.03222222222222222 0.11833333333333333
0 0.07611111111111112 0.455 0.03 0.12166666666666667
0 0.034444444444444444 0.4583333333333333 0.035555555555555556 0.11833333333333333
0 0.1265111111111111 0.46238333333333337 0.03158888888888889 0.11356666666666666
0 0.08722222222222223 0.05583333333333333 0.044444444444444446 0.10833333333333334
0 0.15222222222222223 0.06333333333333334 0.044444444444444446 0.115
0 0.04777777777777778 0.07333333333333333 0.051111111111111114 0.11166666666666666
0 0.5488888888888889 0.745 0.03333333333333333 0.11166666666666666
0 0.3844444444444444 0.08 0.07666666666666666 0.05333333333333334
0 0.7594444444444445 0.85 0.03222222222222222 0.12833333333333333
0 0.5555555555555556 0.8675 0.028888888888888888 0.11333333333333333
0 0.7590333333333333 0.96875 0.041166666666666664 0.0625
0 0.39222222222222225 0.15583333333333332 0.07777777777777778 0.055
0 0.5288888888888889 0.16583333333333333 0.027777777777777776 0.11