0 0.0008111111111111111 0.0015500000000000002 0.00005555555555555556 0.00025
0 0.9444444444444444 0.21666666666666667 0.08333333333333333 0.05333333333333334
0 0.4066666666666667 0.24666666666666667 0.04666666666666667 0.13833333333333334
0 0.365 0.25666666666666665 0.056666666666666664 0.13333333333333333
0 0.32166666666666666 0.2833333333333333 0.044444444444444446 0.095
0 0.2740444444444444 0.32106666666666667 0.05333333333333334 0.10333333333333333
0 0.7158777777777777 0.33594999999999997 0.03634444444444444 0.11405000000000001
0 0.7215111111111111 0.46166666666666667 0.040155555555555555 0.12356666666666667
0 0.9005555555555556 0.525 0.043333333333333335 0.14
0 0.03404444444444445 0.5363166666666667 0.052055555555555556 0.09095
0 0.7231 0.61595 0.0327 0.105
0 0.7273000000000001 0.7698833333333334 0.03777777777777778 0.12523333333333334
0 0.7384999999999999 0.9265666666666668 0.05566666666666667 0.14688333333333334
0 0.9411111111111111 0.14916666666666667 0.07111111111111111 0.06666666666666667