0 0.07388888888888889 0.20833333333333334 0.07777777777777778 0.06333333333333334
0 0.6371444444444444 0.24428333333333332 0.08 0.08833333333333333
0 0.021944444444444444 0.26868333333333333 0.04388888888888889 0.056183333333333335
0 0.6383333333333333 0.31939999999999996 0.07222222222222222 0.07833333333333334
0 0.08944444444444444 0.355 0.03333333333333333 0.11166666666666666
0 0.19444444444444445 0.36666666666666664 0.03111111111111111 0.1
0 0.1388888888888889 0.37166666666666665 0.03666666666666667 0.08666666666666667
0 0.28833333333333333 0.3725 0.03111111111111111 0.07166666666666667
0 0.021033333333333334 0.37606666666666666 0.0319 0.07166666666666667
0 0.24444444444444444 0.37833333333333335 0.03 0.04666666666666667
0 0.6415888888888889 0.4033333333333333 0.07428888888888889 0.054283333333333336
0 0.6461111111111111 0.4936833333333333 0.07111111111111111 0.055716666666666664
0 0.6464333333333333 0.6323833333333333 0.07555555555555556 0.08
0 0.5003222222222222 0.06595 0.04841111111111111 0.12856666666666666
0 0.6412666666666667 0.7281 0.08873333333333333 0.11215000000000001
0 0.08388888888888889 0.1025 0.03333333333333333 0.125
0 0.20634444444444444 0.10976666666666667 0.04984444444444444 0.13215000000000002
0 0.16055555555555556 0.11083333333333334 0.05444444444444444 0.12666666666666668
0 0.2477777777777778 0.11726666666666667 0.04777777777777778 0.125
0 0.03277777777777778 0.12083333333333333 0.04555555555555556 0.12333333333333334
0 0.2966666666666667 0.12833333333333333 0.06555555555555556 0.15166666666666667
0 0.12055555555555555 0.015 0.08 0.03