0 0.555 0.22333333333333333 0.06888888888888889 0.08666666666666667
0 0.48015555555555556 0.30939999999999995 0.06968888888888888 0.10856666666666667
0 0.43555555555555553 0.3358333333333333 0.07333333333333333 0.11666666666666667
0 0.34626666666666667 0.3872666666666667 0.06841111111111112 0.12118333333333332
0 0.29888888888888887 0.41833333333333333 0.062066666666666666 0.13523333333333334
0 0.25603333333333333 0.44821666666666665 0.05032222222222222 0.11284999999999999
0 0.21174444444444443 0.47106666666666663 0.05126666666666667 0.11523333333333334
0 0.1111111111111111 0.49583333333333335 0.09 0.26
0 0.1695222222222222 0.5001166666666667 0.05507777777777778 0.14095
0 0.19476666666666667 0.06035 0.03492222222222222 0.12071666666666668
0 0.11333333333333333 0.8366666666666667 0.04888888888888889 0.11166666666666666
0 0.10174444444444444 0.12215000000000001 0.03301111111111111 0.13333333333333333
0 0.15198888888888887 0.12535 0.04206666666666667 0.13523333333333334