0 0.4754 0.2177333333333333 0.07189999999999999 0.08285000000000001
0 0.5688888888888889 0.36083333333333334 0.044444444444444446 0.135
0 0.4507111111111111 0.38785000000000003 0.04841111111111111 0.12023333333333333
0 0.35126666666666667 0.4181 0.04365555555555555 0.10451666666666667
0 0.30277777777777776 0.43761666666666665 0.04507777777777778 0.10523333333333333
0 0.0273 0.51215 0.04111111111111111 0.11
0 0.9763444444444445 0.5313166666666667 0.04412222222222222 0.1081
0 0.9001555555555555 0.5344 0.04191111111111111 0.12476666666666666
0 0.8 0.5791666666666667 0.05 0.12166666666666667
0 0.725 0.5933333333333334 0.04777777777777778 0.12166666666666667
0 0.6255555555555555 0.6308333333333334 0.04888888888888889 0.11833333333333333
0 0.5066666666666667 0.6691666666666667 0.043333333333333335 0.12666666666666668
0 0.4494444444444444 0.07821666666666667 0.08523333333333333 0.07428333333333334
0 0.11404444444444445 0.7847666666666667 0.047455555555555556 0.11761666666666666
0 0.06563333333333334 0.8117833333333333 0.04571111111111111 0.12571666666666667
0 0.015 0.8158333333333333 0.03 0.115
0 0.44134444444444443 0.015833333333333335 0.08062222222222222 0.03166666666666667
0 0.46643333333333337 0.1506 0.07222222222222222 0.06166666666666667