0 0.6072222222222222 0.5708333333333333 0.03222222222222222 0.10833333333333334
0 0.6533333333333333 0.5716666666666667 0.02666666666666667 0.095
0 0.5277777777777778 0.575 0.02666666666666667 0.10333333333333333
0 0.47555555555555556 0.5833333333333334 0.044444444444444446 0.13166666666666665
0 0.4303222222222223 0.5872666666666667 0.044444444444444446 0.11166666666666666
0 0.38722222222222225 0.5958333333333333 0.06444444444444444 0.09666666666666666
0 0.3388888888888889 0.5983333333333334 0.04555555555555556 0.12
0 0.24444444444444444 0.6 0.027777777777777776 0.10666666666666667
0 0.2872222222222222 0.6 0.042222222222222223 0.13333333333333333
0 0.19722222222222222 0.6058333333333333 0.04666666666666667 0.12666666666666668
0 0.1511111111111111 0.6133333333333333 0.051111111111111114 0.09
0 0.06082222222222222 0.6138166666666667 0.041411111111111114 0.11618333333333332
0 0.10388888888888889 0.6141666666666666 0.03888888888888889 0.10666666666666667
0 0.016888888888888887 0.6223833333333334 0.03376666666666667 0.12951666666666667
0 0.6638888888888889 0.8791666666666667 0.024444444444444446 0.09333333333333334
0 0.3877777777777778 0.8916666666666667 0.027777777777777776 0.105
0 0.5758111111111112 0.8923833333333332 0.04571111111111111 0.10761666666666665
0 0.43722222222222223 0.8925 0.024444444444444446 0.10833333333333334
0 0.5272222222222223 0.8941666666666667 0.027777777777777776 0.09333333333333334
0 0.4777777777777778 0.895 0.03888888888888889 0.11833333333333333
0 0.6227777777777778 0.895 0.027777777777777776 0.11166666666666666
0 0.25555555555555554 0.8975 0.035555555555555556 0.11333333333333333
0 0.3011111111111111 0.8991666666666667 0.044444444444444446 0.12
0 0.3038888888888889 0.9 0.03222222222222222 0.12166666666666667
0 0.21 0.9058333333333334 0.03888888888888889 0.12666666666666668
0 0.3428333333333333 0.9090499999999999 0.0369 0.13143333333333332
0 0.11333333333333333 0.915 0.03333333333333333 0.115
0 0.02717777777777778 0.9185666666666666 0.04521111111111111 0.11618333333333332
0 0.16055555555555556 0.925 0.035555555555555556 0.11333333333333333
0 0.4334555555555556 0.9776166666666668 0.043533333333333334 0.04476666666666666
0 0.6616777777777778 0.9776166666666668 0.02378888888888889 0.04476666666666666
0 0.5299444444444444 0.9847666666666667 0.03334444444444445 0.03048333333333333
0 0.6199333333333334 0.9847666666666667 0.03871111111111111 0.03048333333333333
0 0.4839222222222222 0.9883333333333333 0.036533333333333334 0.023333333333333334