0 0.16618888888888889 0.19011666666666666 0.07904444444444444 0.0631
0 0.17722222222222223 0.26 0.08 0.05
0 0.17444444444444446 0.3225 0.07 0.065
0 0.22555555555555556 0.4375 0.14777777777777779 0.095
0 0.27944444444444444 0.049166666666666664 0.044444444444444446 0.09833333333333333
0 0.0219 0.5345166666666666 0.04381111111111111 0.10071666666666666
0 0.4861111111111111 0.5966666666666667 0.04666666666666667 0.11666666666666667
0 0.44 0.6016666666666667 0.03888888888888889 0.105
0 0.2866666666666667 0.6258333333333334 0.04111111111111111 0.13166666666666665
0 0.20325555555555555 0.6497666666666667 0.08745555555555555 0.05785
0 0.15944444444444444 0.065 0.06888888888888889 0.045