0 0.9522222222222222 0.25118333333333337 0.08635555555555556 0.07761666666666667
0 0.8522222222222222 0.295 0.08 0.07
0 0.6961111111111111 0.030833333333333334 0.08777777777777777 0.06166666666666667
0 0.7638888888888888 0.33416666666666667 0.09444444444444444 0.08166666666666667
0 0.6083333333333333 0.4058333333333333 0.09111111111111111 0.08166666666666667
0 0.52 0.45011666666666666 0.0869888888888889 0.08048333333333334
0 0.4220666666666667 0.4942833333333333 0.08492222222222223 0.085
0 0.3254777777777778 0.5457166666666666 0.09111111111111111 0.09166666666666666
0 0.5872222222222222 0.05715 0.08476666666666667 0.07715
0 0.265 0.8166666666666667 0.10555555555555556 0.10333333333333333
0 0.2911111111111111 0.8791666666666667 0.09333333333333334 0.08833333333333333