0 0.07118888888888888 0.26261666666666666 0.07189999999999999 0.0581
0 0.15087777777777778 0.2735666666666666 0.07682222222222222 0.06666666666666667
0 0.24285555555555555 0.28845 0.07873333333333334 0.05548333333333333
0 0.3277777777777778 0.30201666666666666 0.08095555555555556 0.06428333333333333
0 0.5515111111111112 0.3352333333333333 0.0665111111111111 0.053566666666666665
0 0.6550777777777779 0.3579833333333333 0.08921111111111112 0.06618333333333333
0 0.07904444444444444 0.47155 0.08222222222222222 0.06881666666666666
0 0.5371444444444444 0.5407166666666666 0.08158888888888889 0.06548333333333334
0 0.62 0.5551166666666667 0.07713333333333333 0.06333333333333334
0 0.7083333333333334 0.5658333333333333 0.07888888888888888 0.056666666666666664
0 0.9425444444444444 0.5993999999999999 0.0973 0.07785