0 0.0009222222222222222 0.00165 0.000033333333333333335 0.00008333333333333334
0 0.5433333333333333 0.255 0.05555555555555555 0.115
0 0.30666666666666664 0.2625 0.06555555555555556 0.13
0 0.5211111111111111 0.3525 0.1322222222222222 0.23833333333333334
0 0.9600777777777778 0.3572666666666667 0.07015555555555555 0.08285000000000001
0 0.3605555555555556 0.4025 0.07666666666666666 0.12833333333333333
0 0.6038888888888889 0.4075 0.06888888888888889 0.13333333333333333
0 0.41555555555555557 0.5333333333333333 0.07444444444444444 0.13
0 0.6505555555555556 0.535 0.05333333333333334 0.10666666666666667
0 0.46166666666666667 0.6525 0.057777777777777775 0.12666666666666668
0 0.8961111111111111 0.7891666666666667 0.06666666666666667 0.125
0 0.8004777777777777 0.8977333333333333 0.06794444444444445 0.12548333333333334
0 0.48388888888888887 0.11333333333333333 0.06111111111111111 0.125