0 0.9458777777777777 0.7823833333333333 0.038566666666666666 0.10405
0 0.8903222222222222 0.7916666666666666 0.041744444444444445 0.1281
0 0.8438888888888889 0.8025 0.05333333333333334 0.115
0 0.7994444444444444 0.8041666666666667 0.042222222222222223 0.11166666666666666
0 0.7599222222222222 0.8107166666666666 0.035555555555555556 0.09785
0 0.6666666666666666 0.8144 0.04111111111111111 0.11
0 0.7170666666666666 0.8186833333333333 0.04571111111111111 0.14143333333333333
0 0.6251555555555556 0.8289333333333334 0.040799999999999996 0.11785
0 0.575 0.8373833333333334 0.04237777777777778 0.1231
0 0.5323 0.8401166666666666 0.0446 0.11928333333333332
0 0.45611111111111113 0.8419 0.08333333333333333 0.07166666666666667
0 0.36904444444444445 0.8685666666666666 0.06841111111111112 0.0631
0 0.27047777777777776 0.88715 0.07078888888888889 0.0669
0 0.1657111111111111 0.9225 0.07571111111111112 0.06048333333333333
0 0.06913333333333334 0.9434500000000001 0.07476666666666668 0.06928333333333334