0 0.25722222222222224 0.2625 0.04888888888888889 0.13
0 0.5333333333333333 0.295 0.05 0.125
0 0.675 0.2966666666666667 0.06444444444444444 0.06333333333333334
0 0.4861111111111111 0.030833333333333334 0.03666666666666667 0.06166666666666667
0 0.5561111111111111 0.43666666666666665 0.044444444444444446 0.13333333333333333
0 0.29888888888888887 0.5233333333333333 0.056666666666666664 0.13666666666666666
0 0.5766666666666667 0.5683333333333334 0.043333333333333335 0.12166666666666667
0 0.3288888888888889 0.68 0.043333333333333335 0.14
0 0.7827777777777778 0.7041666666666667 0.07555555555555556 0.05333333333333334
0 0.6068222222222222 0.8353499999999999 0.07936666666666667 0.04833333333333333
0 0.22762222222222223 0.10321666666666666 0.05507777777777778 0.12594999999999998
0 0.5073777777777778 0.15405000000000002 0.05143333333333333 0.1281