0 0.43944444444444447 0.3325 0.06333333333333334 0.12
0 0.5777777777777777 0.3325 0.08333333333333333 0.095
0 0.39222222222222225 0.3641666666666667 0.06111111111111111 0.12833333333333333
0 0.6017444444444445 0.37155 0.06603333333333333 0.0669
0 0.3108777777777778 0.42393333333333333 0.06936666666666666 0.12405000000000001
0 0.6241222222222222 0.43916666666666665 0.06777777777777778 0.07833333333333334
0 0.5149222222222223 0.59965 0.08317777777777778 0.0869
0 0.5287333333333334 0.71285 0.07984444444444444 0.08356666666666666
0 0.5552333333333334 0.7781 0.0811111111111111 0.0881
0 0.5942888888888889 0.8351166666666666 0.07666666666666666 0.06095
0 0.2823 0.8583333333333333 0.07301111111111111 0.07595