0 0.0006444444444444444 0.00165 0.00007777777777777778 0.00015
0 0.45078888888888885 0.19035 0.07444444444444444 0.10285
0 0.42 0.24 0.07333333333333333 0.10666666666666667
0 0.3920666666666667 0.28595 0.07285555555555555 0.11048333333333335
0 0.36833333333333335 0.3383333333333333 0.07333333333333333 0.105
0 0.6215111111111111 0.36285 0.06 0.08833333333333333
0 0.5438888888888889 0.041666666666666664 0.052222222222222225 0.08333333333333333
0 0.5755555555555556 0.43083333333333335 0.06 0.085
0 0.5196 0.65405 0.08825555555555556 0.08333333333333333
0 0.5317444444444445 0.7189333333333333 0.07618888888888888 0.06618333333333333
0 0.5466666666666666 0.7941666666666667 0.08 0.06166666666666667
0 0.5477777777777778 0.8616666666666667 0.07777777777777778 0.07166666666666667
0 0.5691222222222223 0.9781333333333333 0.08774444444444444 0.04375
0 0.47833333333333333 0.11821666666666668 0.07 0.1031