0 0.8261111111111111 0.1675 0.051111111111111114 0.13333333333333333
0 0.8833333333333333 0.020483333333333333 0.032377777777777776 0.04095
0 0.4596 0.021783333333333335 0.08697777777777778 0.0419
0 0.705 0.02666666666666667 0.03333333333333333 0.05333333333333334
0 0.9800777777777778 0.03 0.039844444444444446 0.06
0 0.6572222222222223 0.03666666666666667 0.03111111111111111 0.07333333333333333
0 0.4483333333333333 0.41333333333333333 0.08666666666666667 0.07
0 0.44151111111111113 0.4804833333333334 0.0830111111111111 0.06166666666666667
0 0.9711111111111111 0.5266666666666666 0.03777777777777778 0.11666666666666667
0 0.8822222222222222 0.5525 0.04111111111111111 0.105
0 0.7383333333333333 0.5616666666666666 0.034444444444444444 0.12333333333333334
0 0.6038888888888889 0.5758333333333333 0.03777777777777778 0.125
0 0.46055555555555555 0.09333333333333334 0.09 0.045
0 0.9329333333333333 0.01655 0.03348888888888889 0.0331
0 0.9372222222222222 0.15726666666666667 0.04047777777777778 0.13571666666666668
0 0.9826555555555555 0.1575 0.03467777777777778 0.1281
0 0.7022222222222222 0.16416666666666666 0.04 0.11