0 0.4288888888888889 0.19333333333333333 0.08 0.11
0 0.5066666666666667 0.3016666666666667 0.0811111111111111 0.11833333333333333
0 0.028333333333333332 0.33035000000000003 0.056666666666666664 0.1081
0 0.5861111111111111 0.4083333333333333 0.08777777777777777 0.12
0 0.11222222222222222 0.4533333333333333 0.09444444444444444 0.11833333333333333
0 0.6666666666666666 0.515 0.08 0.125
0 0.19777777777777777 0.5708333333333333 0.08444444444444445 0.11666666666666667
0 0.7344444444444445 0.625 0.07555555555555556 0.09666666666666666
0 0.27555555555555555 0.6533333333333333 0.08333333333333333 0.13166666666666665
0 0.8111111111111111 0.74 0.07777777777777778 0.11333333333333333
0 0.3511111111111111 0.7491666666666666 0.08666666666666667 0.12666666666666668
0 0.8838888888888888 0.8216666666666667 0.0811111111111111 0.11333333333333333
0 0.43166666666666664 0.8608333333333333 0.07555555555555556 0.1
0 0.33944444444444444 0.08666666666666667 0.07666666666666666 0.10833333333333334
0 0.9466666666666667 0.9166666666666666 0.06 0.08666666666666667
0 0.27555555555555555 0.013333333333333334 0.049833333333333334 0.02666666666666667