0 0.42277777777777775 0.5091666666666667 0.06888888888888889 0.06166666666666667
0 0.335 0.5516666666666666 0.08666666666666667 0.058333333333333334
0 0.2538888888888889 0.5791666666666667 0.03777777777777778 0.041666666666666664
0 0.5785666666666667 0.7504833333333334 0.06 0.13881666666666667
0 0.5333111111111112 0.7838333333333334 0.05472222222222222 0.1248
0 0.47904444444444444 0.80345 0.04571111111111111 0.12715
0 0.42754444444444445 0.8325 0.0527 0.1369
0 0.37737777777777776 0.8508333333333333 0.05237777777777778 0.13451666666666665
0 0.3281777777777778 0.8658333333333333 0.04936666666666667 0.12261666666666665
0 0.28476666666666667 0.8863166666666666 0.05714444444444444 0.13
0 0.23222222222222222 0.9258333333333333 0.04888888888888889 0.07833333333333334
0 0.18555555555555556 0.9516666666666667 0.044444444444444446 0.07166666666666667