0 0.8505555555555555 0.19416666666666665 0.09111111111111111 0.058333333333333334
0 0.3111111111111111 0.21833333333333332 0.04555555555555556 0.125
0 0.26722222222222225 0.23083333333333333 0.044444444444444446 0.12
0 0.22333333333333333 0.2575 0.04888888888888889 0.09833333333333333
0 0.17666666666666667 0.2916666666666667 0.051111111111111114 0.1
0 0.6157888888888889 0.30666666666666664 0.038566666666666666 0.11333333333333333
0 0.6251555555555556 0.4417833333333333 0.040155555555555555 0.1269
0 0.8030999999999999 0.4992833333333333 0.03936666666666667 0.13643333333333332
0 0.6259555555555556 0.5919 0.03253333333333334 0.11048333333333335
0 0.6336444444444445 0.7448833333333333 0.03935555555555556 0.125
0 0.6371444444444444 0.9151166666666668 0.04682222222222222 0.16643333333333332
0 0.8462666666666666 0.12284999999999999 0.0792 0.06405