0 0.12611111111111112 0.2781 0.09032222222222223 0.05215
0 0.3431 0.3358333333333333 0.045399999999999996 0.13928333333333331
0 0.4877 0.35285 0.04126666666666667 0.13548333333333334
0 0.4807888888888889 0.03833333333333333 0.037622222222222224 0.07666666666666666
0 0.34492222222222224 0.49 0.04253333333333333 0.12643333333333334
0 0.4827 0.5308333333333334 0.04031111111111111 0.13738333333333336
0 0.34595555555555557 0.6413166666666666 0.03507777777777778 0.12928333333333333
0 0.4857888888888889 0.6583333333333333 0.03571111111111111 0.11023333333333334
0 0.15492222222222224 0.06881666666666666 0.042222222222222223 0.13761666666666666
0 0.4899222222222222 0.8170166666666666 0.0373 0.12261666666666665
0 0.34865555555555555 0.8329833333333334 0.04254444444444444 0.12451666666666665
0 0.49015555555555557 0.9460666666666666 0.03523333333333333 0.10451666666666667