0 0.0005222222222222222 0.0015833333333333333 0.00005555555555555556 0.00018333333333333334
0 0.0007999999999999999 0.0016166666666666666 0.00008888888888888889 0.00009999999999999999
0 0.30904444444444445 0.18951666666666667 0.07793333333333334 0.0681
0 0.32174444444444444 0.25405 0.08032222222222223 0.046900000000000004
0 0.335 0.315 0.08444444444444445 0.06
0 0.34944444444444445 0.37810000000000005 0.08 0.08166666666666667
0 0.3655555555555556 0.4457166666666667 0.07904444444444444 0.08666666666666667
0 0.3788111111111111 0.50095 0.08428888888888889 0.06905
0 0.38356666666666667 0.5591666666666667 0.08444444444444445 0.06833333333333333
0 0.2691222222222222 0.05785 0.07396666666666665 0.08428333333333334
0 0.19 0.6516666666666666 0.09111111111111111 0.058333333333333334
0 0.4127777777777778 0.8308333333333333 0.08777777777777777 0.05
0 0.46603333333333335 0.9489666666666666 0.04544444444444444 0.10208333333333333
0 0.7184222222222223 0.9661500000000001 0.0794 0.06771666666666668
0 0.28459999999999996 0.13 0.07921111111111112 0.07785