0 0.0002111111111111111 0.0015666666666666665 0.00005555555555555556 0.00023333333333333336
0 0.0002777777777777778 0.0015666666666666665 0.000044444444444444447 0.00019999999999999998
0 0.00015555555555555556 0.0016166666666666666 0.000044444444444444447 0.00011666666666666668
0 0.8166666666666667 0.26916666666666667 0.06888888888888889 0.13333333333333333
0 0.6916666666666667 0.3225 0.057777777777777775 0.135
0 0.23833333333333334 0.5016666666666667 0.06888888888888889 0.06833333333333333
0 0.5227777777777778 0.0525 0.035555555555555556 0.105
0 0.14107777777777777 0.5298333333333333 0.08936666666666668 0.08
0 0.5188888888888888 0.8366666666666667 0.06111111111111111 0.13833333333333334
0 0.4627777777777778 0.8616666666666667 0.06222222222222222 0.145
0 0.42 0.8791666666666667 0.03888888888888889 0.11333333333333333
0 0.35888888888888887 0.8933333333333333 0.06666666666666667 0.14833333333333334
0 0.305 0.9258333333333333 0.04555555555555556 0.12
0 0.18882222222222222 0.9375 0.053533333333333336 0.125
0 0.2509555555555556 0.94115 0.04168888888888889 0.11771666666666666
0 0.13814444444444443 0.9656333333333333 0.03967777777777778 0.06875