0 0.20333333333333334 0.5141666666666667 0.06888888888888889 0.043333333333333335
0 0.30396666666666666 0.5172666666666667 0.09143333333333334 0.056183333333333335
0 0.6392111111111111 0.56655 0.08682222222222222 0.0581
0 0.6123000000000001 0.64905 0.08729999999999999 0.06118333333333333
0 0.7572222222222222 0.655 0.09666666666666666 0.03833333333333333
0 0.435 0.7316666666666667 0.042222222222222223 0.12
0 0.12444444444444444 0.7391666666666666 0.03111111111111111 0.105
0 0.36444444444444446 0.7425 0.025555555555555557 0.11833333333333333
0 0.2588888888888889 0.7541666666666667 0.035555555555555556 0.135
0 0.20666666666666667 0.7566666666666667 0.03888888888888889 0.13666666666666666
0 0.31333333333333335 0.7575 0.03666666666666667 0.11666666666666667
0 0.9593666666666666 0.9419666666666666 0.03523333333333333 0.11606666666666667