0 0.0011 0.0006666666666666668 0.000044444444444444447 0.00018333333333333334
0 0.0009777777777777777 0.0015999999999999999 0.000033333333333333335 0.00015
0 0.9722222222222222 0.24916666666666668 0.03666666666666667 0.13333333333333333
0 0.8027777777777778 0.2547666666666667 0.046988888888888886 0.13715000000000002
0 0.8212666666666667 0.3881 0.04682222222222222 0.11261666666666666
0 0.9834555555555555 0.40263333333333334 0.03308888888888889 0.12193333333333332
0 0.026111111111111113 0.44583333333333336 0.052222222222222225 0.054283333333333336
0 0.48 0.6148833333333333 0.039844444444444446 0.07881666666666666
0 0.3931 0.6177333333333334 0.05174444444444445 0.08381666666666666
0 0.0665111111111111 0.62345 0.047455555555555556 0.1319
0 0.5638111111111112 0.6629833333333334 0.07984444444444444 0.07285
0 0.21388888888888888 0.7666666666666667 0.12333333333333334 0.09166666666666666
0 0.9627777777777777 0.07833333333333334 0.044444444444444446 0.13333333333333333
0 0.8627777777777778 0.8404833333333334 0.04586666666666667 0.13261666666666666
0 0.8815111111111111 0.9573 0.0417 0.08541666666666667
0 0.7889666666666667 0.1031 0.04808888888888889 0.12261666666666665