0 0.7463444444444445 0.24893333333333337 0.08651111111111111 0.06761666666666667
0 0.905 0.38 0.04111111111111111 0.125
0 0.9588888888888889 0.38166666666666665 0.03888888888888889 0.14
0 0.86 0.4025 0.04111111111111111 0.13166666666666665
0 0.03222222222222222 0.48333333333333334 0.043333333333333335 0.10166666666666667
0 0.06055555555555556 0.6325 0.043333333333333335 0.11
0 0.28 0.6408333333333334 0.043333333333333335 0.1
0 0.5546 0.6646500000000001 0.06841111111111112 0.056433333333333335
0 0.7522222222222222 0.735 0.10777777777777778 0.07833333333333334
0 0.6438888888888888 0.7616666666666667 0.07111111111111111 0.04833333333333333
0 0.91 0.785 0.14555555555555555 0.085
0 0.53 0.7866666666666666 0.08333333333333333 0.056666666666666664
0 0.7705555555555555 0.8233333333333334 0.07888888888888888 0.06
0 0.6733333333333333 0.8283333333333334 0.08 0.07
0 0.5416666666666666 0.8583333333333333 0.09111111111111111 0.06166666666666667
0 0.9116666666666666 0.8733333333333333 0.07777777777777778 0.05
0 0.7962666666666667 0.9023833333333332 0.06921111111111111 0.06023333333333333
0 0.6916666666666667 0.9158333333333334 0.09555555555555556 0.051666666666666666
0 0.5140444444444444 0.9548833333333332 0.06857777777777778 0.05881666666666666