0 0.6226222222222222 0.2873833333333333 0.03587777777777778 0.12476666666666666
0 0.435 0.30666666666666664 0.04555555555555556 0.12666666666666668
0 0.5375444444444445 0.3082166666666667 0.03936666666666667 0.12856666666666666
0 0.4907888888888889 0.30905 0.03651111111111111 0.1169
0 0.7321444444444444 0.5572666666666667 0.03825555555555556 0.14905000000000002
0 0.6722222222222223 0.5741666666666667 0.03333333333333333 0.105
0 0.3327777777777778 0.5758333333333333 0.02666666666666667 0.12333333333333334
0 0.38055555555555554 0.5814333333333334 0.03682222222222222 0.13451666666666665
0 0.4247666666666667 0.5823833333333334 0.03777777777777778 0.105
0 0.8833333333333333 0.7417833333333334 0.0811111111111111 0.0531
0 0.7205555555555555 0.7516666666666667 0.22111111111111112 0.07
0 0.8904 0.08393333333333333 0.0942888888888889 0.07214999999999999