0 0.00038888888888888887 0.0015833333333333333 0.00007777777777777778 0.00019999999999999998
0 0.0010888888888888888 0.0016166666666666666 0.00005555555555555556 0.00015
0 0.19671111111111111 0.22525 0.0582 0.09423333333333334
0 0.4583333333333333 0.24916666666666668 0.08333333333333333 0.085
0 0.2238888888888889 0.31416666666666665 0.06666666666666667 0.125
0 0.4692888888888889 0.31618333333333337 0.07666666666666666 0.06905
0 0.4781777777777778 0.38535 0.08381111111111111 0.07261666666666666
0 0.24 0.41368333333333335 0.05333333333333334 0.13
0 0.49944444444444447 0.44416666666666665 0.08333333333333333 0.07333333333333333
0 0.07714444444444445 0.45405 0.08777777777777777 0.08166666666666667
0 0.5092111111111112 0.5106 0.08270000000000001 0.08118333333333333
0 0.2631 0.51095 0.06285555555555555 0.11261666666666666
0 0.08618888888888888 0.5514333333333333 0.07793333333333334 0.07238333333333333
0 0.5155555555555555 0.5775 0.08666666666666667 0.07833333333333334
0 0.28095555555555557 0.5833333333333334 0.06444444444444444 0.13166666666666665
0 0.5322222222222223 0.64 0.07666666666666666 0.07
0 0.2931 0.6847666666666666 0.05381111111111111 0.08951666666666667
0 0.5470666666666667 0.6982166666666667 0.09444444444444444 0.08715
0 0.31737777777777776 0.75285 0.06888888888888889 0.12
0 0.5536555555555556 0.7820166666666666 0.08174444444444444 0.075
0 0.5798444444444445 0.8361833333333333 0.07888888888888888 0.085
0 0.3327777777777778 0.8533333333333334 0.06555555555555556 0.12
0 0.5955555555555555 0.9025 0.08888888888888889 0.07166666666666667
0 0.35133333333333333 0.9474000000000001 0.06605555555555556 0.10521666666666667
0 0.6177777777777778 0.9491666666666667 0.06555555555555556 0.065
0 0.9820666666666666 0.96355 0.035866666666666665 0.07291666666666667
0 0.9261111111111111 0.9683333333333334 0.042222222222222223 0.06333333333333334
0 0.17952222222222222 0.14583333333333334 0.07777777777777778 0.08333333333333333