0 0.0006333333333333333 0.0015833333333333333 0.000044444444444444447 0.00018333333333333334
0 0.0010555555555555555 0.0015833333333333333 0.000033333333333333335 0.00018333333333333334
0 0.6961111111111111 0.20916666666666667 0.051111111111111114 0.12166666666666667
0 0.10174444444444444 0.5481 0.04524444444444444 0.15548333333333333
0 0.3973777777777778 0.55035 0.04111111111111111 0.11166666666666666
0 0.8452333333333334 0.5656 0.037144444444444445 0.14118333333333333
0 0.52 0.6108333333333333 0.06222222222222222 0.24833333333333332
0 0.7568222222222222 0.9416666666666667 0.03825555555555556 0.11666666666666667
0 0.9554777777777778 0.9442666666666666 0.041022222222222224 0.11146666666666666
0 0.6985666666666667 0.9448833333333333 0.034444444444444444 0.10643333333333334
0 0.5747222222222222 0.9474000000000001 0.041999999999999996 0.10521666666666667
0 0.6439666666666667 0.9483333333333334 0.03206666666666667 0.10166666666666667
0 0.1804 0.1075 0.04 0.12
0 0.25245555555555554 0.1081 0.03777777777777778 0.13618333333333332
0 0.1104 0.11655000000000001 0.037144444444444445 0.11071666666666667
0 0.33166666666666667 0.13583333333333333 0.04 0.11333333333333333