0 0.0010777777777777778 0.0016333333333333332 0.00006666666666666667 0.00013333333333333334
0 0.6802333333333334 0.2966666666666667 0.09143333333333334 0.08118333333333333
0 0.21634444444444445 0.031316666666666666 0.04317777777777778 0.06261666666666667
0 0.5816666666666667 0.36715 0.08888888888888889 0.06523333333333334
0 0.6896 0.37715 0.07047777777777778 0.0631
0 0.5913444444444445 0.44345 0.08333333333333333 0.06143333333333333
0 0.8776222222222222 0.4581 0.062377777777777775 0.11118333333333333
0 0.4536555555555556 0.4602333333333333 0.050633333333333336 0.13048333333333334
0 0.9019 0.5106 0.058888888888888886 0.09333333333333334
0 0.7255555555555555 0.5283333333333333 0.09222222222222222 0.07666666666666666
0 0.6154777777777777 0.5304833333333334 0.08587777777777779 0.0681
0 0.9054777777777777 0.5986833333333333 0.061900000000000004 0.09785
0 0.6346777777777778 0.6017833333333333 0.0781 0.06476666666666667
0 0.7361111111111112 0.6025 0.07888888888888888 0.055
0 0.09881111111111111 0.06368333333333333 0.08189999999999999 0.12738333333333335
0 0.48396666666666666 0.6545166666666666 0.05032222222222222 0.11143333333333333
0 0.7561111111111111 0.6725 0.08555555555555555 0.09
0 0.9234111111111112 0.6811833333333333 0.06555555555555556 0.09715
0 0.645 0.6908333333333333 0.09444444444444444 0.07666666666666666
0 0.9381777777777778 0.7466666666666667 0.07777777777777778 0.10833333333333334
0 0.7635666666666667 0.7493833333333333 0.07317777777777777 0.0652
0 0.6388888888888888 0.7633333333333333 0.09111111111111111 0.07166666666666667
0 0.7788888888888889 0.8358333333333333 0.09 0.05
0 0.6638888888888889 0.8525 0.08777777777777777 0.07
0 0.9583333333333334 0.8958333333333334 0.07666666666666666 0.11
0 0.7978555555555557 0.9702333333333333 0.08222222222222222 0.058333333333333334
0 0.3422222222222222 0.14666666666666667 0.07888888888888888 0.08833333333333333