0 0.655 0.20023333333333335 0.03492222222222222 0.12094999999999999
0 0.5646777777777777 0.21226666666666666 0.04555555555555556 0.12405000000000001
0 0.43325555555555556 0.21606666666666666 0.03888888888888889 0.12785
0 0.2984111111111111 0.21964999999999998 0.03348888888888889 0.1219
0 0.4779333333333333 0.22344999999999998 0.04 0.10048333333333333
0 0.3431777777777778 0.2247666666666667 0.040155555555555555 0.12618333333333331
0 0.2492111111111111 0.2269 0.03333333333333333 0.125
0 0.017777777777777778 0.23083333333333333 0.035555555555555556 0.12
0 0.1546 0.2375 0.03475555555555555 0.11666666666666667
0 0.3902333333333333 0.23798333333333332 0.03428888888888889 0.10023333333333334
0 0.19285555555555556 0.2382166666666667 0.03666666666666667 0.11166666666666666
0 0.06452222222222222 0.23939999999999997 0.03825555555555556 0.12451666666666665
0 0.11032222222222222 0.24428333333333332 0.040633333333333334 0.10023333333333334