0 0.0008666666666666667 0.0015833333333333333 0.000033333333333333335 0.0001666666666666667
0 0.0009777777777777777 0.0015999999999999999 0.000033333333333333335 0.0001666666666666667
0 0.0010666666666666667 0.0016166666666666666 0.000044444444444444447 0.00015
0 0.15388888888888888 0.8241666666666667 0.03666666666666667 0.13333333333333333
0 0.2243666666666667 0.8303499999999999 0.05904444444444445 0.11523333333333334
0 0.31555555555555553 0.8491666666666666 0.057777777777777775 0.12666666666666668
0 0.6705555555555556 0.9116666666666666 0.042222222222222223 0.10666666666666667
0 0.7283333333333334 0.9391666666666667 0.03888888888888889 0.11833333333333333
0 0.7816555555555555 0.9453166666666668 0.04474444444444445 0.10938333333333333
0 0.884511111111111 0.95105 0.04075555555555555 0.09791666666666667
0 0.9646888888888889 0.9619833333333334 0.03721111111111111 0.07605