0 0.9822222222222222 0.6475 0.03333333333333333 0.11833333333333333
0 0.9338888888888889 0.6491666666666667 0.035555555555555556 0.10833333333333334
0 0.6533333333333333 0.6891666666666667 0.051111111111111114 0.12
0 0.6044444444444445 0.7091666666666666 0.03666666666666667 0.105
0 0.4661111111111111 0.7275 0.02666666666666667 0.10833333333333334
0 0.5111111111111111 0.7316666666666667 0.043333333333333335 0.12833333333333333
0 0.4266666666666667 0.7358333333333333 0.03333333333333333 0.13333333333333333
0 0.8948444444444444 0.7588166666666667 0.0830111111111111 0.06261666666666667
0 0.22666666666666666 0.7683333333333333 0.035555555555555556 0.12166666666666667
0 0.035555555555555556 0.8158333333333333 0.03777777777777778 0.12666666666666668
0 0.08833333333333333 0.8291666666666667 0.04 0.065
0 0.4216666666666667 0.9008333333333334 0.042222222222222223 0.13333333333333333
0 0.8732555555555555 0.9288166666666666 0.08206666666666666 0.059283333333333334
0 0.7733333333333333 0.9433333333333334 0.08444444444444445 0.058333333333333334
0 0.565 0.975 0.07666666666666666 0.05