0 0.0011 0.00045000000000000004 0.00005555555555555556 0.00011666666666666668
0 0.0011 0.0007 0.000044444444444444447 0.00015
0 0.0009555555555555555 0.0015500000000000002 0.00005555555555555556 0.00021666666666666668
0 0.0001888888888888889 0.0015999999999999999 0.00009999999999999999 0.00013333333333333334
0 0.000911111111111111 0.0015999999999999999 0.000033333333333333335 0.00015
0 0.0007777777777777777 0.0016166666666666666 0.000044444444444444447 0.00011666666666666668
0 0.0008444444444444444 0.0016166666666666666 0.00005555555555555556 0.00013333333333333334
0 0.7435666666666667 0.1719 0.08603333333333334 0.08023333333333334
0 0.6360333333333332 0.21393333333333336 0.0811111111111111 0.08261666666666667
0 0.5293666666666667 0.25488333333333335 0.07571111111111112 0.07548333333333333
0 0.4411111111111111 0.028333333333333332 0.03666666666666667 0.055
0 0.9844111111111111 0.2914333333333334 0.03116666666666667 0.12476666666666666
0 0.4211111111111111 0.30416666666666664 0.08666666666666667 0.08
0 0.9504 0.31416666666666665 0.052533333333333335 0.12951666666666667
0 0.9022222222222223 0.33166666666666667 0.06222222222222222 0.14166666666666666
0 0.3194444444444444 0.34 0.08333333333333333 0.075
0 0.38555555555555554 0.035833333333333335 0.028888888888888888 0.07166666666666667
0 0.8533333333333334 0.35583333333333333 0.05444444444444444 0.13666666666666666
0 0.2238888888888889 0.38 0.08222222222222222 0.075
0 0.8005555555555556 0.38333333333333336 0.06888888888888889 0.14
0 0.15333333333333332 0.4075 0.043333333333333335 0.055
0 0.9827666666666667 0.43761666666666665 0.034466666666666666 0.12571666666666667
0 0.7011111111111111 0.4475 0.051111111111111114 0.12833333333333333
0 0.9466666666666667 0.45416666666666666 0.05444444444444444 0.12166666666666667
0 0.655788888888889 0.4636833333333333 0.05745555555555556 0.13523333333333334
0 0.6 0.47583333333333333 0.04 0.10333333333333333
0 0.5555555555555556 0.5008333333333334 0.04555555555555556 0.12666666666666668
0 0.8555555555555555 0.515 0.04777777777777778 0.135
0 0.38722222222222225 0.5425 0.051111111111111114 0.13166666666666665
0 0.505 0.5458333333333333 0.04666666666666667 0.10833333333333334
0 0.4494444444444444 0.5525 0.044444444444444446 0.12666666666666668
0 0.7994444444444444 0.5566666666666666 0.052222222222222225 0.12333333333333334
0 0.325 0.5741666666666667 0.06555555555555556 0.11333333333333333
0 0.695 0.5783333333333334 0.05555555555555555 0.12833333333333333
0 0.7544444444444445 0.5816666666666667 0.04888888888888889 0.12
0 0.2788888888888889 0.5958333333333333 0.07 0.13166666666666665
0 0.2311111111111111 0.6116666666666667 0.057777777777777775 0.11833333333333333
0 0.6472222222222223 0.6133333333333333 0.04666666666666667 0.11166666666666666
0 0.18166666666666667 0.6241666666666666 0.051111111111111114 0.14
0 0.5838888888888889 0.6341666666666667 0.056666666666666664 0.13166666666666665
0 0.13666666666666666 0.6433333333333333 0.04777777777777778 0.12666666666666668
0 0.08277777777777778 0.6483333333333333 0.051111111111111114 0.12
0 0.9730555555555556 0.06618333333333333 0.05388888888888889 0.07761666666666667
0 0.5372222222222223 0.6675 0.052222222222222225 0.125
0 0.4852333333333333 0.6898833333333333 0.05873333333333333 0.13738333333333336
0 0.41833333333333333 0.69 0.05444444444444444 0.12333333333333334
0 0.3705555555555556 0.7141666666666666 0.052222222222222225 0.10833333333333334
0 0.3111111111111111 0.7425 0.051111111111111114 0.13166666666666665
0 0.3277777777777778 0.075 0.043333333333333335 0.12166666666666667
0 0.22055555555555556 0.755 0.03888888888888889 0.10333333333333333
0 0.2633333333333333 0.7625 0.05555555555555555 0.12
0 0.17333333333333334 0.7683333333333333 0.05333333333333334 0.11333333333333333
0 0.7733333333333333 0.7691666666666667 0.12777777777777777 0.11
0 0.11833333333333333 0.7766666666666666 0.043333333333333335 0.1
0 0.9931444444444445 0.8661833333333334 0.013711111111111111 0.1219
0 0.16111111111111112 0.9125 0.07 0.058333333333333334
0 0.9094444444444445 0.9133333333333333 0.042222222222222223 0.12833333333333333
0 0.8675111111111111 0.9323833333333332 0.051333333333333335 0.13523333333333334
0 0.42777777777777776 0.9358333333333333 0.09888888888888889 0.10666666666666667
0 0.8202222222222223 0.9573833333333333 0.03928888888888889 0.08523333333333333
0 0.7648333333333334 0.9597666666666667 0.04596666666666666 0.08048333333333334
0 0.17365555555555554 0.9609500000000001 0.08583333333333333 0.0781
0 0.6992888888888888 0.9692833333333334 0.045033333333333335 0.06143333333333333
0 0.07573333333333333 0.9776166666666668 0.032855555555555555 0.04476666666666666
0 0.2288888888888889 0.9807166666666666 0.08304444444444443 0.038566666666666666
0 0.8654777777777777 0.10893333333333333 0.08571111111111111 0.08405
0 0.2872222222222222 0.1125 0.05333333333333334 0.12833333333333333
0 0.2427777777777778 0.12916666666666668 0.04555555555555556 0.11833333333333333
0 0.18611111111111112 0.13416666666666666 0.06111111111111111 0.13833333333333334