0 0.00005555555555555556 0.0015666666666666665 0.00006666666666666667 0.00021666666666666668
0 0.00017777777777777779 0.0015666666666666665 0.000033333333333333335 0.00021666666666666668
0 0.0004555555555555555 0.0015833333333333333 0.000033333333333333335 0.00018333333333333334
0 0.14444444444444443 0.21416666666666667 0.03888888888888889 0.13333333333333333
0 0.5686555555555556 0.24666666666666667 0.07666666666666666 0.05405
0 0.35333333333333333 0.2975 0.043333333333333335 0.13666666666666666
0 0.15523333333333333 0.37048333333333333 0.0419 0.14095
0 0.3650777777777778 0.43405 0.04412222222222222 0.13523333333333334
0 0.3811111111111111 0.6183333333333333 0.043333333333333335 0.13166666666666665
0 0.14356666666666668 0.07 0.0354 0.1269
0 0.15737777777777776 0.7795166666666666 0.04206666666666667 0.13715000000000002
0 0.39166666666666666 0.7866666666666666 0.056666666666666664 0.15333333333333332
0 0.3491222222222222 0.08773333333333333 0.046033333333333336 0.155
0 0.16037777777777779 0.9359333333333333 0.042477777777777774 0.12813333333333332
0 0.054066666666666666 0.9416666666666667 0.045144444444444445 0.11666666666666667
0 0.4113111111111111 0.9442666666666666 0.04573333333333333 0.11146666666666666