0 0.6923 0.23345 0.039844444444444446 0.1281
0 0.8522222222222222 0.25881666666666664 0.056666666666666664 0.3092833333333333
0 0.6994444444444444 0.3692833333333333 0.043333333333333335 0.12333333333333334
0 0.8921444444444444 0.05071666666666667 0.040322222222222225 0.10071666666666666
0 0.7074555555555556 0.53095 0.04047777777777778 0.12405000000000001
0 0.6828555555555557 0.06155 0.03777777777777778 0.10905000000000001
0 0.6933333333333334 0.69 0.04111111111111111 0.12333333333333334
0 0.5558777777777778 0.7907166666666666 0.04253333333333333 0.12785
0 0.9233333333333333 0.8138166666666667 0.044922222222222224 0.11715
0 0.9318222222222222 0.9559500000000001 0.037455555555555554 0.08261666666666667
0 0.895788888888889 0.15976666666666667 0.039844444444444446 0.10643333333333334