0 0.0010888888888888888 0.001 0.000044444444444444447 0.00011666666666666668
0 0.0011111111111111111 0.0015 0.000044444444444444447 0.00015
0 0.00016666666666666666 0.0015666666666666665 0.000033333333333333335 0.00021666666666666668
0 0.0005444444444444444 0.0015666666666666665 0.000044444444444444447 0.00021666666666666668
0 0.0006000000000000001 0.0015666666666666665 0.00005555555555555556 0.00021666666666666668
0 0.000033333333333333335 0.0015833333333333333 0.000022222222222222223 0.0001666666666666667
0 0.00007777777777777778 0.0015833333333333333 0.000033333333333333335 0.0001666666666666667
0 0.00022222222222222223 0.0015833333333333333 0.000044444444444444447 0.00019999999999999998
0 0.00044444444444444447 0.0015833333333333333 0.000033333333333333335 0.00021666666666666668
0 0.00012222222222222221 0.0015999999999999999 0.000033333333333333335 0.0001666666666666667
0 0.0003444444444444444 0.0015999999999999999 0.00005555555555555556 0.00015
0 0.7314333333333333 0.17215 0.037455555555555554 0.11261666666666666
0 0.6437333333333334 0.17284999999999998 0.04158888888888889 0.13166666666666665
0 0.6019 0.18238333333333334 0.03666666666666667 0.11284999999999999
0 0.5563444444444444 0.18785 0.03936666666666667 0.11905000000000002
0 0.27111111111111114 0.19655 0.03412222222222222 0.10856666666666667
0 0.5085666666666666 0.2006 0.04095555555555556 0.13548333333333334
0 0.4608777777777778 0.20368333333333333 0.04 0.11928333333333332
0 0.3188888888888889 0.205 0.04 0.12
0 0.4123 0.21 0.03936666666666667 0.13023333333333334
0 0.3677 0.21916666666666668 0.04253333333333333 0.12476666666666666
0 0.7734888888888889 0.039516666666666665 0.035866666666666665 0.07905
0 0.6393666666666666 0.039766666666666665 0.03587777777777778 0.07951666666666667
0 0.8200777777777778 0.04011666666666667 0.03808888888888889 0.08023333333333334
0 0.7295222222222223 0.04488333333333333 0.03523333333333333 0.08976666666666666
0 0.8776999999999999 0.4486833333333333 0.04047777777777778 0.12833333333333333
0 0.9735777777777778 0.45416666666666666 0.04 0.12
0 0.6577777777777778 0.45571666666666666 0.03682222222222222 0.11618333333333332
0 0.9299777777777778 0.46248333333333336 0.04424444444444445 0.13138333333333332
0 0.6869777777777778 0.047016666666666665 0.03475555555555555 0.09356666666666667
0 0.7919888888888889 0.4675 0.03364444444444445 0.11095
0 0.7031777777777778 0.4676166666666667 0.036977777777777776 0.1342833333333333
0 0.7501555555555556 0.4736833333333333 0.03793333333333333 0.12143333333333334
0 0.5691222222222223 0.47833333333333333 0.03967777777777778 0.12
0 0.8351555555555555 0.48310000000000003 0.0354 0.09833333333333333
0 0.6159555555555556 0.48810000000000003 0.03634444444444444 0.10238333333333333
0 0.5111111111111111 0.49083333333333334 0.043333333333333335 0.13
0 0.4634111111111111 0.4917833333333333 0.04095555555555556 0.13523333333333334
0 0.4209555555555556 0.5070166666666667 0.04206666666666667 0.1069
0 0.37833333333333335 0.50905 0.03666666666666667 0.12833333333333333
0 0.595 0.05226666666666666 0.035555555555555556 0.10451666666666667
0 0.3333333333333333 0.51715 0.042222222222222223 0.1288166666666667
0 0.28928888888888893 0.5260666666666667 0.040155555555555555 0.1231
0 0.015711111111111113 0.5291666666666667 0.031422222222222226 0.12428333333333332
0 0.4984111111111111 0.05368333333333333 0.0392 0.10738333333333334
0 0.45532222222222224 0.055716666666666664 0.037455555555555554 0.11143333333333333
0 0.5438888888888889 0.059166666666666666 0.04 0.11833333333333333
0 0.9354 0.6002333333333333 0.035555555555555556 0.12405000000000001
0 0.9820666666666666 0.6054666666666666 0.035866666666666665 0.11093333333333334
0 0.8433333333333334 0.6061833333333333 0.04095555555555556 0.10715000000000001
0 0.8919 0.6064333333333334 0.036977777777777776 0.13238333333333335
0 0.7932555555555555 0.6145166666666666 0.0427 0.14
0 0.6102333333333334 0.6304833333333334 0.04 0.13333333333333333
0 0.5626222222222222 0.6317833333333334 0.04078888888888889 0.12715
0 0.521988888888889 0.6323 0.039844444444444446 0.13618333333333332
0 0.43555555555555553 0.63535 0.037144444444444445 0.1181
0 0.6523777777777777 0.6379833333333333 0.04111111111111111 0.13833333333333334
0 0.47904444444444444 0.6404833333333334 0.040155555555555555 0.12761666666666666
0 0.39222222222222225 0.6525 0.04111111111111111 0.13833333333333334
0 0.2881 0.6531 0.03618888888888889 0.10833333333333334
0 0.3378555555555556 0.6535666666666666 0.0481 0.13
0 0.015711111111111113 0.65655 0.031422222222222226 0.105
0 0.3611888888888889 0.06785000000000001 0.04206666666666667 0.11071666666666667
0 0.26785555555555557 0.06951666666666667 0.03364444444444445 0.10451666666666667
0 0.19333333333333333 0.7275 0.057777777777777775 0.10666666666666667
0 0.31603333333333333 0.07666666666666666 0.040155555555555555 0.12666666666666668
0 0.943811111111111 0.8947666666666667 0.044755555555555555 0.13571666666666668
0 0.9008777777777778 0.9014333333333333 0.045233333333333334 0.13285
0 0.9872777777777777 0.9016833333333333 0.025444444444444443 0.11378333333333333
0 0.8061111111111111 0.905 0.035555555555555556 0.11833333333333333
0 0.7640444444444444 0.9086833333333334 0.03936666666666667 0.12738333333333335
0 0.6166666666666667 0.9091666666666667 0.044444444444444446 0.115
0 0.8538888888888889 0.9091666666666667 0.03888888888888889 0.12166666666666667
0 0.6729333333333333 0.9094 0.04428888888888889 0.10976666666666667
0 0.5733333333333334 0.9266666666666666 0.034444444444444444 0.095
0 0.7239666666666668 0.9266666666666666 0.04348888888888889 0.12428333333333332
0 0.3514333333333334 0.9351166666666667 0.03651111111111111 0.10833333333333334
0 0.5335111111111112 0.9369833333333334 0.04152222222222222 0.12605
0 0.4439666666666667 0.9373833333333332 0.0427 0.12523333333333334
0 0.4897444444444444 0.9395833333333333 0.041488888888888895 0.12083333333333333
0 0.3978 0.9416666666666667 0.04092222222222222 0.11666666666666667
0 0.15373333333333336 0.9432333333333335 0.03891111111111111 0.11355
0 0.19912222222222223 0.9448 0.03663333333333333 0.11041666666666666
0 0.06458888888888889 0.9474000000000001 0.045344444444444444 0.10521666666666667
0 0.019100000000000002 0.9479166666666666 0.03818888888888888 0.10416666666666667
0 0.30310000000000004 0.9479166666666666 0.040411111111111106 0.10416666666666667
0 0.11012222222222222 0.9505166666666666 0.03362222222222223 0.09896666666666668
0 0.9098444444444445 0.13618333333333332 0.03888888888888889 0.11833333333333333
0 0.8208777777777777 0.14726666666666666 0.03571111111111111 0.10571666666666667
0 0.8657888888888889 0.15344999999999998 0.043333333333333335 0.12333333333333334
0 0.6872222222222222 0.1561833333333333 0.03777777777777778 0.10833333333333334
0 0.7762666666666667 0.15643333333333334 0.043333333333333335 0.10856666666666667
0 0.9560333333333333 0.16071666666666667 0.0392 0.13023333333333334