0 0.0011 0.0010833333333333333 0.00005555555555555556 0.00013333333333333334
0 0.5727777777777778 0.17666666666666667 0.03666666666666667 0.115
0 0.7360333333333333 0.285 0.03952222222222222 0.1319
0 0.7236555555555555 0.52095 0.038733333333333335 0.1331
0 0.14 0.5508333333333333 0.11 0.135
0 0.11444444444444445 0.715 0.08333333333333333 0.10833333333333334
0 0.9709555555555556 0.7277333333333333 0.0581 0.10071666666666666
0 0.935711111111111 0.77155 0.06936666666666666 0.11715
0 0.9019888888888888 0.8082166666666667 0.07254444444444445 0.11618333333333332
0 0.2781 0.9242833333333335 0.07413333333333333 0.10476666666666666
0 0.7389666666666668 0.14 0.033966666666666666 0.11309999999999999