0 0.06277777777777778 0.1875 0.04777777777777778 0.105
0 0.6213444444444445 0.24035 0.08348888888888889 0.0781
0 0.08166666666666667 0.31083333333333335 0.05555555555555555 0.135
0 0.46444444444444444 0.315 0.07333333333333333 0.09
0 0.46166666666666667 0.3858333333333333 0.08888888888888889 0.06833333333333333
0 0.6379333333333334 0.3958333333333333 0.08888888888888889 0.09595
0 0.11452222222222222 0.4517833333333333 0.0538 0.12261666666666665
0 0.33111111111111113 0.4558333333333333 0.058888888888888886 0.12833333333333333
0 0.14762222222222224 0.5907166666666667 0.05126666666666667 0.13356666666666667
0 0.35833333333333334 0.5916666666666667 0.04777777777777778 0.135
0 0.39166666666666666 0.7458333333333333 0.04888888888888889 0.12833333333333333
0 0.4261111111111111 0.905 0.056666666666666664 0.14666666666666667