0 0.0005888888888888889 0.0015666666666666665 0.00006666666666666667 0.00021666666666666668
0 0.00047777777777777776 0.0015999999999999999 0.00005555555555555556 0.00015
0 0.0005333333333333334 0.0015999999999999999 0.00005555555555555556 0.0001666666666666667
0 0.9654 0.7366666666666667 0.05444444444444444 0.125
0 0.9160333333333333 0.75845 0.049522222222222224 0.12761666666666666
0 0.8694444444444445 0.785 0.051111111111111114 0.12
0 0.8215111111111111 0.8057166666666666 0.05651111111111111 0.135
0 0.7729333333333334 0.8266666666666667 0.04984444444444444 0.12405000000000001
0 0.7286555555555555 0.8477333333333333 0.05714444444444444 0.12428333333333332
0 0.6677 0.86715 0.05333333333333334 0.12833333333333333
0 0.6166666666666667 0.885 0.04888888888888889 0.13333333333333333
0 0.58 0.9225 0.052222222222222225 0.12833333333333333
0 0.5252777777777777 0.9349000000000001 0.05977777777777778 0.13021666666666665
0 0.47686666666666666 0.9578166666666668 0.05183333333333333 0.08438333333333334