0 0.0010444444444444444 0.0015833333333333333 0.00005555555555555556 0.00019999999999999998
0 0.6138888888888889 0.24916666666666668 0.04777777777777778 0.11833333333333333
0 0.46555555555555556 0.25583333333333336 0.08333333333333333 0.075
0 0.4727777777777778 0.3175 0.06888888888888889 0.08666666666666667
0 0.4861111111111111 0.37833333333333335 0.0811111111111111 0.065
0 0.6411111111111111 0.3883333333333333 0.05555555555555555 0.13333333333333333
0 0.8522222222222222 0.4275 0.03777777777777778 0.12333333333333334
0 0.4955555555555556 0.4533333333333333 0.07111111111111111 0.05
0 0.5105555555555555 0.5083333333333333 0.07666666666666666 0.08666666666666667
0 0.6638888888888889 0.5225 0.052222222222222225 0.11666666666666667
0 0.52 0.5725 0.06333333333333334 0.055
0 0.88 0.585 0.04888888888888889 0.13
0 0.9046888888888889 0.7438166666666667 0.049522222222222224 0.13071666666666668
0 0.5406333333333333 0.8725 0.09254444444444446 0.08166666666666667
0 0.9371777777777778 0.9395166666666668 0.05416666666666667 0.12094999999999999