0 0.00022222222222222223 0.0015999999999999999 0.00007777777777777778 0.00015
0 0.2866666666666667 0.17333333333333334 0.08444444444444445 0.08166666666666667
0 0.1511111111111111 0.2147666666666667 0.08222222222222222 0.105
0 0.30712222222222224 0.2396666666666667 0.08138888888888889 0.08646666666666668
0 0.31722222222222224 0.3225 0.08333333333333333 0.065
0 0.3338888888888889 0.375 0.08555555555555555 0.065
0 0.35388888888888886 0.42916666666666664 0.08333333333333333 0.08333333333333333
0 0.27 0.045 0.06777777777777778 0.07333333333333333
0 0.35944444444444446 0.49416666666666664 0.08333333333333333 0.08166666666666667
0 0.38222222222222224 0.5666666666666667 0.09555555555555556 0.10333333333333333
0 0.12611111111111112 0.6016666666666667 0.08333333333333333 0.09333333333333334
0 0.39666666666666667 0.635 0.08222222222222222 0.08166666666666667
0 0.14492222222222223 0.6685666666666666 0.07285555555555555 0.0969
0 0.3982333333333334 0.7009666666666666 0.08424444444444444 0.08885
0 0.155 0.7508333333333334 0.07888888888888888 0.11166666666666666
0 0.40944444444444444 0.7733333333333333 0.08666666666666667 0.09666666666666666
0 0.24166666666666667 0.7908333333333334 0.05444444444444444 0.125
0 0.1738888888888889 0.81 0.08 0.10333333333333333
0 0.4338888888888889 0.8241666666666667 0.07222222222222222 0.09
0 0.18833333333333332 0.8825 0.07444444444444444 0.07
0 0.19226666666666667 0.9493333333333334 0.0632111111111111 0.06531666666666666
0 0.2733333333333333 0.10583333333333333 0.08 0.09166666666666666
0 0.6044444444444445 0.12666666666666668 0.07777777777777778 0.08333333333333333
0 0.5494444444444444 0.1425 0.058888888888888886 0.10333333333333333