0 0.00023333333333333333 0.0015666666666666665 0.000044444444444444447 0.00021666666666666668
0 0.6877777777777778 0.21416666666666667 0.04111111111111111 0.125
0 0.6344444444444445 0.22 0.04 0.115
0 0.07055555555555555 0.23048333333333332 0.04253333333333333 0.12594999999999998
0 0.5305555555555556 0.235 0.04111111111111111 0.13166666666666665
0 0.34833333333333333 0.2375 0.03888888888888889 0.115
0 0.5941222222222222 0.24464999999999998 0.04381111111111111 0.10761666666666665
0 0.44618888888888886 0.26143333333333335 0.03682222222222222 0.12284999999999999
0 0.6927777777777778 0.5283333333333333 0.05333333333333334 0.135
0 0.4872222222222222 0.5508333333333333 0.03666666666666667 0.125
0 0.7272222222222222 0.057383333333333335 0.042222222222222223 0.11476666666666667
0 0.44222222222222224 0.5716666666666667 0.034444444444444444 0.12333333333333334
0 0.058888888888888886 0.07416666666666667 0.05444444444444444 0.14833333333333334
0 0.21095555555555556 0.9390666666666667 0.042244444444444446 0.12188333333333333