0 0.8755555555555555 0.2175 0.05 0.12166666666666667
0 0.1811111111111111 0.023450000000000002 0.036033333333333334 0.04285
0 0.665 0.25833333333333336 0.042222222222222223 0.11833333333333333
0 0.08388888888888889 0.0275 0.03333333333333333 0.055
0 0.8938888888888888 0.33666666666666667 0.04666666666666667 0.115
0 0.6916666666666667 0.3875 0.06111111111111111 0.13333333333333333
0 0.935 0.5025 0.06111111111111111 0.16
0 0.8516666666666667 0.060833333333333336 0.042222222222222223 0.10333333333333333
0 0.1661111111111111 0.8166666666666667 0.08 0.06666666666666667
0 0.5228555555555555 0.8791666666666667 0.08666666666666667 0.07833333333333334
0 0.6338888888888888 0.1275 0.058888888888888886 0.135