0 0.0010888888888888888 0.00021666666666666668 0.00005555555555555556 0.00023333333333333336
0 0.8872222222222222 0.16916666666666666 0.034444444444444444 0.10166666666666667
0 0.29944444444444446 0.20416666666666666 0.07 0.045
0 0.5366666666666666 0.25666666666666665 0.09111111111111111 0.09166666666666666
0 0.9794444444444445 0.26 0.034444444444444444 0.045
0 0.685 0.2625 0.08555555555555555 0.058333333333333334
0 0.1622222222222222 0.27416666666666667 0.028888888888888888 0.115
0 0.11166666666666666 0.2866666666666667 0.03666666666666667 0.095
0 0.20222222222222222 0.31416666666666665 0.023333333333333334 0.035
0 0.2872222222222222 0.3408333333333333 0.03888888888888889 0.07
0 0.24388888888888888 0.3416666666666667 0.03222222222222222 0.08
0 0.4061111111111111 0.3416666666666667 0.04777777777777778 0.1
0 0.46444444444444444 0.34833333333333333 0.04777777777777778 0.1
0 0.5155555555555555 0.35333333333333333 0.044444444444444446 0.08666666666666667
0 0.3466666666666667 0.3541666666666667 0.035555555555555556 0.07333333333333333
0 0.9788888888888889 0.36333333333333334 0.02666666666666667 0.095
0 0.9333333333333333 0.36916666666666664 0.035555555555555556 0.08166666666666667
0 0.7877 0.3692833333333333 0.04682222222222222 0.06476666666666667
0 0.6755555555555556 0.37 0.03222222222222222 0.07333333333333333
0 0.63 0.37083333333333335 0.035555555555555556 0.07
0 0.8482555555555555 0.37083333333333335 0.04237777777777778 0.07833333333333334
0 0.26722222222222225 0.08333333333333333 0.03777777777777778 0.09833333333333333
0 0.22833333333333333 0.08833333333333333 0.03777777777777778 0.12333333333333334
0 0.34944444444444445 0.09083333333333334 0.04666666666666667 0.145
0 0.5094444444444445 0.09583333333333334 0.034444444444444444 0.12333333333333334
0 0.5561111111111111 0.1025 0.04 0.125
0 0.4 0.10333333333333333 0.04777777777777778 0.14833333333333334
0 0.5966666666666667 0.11333333333333333 0.04777777777777778 0.135
0 0.4483333333333333 0.11416666666666667 0.03666666666666667 0.12166666666666667
0 0.6422222222222222 0.12916666666666668 0.03 0.115
0 0.9333333333333333 0.13333333333333333 0.04111111111111111 0.16166666666666665