0 0.000044444444444444447 0.0015666666666666665 0.000044444444444444447 0.00019999999999999998
0 0.00011111111111111112 0.0015666666666666665 0.000044444444444444447 0.00019999999999999998
0 0.35785555555555554 0.05131666666666666 0.0419 0.10261666666666666
0 0.06467777777777778 0.6379833333333333 0.05031111111111111 0.13451666666666665
0 0.4109555555555556 0.655 0.07381111111111112 0.06238333333333333
0 0.2959555555555556 0.6831 0.08967777777777777 0.06833333333333333
0 0.5783333333333334 0.7366666666666667 0.03888888888888889 0.125
0 0.4242888888888889 0.7388166666666667 0.0708 0.05761666666666667
0 0.3088111111111111 0.7463166666666667 0.08317777777777778 0.06833333333333333
0 0.29785555555555554 0.8163166666666667 0.08968888888888889 0.07523333333333333
0 0.4430111111111111 0.8326166666666667 0.08746666666666666 0.0519
0 0.31229999999999997 0.89965 0.08444444444444445 0.08333333333333333
0 0.45762222222222226 0.9083333333333333 0.08032222222222223 0.054516666666666665
0 0.09575555555555557 0.94115 0.03823333333333333 0.11771666666666666
0 0.0414 0.9421833333333333 0.03924444444444444 0.11563333333333332
0 0.3327777777777778 0.9641666666666666 0.08555555555555555 0.058333333333333334