0 0.00023333333333333333 0.0015500000000000002 0.00005555555555555556 0.00021666666666666668
0 0.00011111111111111112 0.0015833333333333333 0.00005555555555555556 0.00019999999999999998
0 0.0001888888888888889 0.0015833333333333333 0.00005555555555555556 0.00019999999999999998
0 0.000044444444444444447 0.0016166666666666666 0.000033333333333333335 0.00009999999999999999
0 0.5605555555555556 0.3408333333333333 0.06111111111111111 0.13
0 0.4349222222222222 0.39 0.052222222222222225 0.14
0 0.26126666666666665 0.9106000000000001 0.05444444444444444 0.13238333333333335
0 0.20784444444444444 0.9296 0.04851111111111111 0.12588333333333335
0 0.16195555555555555 0.9479166666666666 0.04424444444444445 0.10416666666666667
0 0.10315555555555556 0.9479166666666666 0.05441111111111111 0.10416666666666667
0 0.044755555555555555 0.96875 0.03624444444444444 0.0625
0 0.2619888888888889 0.11034999999999999 0.046033333333333336 0.12976666666666667