0 0.0010888888888888888 0.0014 0.00006666666666666667 0.00009999999999999999
0 0.7870666666666667 0.30618333333333336 0.12063333333333333 0.06451666666666667
0 0.46856666666666663 0.3127333333333333 0.03618888888888889 0.13381666666666667
0 0.6667444444444445 0.31548333333333334 0.08507777777777777 0.055716666666666664
0 0.79 0.39166666666666666 0.09666666666666666 0.055
0 0.6736555555555556 0.4044 0.07777777777777778 0.05
0 0.7783333333333333 0.4741666666666667 0.08333333333333333 0.055
0 0.7935666666666668 0.5557166666666666 0.07873333333333334 0.07261666666666666
0 0.9765111111111111 0.8340833333333333 0.04697777777777778 0.05981666666666667
0 0.9825444444444444 0.10535 0.03492222222222222 0.115
0 0.8503222222222222 0.14 0.03888888888888889 0.11833333333333333