0 0.0007444444444444445 0.0016333333333333332 0.00009999999999999999 0.00011666666666666668
0 0.5616666666666666 0.385 0.07888888888888888 0.07333333333333333
0 0.6538888888888889 0.043333333333333335 0.043333333333333335 0.08666666666666667
0 0.5990444444444444 0.5546500000000001 0.08856666666666665 0.08023333333333334
0 0.614211111111111 0.6177333333333334 0.0808 0.07548333333333333
0 0.6231 0.6791666666666667 0.08682222222222222 0.07333333333333333
0 0.6398444444444444 0.7410666666666667 0.08571111111111111 0.06523333333333334
0 0.6426222222222222 0.80655 0.08507777777777777 0.06643333333333333
0 0.6516666666666666 0.8666666666666667 0.09111111111111111 0.08333333333333333
0 0.6562666666666667 0.9231 0.060955555555555554 0.06951666666666667
0 0.6755777777777777 0.9718833333333333 0.08953333333333333 0.05625