0 0.0010777777777777778 0.0004166666666666667 0.00007777777777777778 0.00011666666666666668
0 0.5511111111111111 0.2075 0.05444444444444444 0.075
0 0.7050777777777778 0.21618333333333334 0.08793333333333334 0.07356666666666667
0 0.3861111111111111 0.22166666666666668 0.08666666666666667 0.13333333333333333
0 0.9678333333333333 0.24133333333333334 0.06433333333333333 0.08893333333333334
0 0.5633333333333334 0.295 0.07888888888888888 0.051666666666666666
0 0.8946 0.29785 0.08063333333333332 0.09095
0 0.5611111111111111 0.36333333333333334 0.08 0.08166666666666667
0 0.3211111111111111 0.37583333333333335 0.08333333333333333 0.058333333333333334
0 0.5605555555555556 0.4275 0.06555555555555556 0.05333333333333334
0 0.36 0.4608333333333333 0.06888888888888889 0.045
0 0.5355555555555556 0.48333333333333334 0.09222222222222222 0.07
0 0.7222222222222222 0.05 0.05444444444444444 0.1
0 0.44532222222222223 0.5066666666666667 0.037622222222222224 0.12976666666666667
0 0.8833333333333333 0.6083333333333333 0.06222222222222222 0.12833333333333333
0 0.53 0.07666666666666666 0.06888888888888889 0.06166666666666667
0 0.3559555555555556 0.9292833333333335 0.07174444444444443 0.0631
0 0.5494444444444444 0.9416666666666667 0.08555555555555555 0.07333333333333333
0 0.5394444444444444 0.14416666666666667 0.07333333333333333 0.056666666666666664