0 0.0002111111111111111 0.0014333333333333333 0.00006666666666666667 0.0004666666666666667
0 0.000044444444444444447 0.0015999999999999999 0.000033333333333333335 0.0001666666666666667
0 0.0009777777777777777 0.00165 0.00006666666666666667 0.00013333333333333334
0 0.015633333333333332 0.16701666666666665 0.031266666666666665 0.1281
0 0.2195222222222222 0.22094999999999998 0.04031111111111111 0.13881666666666667
0 0.36881111111111115 0.27856666666666663 0.04381111111111111 0.1342833333333333
0 0.21301111111111112 0.0475 0.04031111111111111 0.095
0 0.013666666666666667 0.05105 0.027333333333333334 0.10208333333333333
0 0.030711111111111113 0.5520166666666666 0.03825555555555556 0.11143333333333333
0 0.3277 0.061066666666666665 0.041744444444444445 0.12215000000000001
0 0.8430111111111112 0.6479833333333334 0.08333333333333333 0.065
0 0.8573000000000001 0.72155 0.10095555555555555 0.058333333333333334
0 0.2427777777777778 0.7317833333333333 0.043333333333333335 0.13666666666666666
0 0.03722222222222222 0.81595 0.04047777777777778 0.11976666666666666
0 0.8610333333333333 0.8416666666666667 0.08492222222222223 0.06785000000000001
0 0.24984444444444445 0.9076166666666667 0.0427 0.12856666666666666
0 0.04212222222222222 0.9505166666666666 0.04208888888888889 0.09896666666666668