0 0.2619 0.24095 0.03967777777777778 0.13333333333333333
0 0.2184111111111111 0.2431 0.04 0.12381666666666667
0 0.30381111111111114 0.25215 0.03682222222222222 0.12523333333333334
0 0.17603333333333335 0.25368333333333337 0.03793333333333333 0.1019
0 0.1342888888888889 0.25738333333333335 0.04 0.11785
0 0.09254444444444446 0.26785000000000003 0.04143333333333333 0.11905000000000002
0 0.5027777777777778 0.03 0.06888888888888889 0.03833333333333333
0 0.06277777777777778 0.38844999999999996 0.06302222222222222 0.09976666666666667
0 0.31810000000000005 0.5610666666666666 0.04237777777777778 0.10023333333333334
0 0.24055555555555555 0.5658333333333333 0.043333333333333335 0.125
0 0.27976666666666666 0.57595 0.0327 0.10905000000000001
0 0.3227777777777778 0.6883333333333334 0.04111111111111111 0.12333333333333334
0 0.1923 0.6919 0.03507777777777778 0.10738333333333334
0 0.23555555555555555 0.6947666666666666 0.038733333333333335 0.11166666666666666
0 0.017377777777777777 0.6951166666666666 0.03476666666666667 0.09143333333333334
0 0.15174444444444443 0.6953499999999999 0.03825555555555556 0.09976666666666667
0 0.05873333333333333 0.6957166666666666 0.03682222222222222 0.09476666666666667
0 0.2780111111111111 0.7025 0.030633333333333335 0.1019
0 0.10618888888888889 0.7057166666666667 0.03222222222222222 0.08951666666666667
0 0.045 0.11715 0.09 0.05715