0 0.0010666666666666667 0.0011333333333333334 0.00009999999999999999 0.00011666666666666668
0 0.0010777777777777778 0.0012833333333333334 0.00005555555555555556 0.00008333333333333334
0 0.0008555555555555556 0.00165 0.00006666666666666667 0.00008333333333333334
0 0.8661111111111112 0.23916666666666667 0.06888888888888889 0.1
0 0.6283333333333333 0.24856666666666663 0.059055555555555556 0.10856666666666667
0 0.5663444444444444 0.02666666666666667 0.049355555555555555 0.05333333333333334
0 0.8927777777777778 0.2941666666666667 0.07222222222222222 0.105
0 0.6456333333333334 0.3325 0.0661888888888889 0.11476666666666667
0 0.9079333333333334 0.3657166666666667 0.08 0.09333333333333334
0 0.6686555555555556 0.4370166666666666 0.06777777777777778 0.11333333333333333
0 0.9177777777777778 0.4425 0.08444444444444445 0.08
0 0.6883333333333334 0.51 0.057777777777777775 0.095
0 0.9304 0.52405 0.08507777777777777 0.0681
0 0.9549222222222221 0.5776166666666667 0.08 0.08166666666666667
0 0.5976999999999999 0.05845 0.060477777777777776 0.1169
0 0.705 0.6075 0.06666666666666667 0.12
0 0.8294444444444444 0.06666666666666667 0.056666666666666664 0.13333333333333333
0 0.9601888888888889 0.6732833333333333 0.07961111111111112 0.082
0 0.7255555555555555 0.7033333333333334 0.06777777777777778 0.11833333333333333
0 0.972 0.76465 0.056 0.07515000000000001
0 0.7388888888888889 0.775 0.06 0.09666666666666666
0 0.7561111111111111 0.85 0.06444444444444444 0.08833333333333333
0 0.9827777777777778 0.85 0.03222222222222222 0.056666666666666664
0 0.7677777777777778 0.9116666666666666 0.07666666666666666 0.09666666666666666
0 0.760788888888889 0.9739666666666666 0.0808 0.052083333333333336
0 0.8561111111111112 0.1625 0.06444444444444444 0.08833333333333333
0 0.6127777777777778 0.16416666666666666 0.06444444444444444 0.11833333333333333