0 0.2388888888888889 0.24689999999999998 0.08413333333333334 0.08451666666666667
0 0.012966666666666666 0.31228333333333336 0.025944444444444447 0.115
0 0.2588888888888889 0.3125 0.08555555555555555 0.09
0 0.2695222222222222 0.38571666666666665 0.07873333333333334 0.06356666666666667
0 0.025633333333333334 0.4377333333333333 0.05126666666666667 0.13238333333333335
0 0.28833333333333333 0.4558333333333333 0.08444444444444445 0.07666666666666666
0 0.29873333333333335 0.5273833333333333 0.08492222222222223 0.07356666666666667
0 0.050477777777777774 0.5833333333333334 0.052222222222222225 0.1288166666666667
0 0.3191222222222222 0.5945166666666666 0.07968888888888889 0.06785000000000001
0 0.3202333333333333 0.6642833333333333 0.0784111111111111 0.08595
0 0.3373 0.7460666666666667 0.0854 0.08238333333333334
0 0.10182222222222222 0.8298833333333333 0.053655555555555554 0.11856666666666667
0 0.20865555555555554 0.08618333333333333 0.07381111111111112 0.05905
0 0.21492222222222224 0.15715 0.08222222222222222 0.075