0 0.625 0.49666666666666665 0.09666666666666666 0.056666666666666664
0 0.09317777777777778 0.52475 0.10806666666666667 0.06198333333333333
0 0.8144444444444444 0.6191666666666666 0.07666666666666666 0.051666666666666666
0 0.12277777777777778 0.6258333333333334 0.10555555555555556 0.06166666666666667
0 0.4716666666666667 0.06583333333333333 0.09 0.051666666666666666
0 0.4943666666666667 0.6561833333333333 0.0646 0.04856666666666667
0 0.02801111111111111 0.7056 0.05603333333333333 0.053816666666666665
0 0.57 0.0725 0.056666666666666664 0.05333333333333334
0 0.9313444444444445 0.9176166666666667 0.036033333333333334 0.13356666666666667
0 0.24333333333333335 0.09333333333333334 0.08666666666666667 0.07
0 0.13 0.10916666666666666 0.08555555555555555 0.056666666666666664