0 0.0011 0.0005333333333333334 0.000033333333333333335 0.00008333333333333334
0 0.9755555555555555 0.24416666666666667 0.04777777777777778 0.07166666666666667
0 0.8744444444444445 0.25 0.057777777777777775 0.105
0 0.75 0.2975 0.057777777777777775 0.12833333333333333
0 0.775 0.43 0.051111111111111114 0.13333333333333333
0 0.6927777777777778 0.04833333333333333 0.043333333333333335 0.09333333333333334
0 0.8005555555555556 0.5708333333333333 0.04111111111111111 0.12333333333333334
0 0.4761111111111111 0.6063166666666667 0.08095555555555556 0.06905
0 0.9527777777777777 0.07666666666666666 0.06 0.045
0 0.8538888888888889 0.8191666666666667 0.05555555555555555 0.12833333333333333
0 0.9588888888888889 0.15333333333333332 0.06888888888888889 0.06
0 0.7188888888888889 0.15833333333333333 0.052222222222222225 0.12166666666666667