0 0.00016666666666666666 0.0016333333333333332 0.00008888888888888889 0.00008333333333333334
0 0.06507777777777778 0.42285 0.05095555555555555 0.13261666666666666
0 0.010555555555555556 0.051666666666666666 0.021111111111111112 0.10166666666666667
0 0.9683333333333334 0.6033333333333334 0.058888888888888886 0.065
0 0.8455555555555555 0.6433333333333333 0.08555555555555555 0.06
0 0.15722222222222224 0.7025 0.04 0.10833333333333334
0 0.5066666666666667 0.7441666666666666 0.09 0.06166666666666667
0 0.41055555555555556 0.7775 0.07666666666666666 0.05
0 0.31666666666666665 0.8075 0.0811111111111111 0.058333333333333334
0 0.23833333333333334 0.8441666666666666 0.08333333333333333 0.06666666666666667
0 0.5177777777777778 0.8758333333333334 0.09333333333333334 0.07
0 0.4083333333333333 0.9108333333333334 0.08 0.06666666666666667
0 0.24055555555555555 0.9633333333333334 0.06333333333333334 0.04
0 0.15096666666666667 0.97605 0.08615555555555557 0.04791666666666667