0 0.0010888888888888888 0.0007833333333333333 0.00006666666666666667 0.00019999999999999998
0 0.0010666666666666667 0.00145 0.00008888888888888889 0.00009999999999999999
0 0.000911111111111111 0.0015833333333333333 0.00006666666666666667 0.00018333333333333334
0 0.0006444444444444444 0.0016166666666666666 0.000033333333333333335 0.00009999999999999999
0 0.41 0.18333333333333332 0.07111111111111111 0.11833333333333333
0 0.6616666666666666 0.185 0.08333333333333333 0.08
0 0.6073777777777778 0.022016666666666667 0.08618888888888888 0.04356666666666667
0 0.9644444444444444 0.24083333333333334 0.06888888888888889 0.06833333333333333
0 0.42055555555555557 0.265 0.07444444444444444 0.115
0 0.9373777777777778 0.0269 0.04602222222222222 0.053816666666666665
0 0.8799222222222222 0.2758333333333333 0.08571111111111111 0.0681
0 0.7988888888888889 0.3233333333333333 0.07888888888888888 0.07
0 0.4461111111111111 0.37333333333333335 0.05444444444444444 0.11333333333333333
0 0.7011111111111111 0.465 0.0811111111111111 0.06666666666666667
0 0.9758222222222223 0.4694833333333333 0.04836666666666667 0.11811666666666668
0 0.9304 0.48381666666666673 0.053177777777777775 0.13356666666666667
0 0.4683333333333333 0.48428333333333334 0.06555555555555556 0.12023333333333333
0 0.36944444444444446 0.05 0.06 0.1
0 0.8861111111111111 0.5025 0.04777777777777778 0.11333333333333333
0 0.8313444444444444 0.50465 0.054288888888888887 0.10738333333333334
0 0.7265888888888888 0.5139333333333334 0.09126666666666666 0.07618333333333334
0 0.48214444444444443 0.565 0.06126666666666667 0.115
0 0.7311111111111112 0.6066666666666667 0.07222222222222222 0.11666666666666667
0 0.9662666666666666 0.61405 0.04555555555555556 0.10666666666666667
0 0.9216666666666666 0.6233333333333333 0.04888888888888889 0.10666666666666667
0 0.8661111111111112 0.6341666666666667 0.04888888888888889 0.11
0 0.5022222222222222 0.6558333333333334 0.057777777777777775 0.12333333333333334
0 0.7559555555555556 0.6892833333333334 0.06032222222222222 0.1169
0 0.6326222222222222 0.07321666666666667 0.06634444444444444 0.0569
0 0.9135666666666667 0.7619 0.07396666666666665 0.06643333333333333
0 0.5233333333333333 0.7625 0.07444444444444444 0.11333333333333333
0 0.7779333333333334 0.7831 0.07078888888888889 0.11951666666666666
0 0.9226222222222222 0.8211833333333333 0.07745555555555556 0.0731
0 0.5411111111111111 0.8225 0.07444444444444444 0.105
0 0.9650555555555556 0.8634166666666666 0.06988888888888889 0.08516666666666667
0 0.7977777777777778 0.8708333333333333 0.07111111111111111 0.11666666666666667
0 0.555 0.9116666666666666 0.06333333333333334 0.11833333333333333
0 0.9738888888888889 0.9291666666666667 0.04888888888888889 0.058333333333333334
0 0.8169888888888889 0.95105 0.0557 0.09791666666666667
0 0.5762222222222223 0.9692666666666666 0.05751111111111111 0.06146666666666667
0 0.3938888888888889 0.10416666666666667 0.06444444444444444 0.11166666666666666
0 0.6388888888888888 0.13416666666666666 0.08555555555555555 0.07