0 0.9497666666666666 0.18178333333333332 0.04967777777777778 0.14
0 0.2527 0.20226666666666668 0.08428888888888889 0.07333333333333333
0 0.16214444444444445 0.24405000000000002 0.0846 0.06143333333333333
0 0.6933333333333334 0.285 0.05555555555555555 0.15
0 0.53 0.345 0.044444444444444446 0.14
0 0.4766666666666667 0.36 0.044444444444444446 0.135
0 0.425 0.3875 0.05 0.12333333333333334
0 0.34833333333333333 0.43166666666666664 0.043333333333333335 0.12666666666666668
0 0.6155555555555555 0.0675 0.07111111111111111 0.06833333333333333
0 0.5161111111111111 0.10666666666666667 0.07952222222222222 0.06333333333333334
0 0.4078555555555555 0.13606666666666667 0.07777777777777778 0.06833333333333333
0 0.3333333333333333 0.1656 0.06888888888888889 0.05881666666666666