0 0.40572916666666664 0.32592592592592595 0.016666666666666666 0.06296296296296296
0 0.42916666666666664 0.287962962962963 0.016666666666666666 0.06481481481481481
0 0.46927083333333336 0.2574074074074074 0.016666666666666666 0.06666666666666667
0 0.42942708333333335 0.46435185185185185 0.015104166666666667 0.06759259259259259
0 0.46848958333333335 0.5111111111111111 0.0171875 0.06666666666666667
0 0.43046875 0.6319444444444444 0.015104166666666667 0.06574074074074074
0 0.49557291666666664 0.624537037037037 0.0171875 0.06018518518518518
0 0.4078125 0.5824074074074075 0.016666666666666666 0.07037037037037037
0 0.22239583333333332 0.6226851851851852 0.03854166666666667 0.03796296296296296
0 0.22369791666666666 0.6699074074074074 0.03802083333333333 0.03611111111111111
0 0.34453125 0.7078703703703704 0.0359375 0.03981481481481482
0 0.47708333333333336 0.7523148148148148 0.01875 0.06944444444444445
0 0.42578125 0.8287037037037037 0.0171875 0.06666666666666667
0 0.5075520833333333 0.9689814814814814 0.016145833333333335 0.058333333333333334
0 0.3807291666666667 0.1125 0.016666666666666666 0.06574074074074074
0 0.69921875 0.4986111111111111 0.0390625 0.032407407407407406
0 0.7065104166666667 0.5449074074074074 0.034895833333333334 0.028703703703703703
0 0.7559895833333333 0.5513888888888889 0.0390625 0.030555555555555555
0 0.7619791666666667 0.5050925925925925 0.0375 0.030555555555555555
0 0.8283854166666667 0.5231481481481481 0.03177083333333333 0.03148148148148148
0 0.8546875 0.4828703703703704 0.03854166666666667 0.03611111111111111
0 0.9002604166666667 0.48935185185185187 0.034895833333333334 0.028703703703703703
0 0.9416666666666667 0.5462962962962963 0.040625 0.03518518518518519