0 0.18203125 0.5226851851851851 0.0390625 0.03981481481481482
0 0.07890625 0.7282407407407407 0.0421875 0.03981481481481482
0 0.13776041666666666 0.6986111111111111 0.0359375 0.03611111111111111
0 0.18515625 0.6787037037037037 0.04010416666666667 0.03888888888888889
0 0.13541666666666666 0.6462962962962963 0.03958333333333333 0.040740740740740744
0 0.26067708333333334 0.5819444444444445 0.04010416666666667 0.03981481481481482
0 0.3841145833333333 0.5277777777777778 0.0359375 0.03888888888888889
0 0.41380208333333335 0.4638888888888889 0.0421875 0.03888888888888889
0 0.49140625 0.5504629629629629 0.0359375 0.03611111111111111
0 0.34010416666666665 0.6583333333333333 0.040625 0.04259259259259259
0 0.48776041666666664 0.8828703703703704 0.0171875 0.06944444444444445
0 0.5169270833333334 0.9060185185185186 0.018229166666666668 0.06759259259259259
0 0.5463541666666667 0.4861111111111111 0.040625 0.025925925925925925
0 0.6143229166666667 0.525 0.03802083333333333 0.02962962962962963
0 0.5940104166666667 0.6050925925925926 0.0359375 0.030555555555555555
0 0.7190104166666667 0.48564814814814816 0.0390625 0.026851851851851852
0 0.9 0.5115740740740741 0.041666666666666664 0.030555555555555555
0 0.79375 0.5884259259259259 0.036458333333333336 0.030555555555555555
0 0.38619791666666664 0.13842592592592592 0.0171875 0.062037037037037036
0 0.40963541666666664 0.13333333333333333 0.016145833333333335 0.06851851851851852
0 0.9809895833333333 0.6356481481481482 0.034895833333333334 0.03425925925925926
0 0.9122395833333333 0.5939814814814814 0.04114583333333333 0.03425925925925926