0 0.24583333333333332 0.4689814814814815 0.04791666666666667 0.03611111111111111
0 0.2721354166666667 0.5925925925925926 0.044270833333333336 0.03148148148148148
0 0.2760416666666667 0.6398148148148148 0.042708333333333334 0.03518518518518519
0 0.3533854166666667 0.43333333333333335 0.04635416666666667 0.044444444444444446
0 0.5015625 0.5287037037037037 0.020833333333333332 0.07222222222222222
0 0.40234375 0.7101851851851851 0.043229166666666666 0.046296296296296294
0 0.5151041666666667 0.7435185185185185 0.023958333333333335 0.07777777777777778
0 0.7520833333333333 0.4699074074074074 0.046875 0.03611111111111111
0 0.7541666666666667 0.5189814814814815 0.046875 0.03611111111111111
0 0.8106770833333333 0.5069444444444444 0.043229166666666666 0.030555555555555555
0 0.8127604166666667 0.4666666666666667 0.043229166666666666 0.03333333333333333
0 0.8768229166666667 0.4675925925925926 0.04739583333333333 0.03518518518518519
0 0.8661458333333333 0.5111111111111111 0.042708333333333334 0.03518518518518519
0 0.9192708333333334 0.5087962962962963 0.041666666666666664 0.030555555555555555
0 0.91953125 0.5564814814814815 0.044270833333333336 0.03148148148148148
0 0.9546875 0.4666666666666667 0.04583333333333333 0.037037037037037035
0 0.96953125 0.5125 0.04635416666666667 0.03796296296296296