0 0.16953125 0.625 0.043229166666666666 0.06111111111111111
0 0.024479166666666666 0.7388888888888889 0.04583333333333333 0.05
0 0.20859375 0.649537037037037 0.04114583333333333 0.04537037037037037
0 0.2598958333333333 0.625 0.04895833333333333 0.044444444444444446
0 0.22578125 0.5902777777777778 0.0421875 0.049074074074074076
0 0.29010416666666666 0.5597222222222222 0.046875 0.04722222222222222
0 0.5046875 0.7060185185185185 0.028125 0.0712962962962963
0 0.5848958333333333 0.6662037037037037 0.027083333333333334 0.07314814814814814
0 0.5533854166666666 0.8106481481481481 0.019270833333333334 0.0787037037037037
0 0.5278645833333333 0.8597222222222223 0.019270833333333334 0.07314814814814814
0 0.8643229166666667 0.45046296296296295 0.043229166666666666 0.03796296296296296
0 0.7875 0.44166666666666665 0.046875 0.03888888888888889
0 0.79140625 0.4888888888888889 0.04114583333333333 0.037037037037037035
0 0.3216145833333333 0.6587962962962963 0.04114583333333333 0.03981481481481482