0 0.28515625 0.6430555555555556 0.044270833333333336 0.032407407407407406
0 0.28932291666666665 0.5976851851851852 0.04635416666666667 0.03425925925925926
0 0.2234375 0.5902777777777778 0.04583333333333333 0.03796296296296296
0 0.16302083333333334 0.5861111111111111 0.040625 0.03333333333333333
0 0.3333333333333333 0.4597222222222222 0.040625 0.04351851851851852
0 0.5716145833333334 0.4587962962962963 0.018229166666666668 0.058333333333333334
0 0.5317708333333333 0.44166666666666665 0.017708333333333333 0.07407407407407407
0 0.4328125 0.3712962962962963 0.036458333333333336 0.07407407407407407
0 0.46979166666666666 0.2523148148148148 0.022916666666666665 0.06944444444444445
0 0.4921875 0.0625 0.020833333333333332 0.0712962962962963
0 0.16302083333333334 0.6888888888888889 0.046875 0.03518518518518519
0 0.6822916666666666 0.611574074074074 0.03958333333333333 0.03611111111111111
0 0.75625 0.5671296296296297 0.040625 0.030555555555555555
0 0.7309895833333333 0.5212962962962963 0.04010416666666667 0.03333333333333333
0 0.74921875 0.47962962962962963 0.0390625 0.02962962962962963
0 0.7997395833333333 0.48194444444444445 0.0421875 0.030555555555555555
0 0.7934895833333333 0.5185185185185185 0.043229166666666666 0.03148148148148148
0 0.84921875 0.5203703703703704 0.0453125 0.03333333333333333
0 0.90703125 0.5180555555555556 0.044270833333333336 0.032407407407407406