0 0.51640625 0.058333333333333334 0.021354166666666667 0.07962962962962963
0 0.0578125 0.500462962962963 0.046875 0.030555555555555555
0 0.08645833333333333 0.5777777777777777 0.04375 0.03333333333333333
0 0.5169270833333334 0.6689814814814815 0.0328125 0.075
0 0.5770833333333333 0.6240740740740741 0.020833333333333332 0.07592592592592592
0 0.6505208333333333 0.7023148148148148 0.036458333333333336 0.0712962962962963
0 0.59296875 0.862037037037037 0.0234375 0.07777777777777778
0 0.903125 0.4949074074074074 0.04375 0.032407407407407406
0 0.8169270833333333 0.6351851851851852 0.043229166666666666 0.03148148148148148
0 0.8184895833333333 0.5009259259259259 0.04010416666666667 0.03333333333333333
0 0.7505208333333333 0.5050925925925925 0.040625 0.032407407407407406
0 0.64140625 0.4361111111111111 0.034895833333333334 0.03888888888888889