0 0.04088541666666667 0.4861111111111111 0.03802083333333333 0.025925925925925925
0 0.12916666666666668 0.48842592592592593 0.036458333333333336 0.026851851851851852
0 0.2765625 0.5180555555555556 0.034375 0.030555555555555555
0 0.3528645833333333 0.5157407407407407 0.03177083333333333 0.025925925925925925
0 0.4158854166666667 0.5439814814814815 0.030729166666666665 0.04351851851851852
0 0.4546875 0.6550925925925926 0.019791666666666666 0.05648148148148148
0 0.49453125 0.7023148148148148 0.016145833333333335 0.05462962962962963
0 0.49895833333333334 0.9018518518518519 0.013541666666666667 0.06296296296296296
0 0.49322916666666666 0.7810185185185186 0.013541666666666667 0.06018518518518518
0 0.47239583333333335 0.8601851851851852 0.014583333333333334 0.06111111111111111
0 0.6260416666666667 0.44907407407407407 0.03125 0.027777777777777776
0 0.9078125 0.43194444444444446 0.03333333333333333 0.026851851851851852
0 0.8669270833333333 0.43796296296296294 0.028645833333333332 0.022222222222222223