0 0.09817708333333333 0.637962962962963 0.0484375 0.046296296296296294
0 0.16484375 0.6101851851851852 0.04114583333333333 0.04259259259259259
0 0.15807291666666667 0.6675925925925926 0.0453125 0.044444444444444446
0 0.22317708333333333 0.6388888888888888 0.0421875 0.040740740740740744
0 0.24036458333333333 0.5856481481481481 0.043229166666666666 0.04351851851851852
0 0.30885416666666665 0.5472222222222223 0.041666666666666664 0.040740740740740744
0 0.27734375 0.6189814814814815 0.0359375 0.03981481481481482
0 0.5049479166666667 0.637962962962963 0.0265625 0.06111111111111111
0 0.5565104166666667 0.22083333333333333 0.018229166666666668 0.06944444444444445
0 0.7880208333333333 0.4875 0.042708333333333334 0.03796296296296296
0 0.8388020833333333 0.49074074074074076 0.0421875 0.03518518518518519
0 0.4388020833333333 0.04490740740740741 0.0203125 0.0712962962962963