0 0.10338541666666666 0.7472222222222222 0.043229166666666666 0.03888888888888889
0 0.14583333333333334 0.674537037037037 0.04583333333333333 0.04351851851851852
0 0.5919270833333333 0.5194444444444445 0.04010416666666667 0.03333333333333333
0 0.48854166666666665 0.549537037037037 0.0375 0.032407407407407406
0 0.7877604166666666 0.3773148148148148 0.043229166666666666 0.03425925925925926
0 0.7893229166666667 0.43148148148148147 0.04739583333333333 0.040740740740740744
0 0.7807291666666667 0.487962962962963 0.040625 0.03333333333333333
0 0.83125 0.49537037037037035 0.040625 0.03333333333333333
0 0.8447916666666667 0.4527777777777778 0.042708333333333334 0.037037037037037035
0 0.8856770833333333 0.4097222222222222 0.050520833333333334 0.03981481481481482
0 0.9 0.4583333333333333 0.042708333333333334 0.03518518518518519
0 0.8333333333333334 0.3902777777777778 0.0375 0.03611111111111111
0 0.9416666666666667 0.41805555555555557 0.042708333333333334 0.03796296296296296
0 0.96015625 0.47638888888888886 0.04635416666666667 0.03981481481481482
0 0.5268229166666667 0.9337962962962963 0.018229166666666668 0.075