0 0.584375 0.35509259259259257 0.030208333333333334 0.075
0 0.43125 0.5259259259259259 0.040625 0.03148148148148148
0 0.20572916666666666 0.5907407407407408 0.046875 0.03148148148148148
0 0.46640625 0.6064814814814815 0.03697916666666667 0.03333333333333333
0 0.5661458333333333 0.611574074074074 0.03854166666666667 0.032407407407407406
0 0.17526041666666667 0.5013888888888889 0.0453125 0.03611111111111111
0 0.13255208333333332 0.6842592592592592 0.0421875 0.03333333333333333
0 0.04010416666666667 0.625 0.041666666666666664 0.02962962962962963
0 0.7315104166666667 0.6328703703703704 0.03697916666666667 0.030555555555555555
0 0.6453125 0.6504629629629629 0.040625 0.032407407407407406
0 0.7453125 0.5699074074074074 0.041666666666666664 0.030555555555555555
0 0.8278645833333333 0.5231481481481481 0.043229166666666666 0.02962962962962963
0 0.6299479166666667 0.5263888888888889 0.04114583333333333 0.032407407407407406
0 0.8309895833333333 0.6171296296296296 0.0390625 0.030555555555555555
0 0.5197916666666667 0.09166666666666666 0.019791666666666666 0.07037037037037037