0 0.20989583333333334 0.575462962962963 0.041666666666666664 0.03425925925925926
0 0.26588541666666665 0.5805555555555556 0.0421875 0.03333333333333333
0 0.26276041666666666 0.6361111111111111 0.043229166666666666 0.037037037037037035
0 0.503125 0.4236111111111111 0.01875 0.075
0 0.5075520833333333 0.6796296296296296 0.0265625 0.08148148148148149
0 0.5307291666666667 0.30462962962962964 0.019791666666666666 0.07777777777777778
0 0.62890625 0.4162037037037037 0.03697916666666667 0.049074074074074076
0 0.5028645833333333 0.8944444444444445 0.028645833333333332 0.07777777777777778
0 0.7541666666666667 0.4587962962962963 0.040625 0.03796296296296296
0 0.75234375 0.49675925925925923 0.04114583333333333 0.03425925925925926
0 0.8153645833333333 0.4935185185185185 0.04114583333333333 0.03148148148148148
0 0.8140625 0.45092592592592595 0.041666666666666664 0.02962962962962963
0 0.884375 0.48564814814814816 0.04479166666666667 0.03425925925925926
0 0.7622395833333333 0.5412037037037037 0.0421875 0.03425925925925926
0 0.9408854166666667 0.4925925925925926 0.044270833333333336 0.03518518518518519
0 0.63046875 0.9523148148148148 0.022395833333333334 0.06759259259259259