0 0.01875 0.5046296296296297 0.035416666666666666 0.024074074074074074
0 0.13723958333333333 0.49583333333333335 0.0359375 0.026851851851851852
0 0.33828125 0.5222222222222223 0.0328125 0.025925925925925925
0 0.3515625 0.48703703703703705 0.03125 0.025925925925925925
0 0.43697916666666664 0.48194444444444445 0.03125 0.025
0 0.55625 0.475462962962963 0.03125 0.026851851851851852
0 0.5270833333333333 0.537962962962963 0.023958333333333335 0.044444444444444446
0 0.42578125 0.5925925925925924 0.0234375 0.05
0 0.45416666666666666 0.7356481481481482 0.016666666666666666 0.06388888888888888
0 0.48333333333333334 0.7291666666666666 0.016666666666666666 0.06018518518518518
0 0.48671875 0.8203703703703704 0.016145833333333335 0.05925925925925926
0 0.49270833333333336 0.9583333333333334 0.015625 0.06296296296296296
0 0.9036458333333334 0.4203703703703704 0.029166666666666667 0.025925925925925925
0 0.8432291666666667 0.42685185185185187 0.030208333333333334 0.022222222222222223
0 0.7481770833333333 0.43148148148148147 0.03177083333333333 0.022222222222222223
0 0.6828125 0.4361111111111111 0.035416666666666666 0.02962962962962963