0 0.21119791666666668 0.5763888888888888 0.04010416666666667 0.03611111111111111
0 0.26640625 0.5819444444444445 0.04114583333333333 0.03425925925925926
0 0.2638020833333333 0.6347222222222222 0.0421875 0.032407407407407406
0 0.47317708333333336 0.29907407407407405 0.018229166666666668 0.07407407407407407
0 0.5338541666666666 0.43657407407407406 0.022916666666666665 0.08055555555555556
0 0.59921875 0.36944444444444446 0.03177083333333333 0.053703703703703705
0 0.5216145833333333 0.7277777777777777 0.022395833333333334 0.07777777777777778
0 0.5091145833333334 0.1912037037037037 0.0171875 0.06759259259259259
0 0.51953125 0.032407407407407406 0.0203125 0.06481481481481481
0 0.6317708333333333 0.7731481481481481 0.023958333333333335 0.06851851851851852
0 0.7546875 0.45601851851851855 0.041666666666666664 0.03425925925925926
0 0.753125 0.49444444444444446 0.040625 0.03333333333333333
0 0.7638020833333333 0.5388888888888889 0.043229166666666666 0.03518518518518519
0 0.8171875 0.49027777777777776 0.03958333333333333 0.03425925925925926
0 0.8143229166666667 0.45 0.0421875 0.03148148148148148
0 0.8859375 0.4828703703703704 0.042708333333333334 0.03425925925925926
0 0.9424479166666667 0.49027777777777776 0.043229166666666666 0.03425925925925926