0 0.5427083333333333 0.7814814814814814 0.028125 0.08148148148148149
0 0.5815104166666667 0.7055555555555556 0.022395833333333334 0.07962962962962963
0 0.6286458333333333 0.7847222222222222 0.026041666666666668 0.0787037037037037
0 0.49244791666666665 0.9333333333333333 0.021354166666666667 0.07777777777777778
0 0.5166666666666667 0.058333333333333334 0.020833333333333332 0.07592592592592592
0 0.6411458333333333 0.4393518518518518 0.035416666666666666 0.04351851851851852
0 0.7533854166666667 0.5069444444444444 0.04114583333333333 0.032407407407407406
0 0.7528645833333333 0.6435185185185185 0.04114583333333333 0.03333333333333333
0 0.8286458333333333 0.5027777777777778 0.03958333333333333 0.03148148148148148
0 0.9283854166666666 0.49583333333333335 0.043229166666666666 0.032407407407407406
0 0.16588541666666667 0.5074074074074074 0.0453125 0.03148148148148148