0 0.17083333333333334 0.48518518518518516 0.03333333333333333 0.022222222222222223
0 0.24921875 0.48703703703703705 0.03697916666666667 0.024074074074074074
0 0.20755208333333333 0.5189814814814815 0.033854166666666664 0.026851851851851852
0 0.3515625 0.5194444444444445 0.03125 0.025925925925925925
0 0.32395833333333335 0.48564814814814816 0.03333333333333333 0.025
0 0.4088541666666667 0.48148148148148145 0.03125 0.024074074074074074
0 0.35833333333333334 0.35138888888888886 0.030208333333333334 0.025
0 0.5096354166666667 0.28703703703703703 0.03177083333333333 0.025925925925925925
0 0.49583333333333335 0.35138888888888886 0.026041666666666668 0.03796296296296296
0 0.4861979166666667 0.4689814814814815 0.027604166666666666 0.023148148148148147
0 0.43333333333333335 0.5773148148148148 0.028125 0.05092592592592592
0 0.51875 0.6106481481481482 0.017708333333333333 0.05277777777777778
0 0.5434895833333333 0.5361111111111111 0.025520833333333333 0.04259259259259259
0 0.45390625 0.713888888888889 0.0171875 0.06296296296296296
0 0.49140625 0.6833333333333333 0.0140625 0.04814814814814815
0 0.49244791666666665 0.7796296296296297 0.0140625 0.05925925925925926
0 0.49661458333333336 0.860648148148148 0.0140625 0.06574074074074074
0 0.49921875 0.9550925925925926 0.018229166666666668 0.07685185185185185
0 0.871875 0.4388888888888889 0.027083333333333334 0.024074074074074074
0 0.8276041666666667 0.4388888888888889 0.030208333333333334 0.024074074074074074
0 0.78046875 0.49907407407407406 0.030729166666666665 0.024074074074074074