0 0.27265625 0.5916666666666667 0.043229166666666666 0.03148148148148148
0 0.27578125 0.6388888888888888 0.0421875 0.03518518518518519
0 0.2825520833333333 0.6833333333333333 0.043229166666666666 0.03148148148148148
0 0.7510416666666667 0.4685185185185185 0.046875 0.037037037037037035
0 0.81171875 0.4652777777777778 0.0421875 0.03425925925925926
0 0.8755208333333333 0.46620370370370373 0.04791666666666667 0.03611111111111111
0 0.9536458333333333 0.46574074074074073 0.04479166666666667 0.03333333333333333
0 0.96875 0.5101851851851852 0.04583333333333333 0.03518518518518519
0 0.91875 0.5550925925925926 0.042708333333333334 0.028703703703703703
0 0.81015625 0.5055555555555555 0.0421875 0.02962962962962963
0 0.7536458333333333 0.5171296296296296 0.04479166666666667 0.03425925925925926
0 0.8653645833333333 0.5092592592592593 0.0421875 0.03333333333333333
0 0.91796875 0.5074074074074074 0.04114583333333333 0.02962962962962963