0 0.041666666666666664 0.3087962962962963 0.036458333333333336 0.026851851851851852
0 0.1375 0.4726851851851852 0.034375 0.025
0 0.17578125 0.500462962962963 0.033854166666666664 0.026851851851851852
0 0.27578125 0.47175925925925927 0.030729166666666665 0.025
0 0.3177083333333333 0.5009259259259259 0.034375 0.027777777777777776
0 0.35963541666666665 0.4689814814814815 0.03177083333333333 0.025
0 0.3953125 0.5152777777777777 0.034375 0.03425925925925926
0 0.44505208333333335 0.6013888888888889 0.0203125 0.04537037037037037
0 0.44192708333333336 0.7541666666666667 0.015104166666666667 0.062037037037037036
0 0.4890625 0.6662037037037037 0.014583333333333334 0.05092592592592592
0 0.49114583333333334 0.7611111111111111 0.014583333333333334 0.05740740740740741
0 0.4953125 0.8425925925925926 0.013541666666666667 0.06481481481481481
0 0.4984375 0.9398148148148148 0.01875 0.08333333333333333
0 0.5471354166666667 0.5115740740740741 0.027604166666666666 0.04722222222222222
0 0.5265625 0.4393518518518518 0.03125 0.026851851851851852
0 0.49244791666666665 0.33425925925925926 0.0265625 0.03888888888888889
0 0.8684895833333334 0.4203703703703704 0.027604166666666666 0.027777777777777776
0 0.82578125 0.4185185185185185 0.030729166666666665 0.022222222222222223
0 0.8119791666666667 0.4546296296296296 0.03125 0.024074074074074074
0 0.6979166666666666 0.4597222222222222 0.035416666666666666 0.025
0 0.721875 0.4287037037037037 0.027083333333333334 0.022222222222222223
0 0.8138020833333334 0.30694444444444446 0.0296875 0.021296296296296296