0 0.5325520833333334 0.45925925925925926 0.0234375 0.07407407407407407
0 0.7309895833333333 0.5236111111111111 0.0421875 0.03796296296296296
0 0.7486979166666666 0.48194444444444445 0.04114583333333333 0.032407407407407406
0 0.5752604166666667 0.2175925925925926 0.0203125 0.06481481481481481
0 0.45078125 0.337037037037037 0.0328125 0.06851851851851852
0 0.3885416666666667 0.42685185185185187 0.04479166666666667 0.05555555555555555
0 0.2640625 0.4689814814814815 0.040625 0.03611111111111111
0 0.22369791666666666 0.5902777777777778 0.04635416666666667 0.03611111111111111
0 0.2903645833333333 0.5990740740740741 0.0453125 0.03333333333333333
0 0.09010416666666667 0.5861111111111111 0.053125 0.03888888888888889
0 0.16354166666666667 0.5875 0.040625 0.03425925925925926
0 0.15859375 0.5018518518518519 0.05364583333333333 0.03888888888888889
0 0.4828125 0.1527777777777778 0.020833333333333332 0.07407407407407407
0 0.7549479166666667 0.5666666666666667 0.044270833333333336 0.03148148148148148
0 0.79296875 0.5203703703703704 0.044270833333333336 0.02962962962962963
0 0.8489583333333334 0.5222222222222223 0.04583333333333333 0.037037037037037035
0 0.7395833333333334 0.6189814814814815 0.03854166666666667 0.032407407407407406
0 0.9067708333333333 0.5185185185185185 0.04375 0.03333333333333333
0 0.9752604166666666 0.5208333333333334 0.04635416666666667 0.03425925925925926