0 0.05911458333333333 0.49398148148148147 0.0484375 0.03611111111111111
0 0.2671875 0.5125 0.04479166666666667 0.030555555555555555
0 0.640625 0.43842592592592594 0.035416666666666666 0.041666666666666664
0 0.6997395833333333 0.6564814814814814 0.04010416666666667 0.044444444444444446
0 0.7567708333333333 0.5064814814814815 0.040625 0.03333333333333333
0 0.8442708333333333 0.5018518518518519 0.03958333333333333 0.03148148148148148
0 0.9598958333333333 0.49537037037037035 0.042708333333333334 0.03148148148148148
0 0.58671875 0.8 0.022395833333333334 0.07962962962962963
0 0.490625 0.8569444444444444 0.03125 0.075
0 0.5604166666666667 0.9120370370370371 0.025 0.08148148148148149
0 0.6234375 0.8648148148148148 0.021875 0.07962962962962963
0 0.5158854166666668 0.056018518518518516 0.021354166666666667 0.0824074074074074