0 0.4640625 0.3175925925925926 0.015625 0.07222222222222222
0 0.49114583333333334 0.27037037037037037 0.016666666666666666 0.06851851851851852
0 0.5364583333333334 0.31527777777777777 0.019791666666666666 0.0787037037037037
0 0.5731770833333333 0.25555555555555554 0.019270833333333334 0.07407407407407407
0 0.49192708333333335 0.4064814814814815 0.019270833333333334 0.07037037037037037
0 0.28828125 0.5634259259259259 0.044270833333333336 0.04351851851851852
0 0.16536458333333334 0.6277777777777778 0.044270833333333336 0.05925925925925926
0 0.22239583333333332 0.5953703703703703 0.040625 0.040740740740740744
0 0.20651041666666667 0.6513888888888889 0.03802083333333333 0.04351851851851852
0 0.25729166666666664 0.6259259259259259 0.04583333333333333 0.046296296296296294
0 0.40520833333333334 0.6731481481481482 0.04479166666666667 0.05185185185185185
0 0.5440104166666667 0.6560185185185186 0.019270833333333334 0.06759259259259259
0 0.5533854166666666 0.8962962962962963 0.019270833333333334 0.07592592592592592
0 0.528125 0.913425925925926 0.017708333333333333 0.075
0 0.5026041666666666 0.9532407407407407 0.019791666666666666 0.0787037037037037