0 0.06927083333333334 0.48333333333333334 0.035416666666666666 0.024074074074074074
0 0.17057291666666666 0.48055555555555557 0.0296875 0.024074074074074074
0 0.21588541666666666 0.48842592592592593 0.0328125 0.026851851851851852
0 0.134375 0.35185185185185186 0.030208333333333334 0.022222222222222223
0 0.309375 0.33055555555555555 0.029166666666666667 0.024074074074074074
0 0.4895833333333333 0.2814814814814815 0.026041666666666668 0.024074074074074074
0 0.7505208333333333 0.2638888888888889 0.028125 0.022222222222222223
0 0.703125 0.29166666666666674 0.03125 0.025925925925925925
0 0.6630208333333333 0.2916666666666667 0.028125 0.024074074074074074
0 0.609375 0.29259259259259257 0.027083333333333334 0.024074074074074074
0 0.5692708333333333 0.29259259259259257 0.029166666666666667 0.020370370370370372
0 0.5682291666666667 0.31712962962962965 0.03125 0.023148148148148147
0 0.65703125 0.4740740740740741 0.030729166666666665 0.024074074074074074
0 0.74375 0.4300925925925926 0.029166666666666667 0.023148148148148147
0 0.90078125 0.41805555555555557 0.030729166666666665 0.025
0 0.8528645833333334 0.4263888888888889 0.028645833333333332 0.023148148148148147
0 0.3145833333333333 0.47638888888888886 0.028125 0.023148148148148147
0 0.3671875 0.4759259259259259 0.03229166666666667 0.022222222222222223
0 0.40078125 0.524537037037037 0.030729166666666665 0.03425925925925926
0 0.4484375 0.624537037037037 0.020833333333333332 0.05277777777777778
0 0.5059895833333333 0.5564814814814815 0.015104166666666667 0.05
0 0.4591145833333333 0.7921296296296296 0.016145833333333335 0.062037037037037036