0 0.11041666666666666 0.35324074074074074 0.030208333333333334 0.023148148148148147
0 0.18958333333333333 0.35324074074074074 0.03125 0.023148148148148147
0 0.3328125 0.3263888888888889 0.030208333333333334 0.025
0 0.096875 0.49166666666666664 0.035416666666666666 0.022222222222222223
0 0.22552083333333334 0.5189814814814815 0.03333333333333333 0.025
0 0.33177083333333335 0.4842592592592593 0.028125 0.025925925925925925
0 0.3268229166666667 0.5162037037037037 0.033854166666666664 0.023148148148148147
0 0.42578125 0.47824074074074074 0.03177083333333333 0.025
0 0.4513020833333333 0.6592592592592592 0.019270833333333334 0.05
0 0.5135416666666667 0.5990740740740741 0.014583333333333334 0.044444444444444446
0 0.44505208333333335 0.8208333333333333 0.013020833333333334 0.06018518518518518
0 0.534375 0.47824074074074074 0.03229166666666667 0.023148148148148147
0 0.6270833333333333 0.4675925925925926 0.028125 0.025925925925925925
0 0.7065104166666667 0.4986111111111111 0.028645833333333332 0.026851851851851852
0 0.5666666666666667 0.3236111111111111 0.03229166666666667 0.025
0 0.6588541666666666 0.2967592592592593 0.029166666666666667 0.025
0 0.7046875 0.2708333333333333 0.029166666666666667 0.021296296296296296
0 0.7010416666666667 0.2953703703703704 0.030208333333333334 0.025925925925925925
0 0.90859375 0.42407407407407405 0.027604166666666666 0.024074074074074074
0 0.8395833333333333 0.42546296296296293 0.030208333333333334 0.023148148148148147
0 0.85234375 0.4638888888888889 0.030729166666666665 0.022222222222222223