0 0.07786458333333333 0.3282407407407407 0.0328125 0.025
0 0.1296875 0.30833333333333335 0.03125 0.022222222222222223
0 0.2942708333333333 0.30694444444444446 0.028125 0.023148148148148147
0 0.38333333333333336 0.33564814814814814 0.023958333333333335 0.025
0 0.4515625 0.3824074074074074 0.021875 0.037037037037037035
0 0.42526041666666664 0.55 0.0140625 0.05185185185185185
0 0.38359375 0.5166666666666667 0.030729166666666665 0.02962962962962963
0 0.3684895833333333 0.4759259259259259 0.03177083333333333 0.027777777777777776
0 0.32447916666666665 0.475 0.03229166666666667 0.022222222222222223
0 0.2747395833333333 0.47685185185185186 0.03177083333333333 0.025925925925925925
0 0.22942708333333334 0.47962962962962963 0.033854166666666664 0.025925925925925925
0 0.18697916666666667 0.48055555555555557 0.03229166666666667 0.025925925925925925
0 0.20494791666666667 0.5189814814814815 0.033854166666666664 0.026851851851851852
0 0.25833333333333336 0.5175925925925926 0.034375 0.025925925925925925
0 0.3033854166666667 0.5087962962962963 0.03177083333333333 0.025
0 0.34817708333333336 0.5087962962962963 0.030729166666666665 0.025
0 0.84296875 0.2949074074074074 0.030729166666666665 0.023148148148148147
0 0.8427083333333333 0.49583333333333335 0.028125 0.026851851851851852
0 0.48932291666666666 0.787962962962963 0.015104166666666667 0.06296296296296296
0 0.4903645833333333 0.6981481481481482 0.015104166666666667 0.05740740740740741