0 0.0328125 0.4597222222222222 0.04375 0.03425925925925926
0 0.27109375 0.5967592592592592 0.0421875 0.032407407407407406
0 0.27395833333333336 0.6439814814814815 0.042708333333333334 0.03611111111111111
0 0.5697916666666667 0.6717592592592593 0.020833333333333332 0.075
0 0.6481770833333333 0.7180555555555556 0.0328125 0.06018518518518518
0 0.525 0.4134259259259259 0.017708333333333333 0.0712962962962963
0 0.5065104166666666 0.20092592592592592 0.019270833333333334 0.07407407407407407
0 0.4830729166666667 0.08981481481481482 0.021354166666666667 0.07592592592592592
0 0.51328125 0.0699074074074074 0.0203125 0.0712962962962963
0 0.6182291666666667 0.836574074074074 0.021875 0.08055555555555556
0 0.7333333333333333 0.6462962962962963 0.046875 0.040740740740740744
0 0.7502604166666667 0.475462962962963 0.0453125 0.03796296296296296
0 0.7526041666666666 0.5236111111111111 0.046875 0.03425925925925926
0 0.809375 0.512962962962963 0.041666666666666664 0.03148148148148148
0 0.8111979166666666 0.47175925925925927 0.0421875 0.032407407407407406
0 0.87421875 0.4740740740740741 0.04739583333333333 0.03333333333333333
0 0.8643229166666667 0.5166666666666667 0.043229166666666666 0.03518518518518519
0 0.9174479166666667 0.5157407407407407 0.04114583333333333 0.02962962962962963
0 0.96796875 0.5185185185185185 0.0453125 0.03518518518518519