0 0.4791666666666667 0.16296296296296298 0.020833333333333332 0.041666666666666664
0 0.4203125 0.19166666666666668 0.020833333333333332 0.022222222222222223
0 0.4278645833333333 0.19398148148148148 0.015104166666666667 0.014814814814814815
0 0.48880208333333336 0.17222222222222222 0.009375 0.008333333333333333
0 0.49583333333333335 0.17546296296296296 0.013020833333333334 0.012962962962962963
0 0.4315104166666667 0.20462962962962963 0.019791666666666666 0.016666666666666666
0 0.5078125 0.17916666666666667 0.014583333333333334 0.021296296296296296
0 0.44192708333333336 0.21157407407407408 0.015625 0.019444444444444445
0 0.52734375 0.18287037037037038 0.04635416666666667 0.04351851851851852
0 0.45208333333333334 0.2162037037037037 0.017708333333333333 0.016666666666666666
0 0.46119791666666665 0.22175925925925927 0.017708333333333333 0.023148148148148147
0 0.46901041666666665 0.23287037037037037 0.022916666666666665 0.021296296296296296
0 0.2453125 0.475 0.03958333333333333 0.0824074074074074
0 0.43046875 0.08055555555555556 0.008854166666666666 0.013888888888888888
0 0.4158854166666667 0.09398148148148149 0.009375 0.014814814814814815
0 0.44453125 0.08472222222222223 0.018229166666666668 0.01574074074074074
0 0.4265625 0.10138888888888889 0.010416666666666666 0.016666666666666666
0 0.43802083333333336 0.09722222222222222 0.011458333333333333 0.012962962962962963
0 0.42083333333333334 0.10462962962962963 0.0109375 0.010185185185185186