0 0.57109375 0.2865740740740741 0.023958333333333335 0.02962962962962963
0 0.5559895833333334 0.2847222222222222 0.01875 0.020370370370370372
0 0.55390625 0.2916666666666667 0.021354166666666667 0.018518518518518517
0 0.5489583333333333 0.2967592592592593 0.0234375 0.025
0 0.5380208333333333 0.3055555555555556 0.029166666666666667 0.032407407407407406
0 0.5294270833333333 0.30972222222222223 0.027604166666666666 0.028703703703703703
0 0.5190104166666667 0.31574074074074077 0.028125 0.030555555555555555
0 0.5088541666666667 0.2564814814814815 0.020833333333333332 0.028703703703703703
0 0.49661458333333336 0.26157407407407407 0.019791666666666666 0.03148148148148148
0 0.4856770833333333 0.2638888888888889 0.024479166666666666 0.03518518518518519
0 0.47760416666666666 0.2675925925925926 0.023958333333333335 0.032407407407407406
0 0.46927083333333336 0.27314814814814814 0.023958333333333335 0.03425925925925926