0 0.7231770833333333 0.29305555555555557 0.010416666666666666 0.011111111111111112
0 0.7291666666666666 0.3013888888888889 0.009375 0.012037037037037037
0 0.7364583333333333 0.31296296296296294 0.011979166666666667 0.01574074074074074
0 0.22630208333333332 0.2537037037037037 0.06302083333333333 0.040740740740740744
0 0.20885416666666667 0.25833333333333336 0.06197916666666667 0.04351851851851852
0 0.7971354166666667 0.35555555555555557 0.027083333333333334 0.03333333333333333
0 0.18255208333333334 0.2708333333333333 0.06041666666666667 0.06388888888888888
0 0.1453125 0.27685185185185185 0.09947916666666666 0.06666666666666667
0 0.12239583333333333 0.287962962962963 0.09947916666666666 0.0712962962962963
0 0.09166666666666666 0.29583333333333334 0.10052083333333334 0.07962962962962963
0 0.92421875 0.44537037037037036 0.053125 0.05277777777777778
0 0.047135416666666666 0.3148148148148148 0.08385416666666666 0.10185185185185185
0 0.028385416666666666 0.3472222222222222 0.04791666666666667 0.06296296296296296