0 0.3455729166666667 0.24351851851851852 0.017708333333333333 0.022222222222222223
0 0.10208333333333333 0.2675925925925926 0.044270833333333336 0.03333333333333333
0 0.6875 0.2898148148148148 0.022395833333333334 0.018518518518518517
0 0.6802083333333333 0.29907407407407405 0.021354166666666667 0.019444444444444445
0 0.6614583333333334 0.30648148148148147 0.022395833333333334 0.020370370370370372
0 0.7635416666666667 0.30972222222222223 0.023958333333333335 0.026851851851851852
0 0.12395833333333334 0.2949074074074074 0.0390625 0.040740740740740744
0 0.75390625 0.31527777777777777 0.021354166666666667 0.023148148148148147
0 0.7473958333333334 0.32407407407407407 0.025520833333333333 0.025925925925925925
0 0.6458333333333334 0.32175925925925924 0.027083333333333334 0.021296296296296296
0 0.14010416666666667 0.30833333333333335 0.04010416666666667 0.03796296296296296
0 0.7432291666666667 0.3333333333333333 0.019791666666666666 0.020370370370370372
0 0.725 0.3472222222222222 0.029166666666666667 0.02962962962962963
0 0.15572916666666667 0.33055555555555555 0.0484375 0.05
0 0.7145833333333333 0.35694444444444445 0.030208333333333334 0.03148148148148148
0 0.7033854166666667 0.36666666666666664 0.029166666666666667 0.028703703703703703
0 0.18697916666666667 0.37777777777777777 0.044270833333333336 0.03981481481481482
0 0.67890625 0.45 0.04479166666666667 0.037037037037037035