0 0.9684895833333333 0.18425925925925926 0.025520833333333333 0.030555555555555555
0 0.5614583333333333 0.15092592592592594 0.019270833333333334 0.023148148148148147
0 0.49140625 0.14212962962962963 0.0171875 0.026851851851851852
0 0.57734375 0.16296296296296298 0.0234375 0.02962962962962963
0 0.4979166666666667 0.1587962962962963 0.0265625 0.02962962962962963
0 0.9247395833333333 0.21851851851851853 0.022395833333333334 0.03425925925925926
0 0.5958333333333333 0.1824074074074074 0.019270833333333334 0.027777777777777776
0 0.6057291666666667 0.19398148148148148 0.01875 0.018518518518518517
0 0.54140625 0.20694444444444443 0.03229166666666667 0.028703703703703703
0 0.4005208333333333 0.2898148148148148 0.04895833333333333 0.05185185185185185
0 0.7166666666666667 0.48842592592592593 0.04114583333333333 0.06666666666666667
0 0.3536458333333333 0.5314814814814814 0.08072916666666667 0.11574074074074074
0 0.9940104166666667 0.15138888888888888 0.0109375 0.04537037037037037