0 0.6078125 0.2199074074074074 0.024479166666666666 0.025925925925925925
0 0.68046875 0.24351851851851852 0.024479166666666666 0.026851851851851852
0 0.6145833333333334 0.23055555555555557 0.021875 0.024074074074074074
0 0.6205729166666667 0.24166666666666667 0.024479166666666666 0.028703703703703703
0 0.6927083333333334 0.26342592592592595 0.0171875 0.023148148148148147
0 0.7015625 0.2740740740740741 0.0265625 0.026851851851851852
0 0.6270833333333333 0.25972222222222224 0.025520833333333333 0.027777777777777776
0 0.7078125 0.287962962962963 0.022916666666666665 0.024074074074074074
0 0.634375 0.275 0.027604166666666666 0.028703703703703703
0 0.7130208333333333 0.300462962962963 0.029166666666666667 0.027777777777777776
0 0.6419270833333334 0.29074074074074074 0.0328125 0.02962962962962963
0 0.6502604166666667 0.30694444444444446 0.030208333333333334 0.028703703703703703
0 0.4127604166666667 0.3763888888888889 0.043229166666666666 0.05185185185185185
0 0.2794270833333333 0.4013888888888889 0.05677083333333333 0.06944444444444445