0 0.5575520833333333 0.11435185185185186 0.024479166666666666 0.02962962962962963
0 0.5466145833333333 0.11712962962962963 0.025 0.026851851851851852
0 0.5315104166666667 0.12731481481481483 0.025 0.028703703703703703
0 0.6104166666666667 0.1574074074074074 0.030729166666666665 0.037037037037037035
0 0.5208333333333334 0.13240740740740742 0.0234375 0.030555555555555555
0 0.18307291666666667 0.012037037037037037 0.024479166666666666 0.024074074074074074
0 0.603125 0.16620370370370371 0.027083333333333334 0.03333333333333333
0 0.5080729166666667 0.13518518518518519 0.028645833333333332 0.03518518518518519
0 0.5958333333333333 0.17222222222222222 0.024479166666666666 0.030555555555555555
0 0.5828125 0.1736111111111111 0.026041666666666668 0.032407407407407406
0 0.57265625 0.18101851851851852 0.03229166666666667 0.03888888888888889
0 0.7565104166666666 0.25925925925925924 0.026041666666666668 0.041666666666666664
0 0.5643229166666667 0.1865740740740741 0.0296875 0.03796296296296296
0 0.5515625 0.19583333333333333 0.03125 0.03425925925925926
0 0.20963541666666666 0.06759259259259259 0.028125 0.040740740740740744
0 0.24869791666666666 0.12777777777777777 0.034895833333333334 0.049074074074074076
0 0.7776041666666667 0.4699074074074074 0.08958333333333333 0.14537037037037037
0 0.3171875 0.31574074074074077 0.034895833333333334 0.06018518518518518
0 0.31276041666666665 0.4638888888888889 0.044270833333333336 0.08611111111111111
0 0.5130208333333334 0.7027777777777777 0.07395833333333333 0.09814814814814815
0 0.17838541666666666 0.687037037037037 0.0921875 0.1527777777777778
0 0.8416666666666667 0.9287037037037037 0.234375 0.14074074074074075