0 0.63828125 0.2162037037037037 0.01875 0.025925925925925925
0 0.88203125 0.19490740740740742 0.04583333333333333 0.041666666666666664
0 0.30130208333333336 0.32592592592592595 0.0234375 0.022222222222222223
0 0.30911458333333336 0.3337962962962963 0.022395833333333334 0.023148148148148147
0 0.328125 0.3375 0.0234375 0.024074074074074074
0 0.22682291666666668 0.3597222222222222 0.025520833333333333 0.030555555555555555
0 0.86171875 0.2263888888888889 0.04114583333333333 0.04722222222222222
0 0.23671875 0.36342592592592593 0.022916666666666665 0.027777777777777776
0 0.24348958333333334 0.37083333333333335 0.0265625 0.030555555555555555
0 0.34427083333333336 0.35 0.028125 0.025925925925925925
0 0.8466145833333333 0.24259259259259258 0.0421875 0.04537037037037037
0 0.24817708333333333 0.37916666666666665 0.020833333333333332 0.024074074074074074
0 0.2674479166666667 0.38981481481481484 0.030729166666666665 0.03425925925925926
0 0.8325520833333333 0.2675925925925926 0.050520833333333334 0.058333333333333334
0 0.278125 0.3976851851851852 0.03177083333333333 0.03611111111111111
0 0.28984375 0.40555555555555556 0.030729166666666665 0.03333333333333333
0 0.8041666666666667 0.32037037037037036 0.04583333333333333 0.04722222222222222
0 0.3190104166666667 0.4837962962962963 0.046875 0.044444444444444446