0 0.46145833333333336 0.10694444444444444 0.0234375 0.025925925925925925
0 0.47239583333333335 0.1111111111111111 0.023958333333333335 0.023148148148148147
0 0.48671875 0.12407407407407407 0.024479166666666666 0.025
0 0.40677083333333336 0.14166666666666666 0.0296875 0.032407407407407406
0 0.4973958333333333 0.13055555555555556 0.022916666666666665 0.027777777777777776
0 0.8401041666666667 0.05694444444444444 0.022916666666666665 0.03333333333333333
0 0.41380208333333335 0.15185185185185185 0.026041666666666668 0.02962962962962963
0 0.5098958333333333 0.13518518518518519 0.027604166666666666 0.03148148148148148
0 0.4205729166666667 0.15833333333333333 0.023958333333333335 0.027777777777777776
0 0.43359375 0.16203703703703703 0.025520833333333333 0.028703703703703703
0 0.4432291666666667 0.17083333333333334 0.03125 0.03425925925925926
0 0.25625 0.22037037037037038 0.025 0.03888888888888889
0 0.4513020833333333 0.17777777777777778 0.028645833333333332 0.03425925925925926
0 0.4635416666666667 0.18888888888888888 0.030729166666666665 0.030555555555555555
0 0.8104166666666667 0.11435185185185186 0.0265625 0.03796296296296296
0 0.76875 0.16805555555555557 0.03333333333333333 0.04537037037037037
0 0.225 0.4273148148148148 0.08489583333333334 0.13518518518518519
0 0.6911458333333333 0.3449074074074074 0.0328125 0.05648148148148148
0 0.68828125 0.4930555555555556 0.04114583333333333 0.08148148148148149
0 0.47708333333333336 0.7 0.07083333333333333 0.08888888888888889
0 0.8111979166666666 0.7361111111111112 0.08697916666666666 0.1425925925925926
0 0.134375 0.9087962962962963 0.22604166666666667 0.18055555555555555