0 0.18645833333333334 0.9847222222222223 0.06614583333333333 0.025
0 0.0067708333333333336 0.3023148148148148 0.013541666666666667 0.014814814814814815
0 0.021614583333333333 0.30416666666666664 0.023958333333333335 0.018518518518518517
0 0.028645833333333332 0.3050925925925926 0.022395833333333334 0.017592592592592594
0 0.037760416666666664 0.30694444444444446 0.026041666666666668 0.018518518518518517
0 0.05755208333333333 0.31342592592592594 0.01875 0.020370370370370372
0 0.07109375 0.3138888888888889 0.025520833333333333 0.018518518518518517
0 0.1453125 0.4351851851851852 0.03958333333333333 0.027777777777777776
0 0.64375 0.475 0.03854166666666667 0.03796296296296296
0 0.8807291666666667 0.4898148148148148 0.10729166666666666 0.08796296296296297
0 0.32786458333333335 0.49953703703703706 0.034895833333333334 0.04814814814814815
0 0.4786458333333333 0.7134259259259259 0.06510416666666667 0.07407407407407407