0 0.9716145833333333 0.1986111111111111 0.025520833333333333 0.03148148148148148
0 0.56484375 0.1527777777777778 0.019270833333333334 0.024074074074074074
0 0.4947916666666667 0.14166666666666666 0.0171875 0.027777777777777776
0 0.58046875 0.16527777777777777 0.0234375 0.030555555555555555
0 0.5013020833333334 0.1587962962962963 0.0265625 0.030555555555555555
0 0.9276041666666667 0.23194444444444445 0.022916666666666665 0.03425925925925926
0 0.5989583333333334 0.18564814814814815 0.019270833333333334 0.028703703703703703
0 0.6088541666666667 0.19722222222222222 0.01875 0.019444444444444445
0 0.5442708333333334 0.20787037037037037 0.03229166666666667 0.02962962962962963
0 0.40260416666666665 0.28703703703703703 0.049479166666666664 0.053703703703703705
0 0.7166666666666667 0.49537037037037035 0.041666666666666664 0.06851851851851852
0 0.3533854166666667 0.5273148148148148 0.08177083333333333 0.1175925925925926
0 0.9955729166666667 0.1675925925925926 0.0078125 0.046296296296296294