0 0.13671875 0.8583333333333333 0.06770833333333333 0.049074074074074076
0 0.04088541666666667 0.12407407407407407 0.015104166666666667 0.020370370370370372
0 0.054947916666666666 0.13148148148148148 0.026041666666666668 0.026851851851851852
0 0.06171875 0.13518518518518519 0.023958333333333335 0.025925925925925925
0 0.07057291666666667 0.14027777777777778 0.027604166666666666 0.027777777777777776
0 0.0890625 0.1537037037037037 0.020833333333333332 0.026851851851851852
0 0.10234375 0.15925925925925927 0.027083333333333334 0.027777777777777776
0 0.16067708333333333 0.3055555555555556 0.0421875 0.04259259259259259
0 0.6434895833333333 0.5287037037037037 0.0421875 0.05092592592592592
0 0.8736979166666666 0.6310185185185185 0.11510416666666666 0.125
0 0.33177083333333335 0.4356481481481482 0.04010416666666667 0.06018518518518518
0 0.45416666666666666 0.700925925925926 0.071875 0.0962962962962963