0 0.7401041666666667 0.36527777777777776 0.0109375 0.013888888888888888
0 0.7450520833333333 0.375 0.010416666666666666 0.014814814814814815
0 0.7510416666666667 0.3888888888888889 0.013020833333333334 0.018518518518518517
0 0.25442708333333336 0.17314814814814813 0.0640625 0.05925925925925926
0 0.23671875 0.17175925925925925 0.06354166666666666 0.06111111111111111
0 0.8067708333333333 0.449537037037037 0.029166666666666667 0.040740740740740744
0 0.20963541666666666 0.1763888888888889 0.0640625 0.07962962962962963
0 0.17265625 0.17083333333333334 0.1015625 0.09444444444444444
0 0.14869791666666668 0.17453703703703705 0.10208333333333333 0.09907407407407408
0 0.11796875 0.17314814814814813 0.10416666666666667 0.10833333333333334
0 0.9231770833333334 0.5768518518518518 0.05572916666666667 0.06666666666666667
0 0.07213541666666666 0.17777777777777778 0.09010416666666667 0.12314814814814815
0 0.050520833333333334 0.2037037037037037 0.052083333333333336 0.075