0 0.8190104166666666 0.013425925925925926 0.017708333333333333 0.021296296296296296
0 0.8424479166666666 0.0125 0.019270833333333334 0.018518518518518517
0 0.37161458333333336 0.15694444444444444 0.018229166666666668 0.018518518518518517
0 0.378125 0.16111111111111112 0.018229166666666668 0.017592592592592594
0 0.38229166666666664 0.16527777777777777 0.015104166666666667 0.019444444444444445
0 0.39401041666666664 0.16527777777777777 0.025520833333333333 0.025925925925925925
0 0.39947916666666666 0.1699074074074074 0.025520833333333333 0.024074074074074074
0 0.4140625 0.18055555555555555 0.020833333333333332 0.022222222222222223
0 0.10130208333333333 0.2625 0.014583333333333334 0.017592592592592594
0 0.26927083333333335 0.3162037037037037 0.022916666666666665 0.030555555555555555
0 0.33177083333333335 0.3416666666666667 0.030208333333333334 0.03888888888888889
0 0.05182291666666667 0.9 0.0546875 0.10555555555555556