0 0.43333333333333335 0.3699074074074074 0.034895833333333334 0.03981481481481482
0 0.7645833333333333 0.35462962962962963 0.044270833333333336 0.04722222222222222
0 0.7502604166666667 0.36944444444444446 0.034895833333333334 0.04351851851851852
0 0.73984375 0.3814814814814815 0.042708333333333334 0.05
0 0.030208333333333334 0.6074074074074074 0.036458333333333336 0.06018518518518518
0 0.7229166666666667 0.3972222222222222 0.043229166666666666 0.04537037037037037
0 0.715625 0.4097222222222222 0.03697916666666667 0.04814814814814815
0 0.6901041666666666 0.42407407407407405 0.043229166666666666 0.05555555555555555
0 0.8958333333333334 0.3685185185185185 0.0390625 0.04814814814814815
0 0.6755208333333333 0.44027777777777777 0.0515625 0.06018518518518518
0 0.8841145833333334 0.38425925925925924 0.0515625 0.062037037037037036
0 0.8552083333333333 0.4148148148148148 0.05416666666666667 0.06851851851851852
0 0.8434895833333333 0.43194444444444446 0.05520833333333333 0.06574074074074074
0 0.83203125 0.45092592592592595 0.06041666666666667 0.06851851851851852
0 0.53984375 0.6648148148148149 0.057291666666666664 0.08333333333333333