0 0.87890625 0.17685185185185184 0.017708333333333333 0.020370370370370372
0 0.9018229166666667 0.18703703703703703 0.019270833333333334 0.018518518518518517
0 0.42604166666666665 0.10925925925925926 0.018229166666666668 0.017592592592592594
0 0.4315104166666667 0.11666666666666667 0.017708333333333333 0.016666666666666666
0 0.4348958333333333 0.12268518518518519 0.015104166666666667 0.018518518518518517
0 0.44635416666666666 0.12824074074074074 0.025520833333333333 0.025
0 0.4510416666666667 0.13472222222222222 0.025520833333333333 0.023148148148148147
0 0.4635416666666667 0.15231481481481482 0.020833333333333332 0.021296296296296296
0 0.14947916666666666 0.08703703703703704 0.014583333333333334 0.016666666666666666
0 0.30390625 0.21666666666666667 0.022916666666666665 0.02962962962962963
0 0.3606770833333333 0.26944444444444443 0.0296875 0.03796296296296296
0 0.01796875 0.6800925925925926 0.0359375 0.10462962962962963