0 0.8182291666666667 0.975 0.06614583333333333 0.026851851851851852
0 0.990625 0.28703703703703703 0.013541666666666667 0.01574074074074074
0 0.9763020833333333 0.28935185185185186 0.024479166666666666 0.019444444444444445
0 0.9692708333333333 0.29074074074074074 0.022395833333333334 0.018518518518518517
0 0.96015625 0.29259259259259257 0.026041666666666668 0.019444444444444445
0 0.9403645833333333 0.29953703703703705 0.01875 0.020370370370370372
0 0.9268229166666667 0.300462962962963 0.026041666666666668 0.019444444444444445
0 0.85390625 0.42453703703703705 0.04010416666666667 0.02962962962962963
0 0.35625 0.47962962962962963 0.0390625 0.03888888888888889
0 0.11927083333333334 0.5018518518518519 0.10833333333333334 0.09074074074074075
0 0.6721354166666667 0.49398148148148147 0.035416666666666666 0.05
0 0.5234375 0.7129629629629629 0.065625 0.07592592592592592