0 0.5666666666666667 0.18194444444444444 0.023958333333333335 0.023148148148148147
0 0.6403645833333333 0.1736111111111111 0.0234375 0.024074074074074074
0 0.5744791666666667 0.18935185185185185 0.021354166666666667 0.021296296296296296
0 0.5817708333333333 0.19768518518518519 0.0234375 0.025925925925925925
0 0.6549479166666666 0.1875 0.016666666666666666 0.021296296296296296
0 0.66484375 0.19398148148148148 0.026041666666666668 0.024074074074074074
0 0.590625 0.21203703703703702 0.024479166666666666 0.025
0 0.6729166666666667 0.2050925925925926 0.022395833333333334 0.021296296296296296
0 0.5997395833333333 0.22407407407407406 0.027083333333333334 0.025925925925925925
0 0.6794270833333333 0.21481481481481482 0.028645833333333332 0.025
0 0.609375 0.2361111111111111 0.03229166666666667 0.025925925925925925
0 0.61953125 0.24814814814814815 0.0296875 0.025925925925925925
0 0.3984375 0.41759259259259257 0.0421875 0.04722222222222222
0 0.27265625 0.49907407407407406 0.05520833333333333 0.06388888888888888