0 0.515625 0.16203703703703703 0.017708333333333333 0.037037037037037035
0 0.4549479166666667 0.17037037037037037 0.019270833333333334 0.016666666666666666
0 0.46197916666666666 0.175 0.014583333333333334 0.009259259259259259
0 0.52421875 0.17407407407407408 0.008854166666666666 0.005555555555555556
0 0.5307291666666667 0.18009259259259258 0.0125 0.008333333333333333
0 0.46432291666666664 0.1865740740740741 0.019270833333333334 0.011111111111111112
0 0.5419270833333333 0.1875 0.013020833333333334 0.016666666666666666
0 0.4739583333333333 0.19722222222222222 0.0140625 0.014814814814814815
0 0.5609375 0.19814814814814816 0.04479166666666667 0.028703703703703703
0 0.48359375 0.2050925925925926 0.016666666666666666 0.012037037037037037
0 0.49166666666666664 0.21342592592592594 0.016145833333333335 0.018518518518518517
0 0.4984375 0.2273148148148148 0.021875 0.014814814814814815
0 0.25286458333333334 0.3888888888888889 0.03229166666666667 0.07314814814814814
0 0.47682291666666665 0.06435185185185185 0.0078125 0.011111111111111112
0 0.4609375 0.07268518518518519 0.008333333333333333 0.012037037037037037
0 0.4901041666666667 0.07361111111111111 0.017708333333333333 0.010185185185185186
0 0.4705729166666667 0.0837962962962963 0.008854166666666666 0.013888888888888888
0 0.4822916666666667 0.0837962962962963 0.010416666666666666 0.009259259259259259
0 0.46458333333333335 0.08472222222222223 0.010416666666666666 0.006481481481481481