0 0.27682291666666664 0.29305555555555557 0.010416666666666666 0.011111111111111112
0 0.2708333333333333 0.3013888888888889 0.009375 0.012037037037037037
0 0.2635416666666667 0.31296296296296294 0.011979166666666667 0.01574074074074074
0 0.7736979166666667 0.2537037037037037 0.06302083333333333 0.040740740740740744
0 0.7911458333333333 0.25833333333333336 0.06197916666666667 0.04351851851851852
0 0.20286458333333332 0.35555555555555557 0.027083333333333334 0.03333333333333333
0 0.8174479166666667 0.2708333333333333 0.06041666666666667 0.06388888888888888
0 0.8546875 0.27685185185185185 0.09947916666666666 0.06666666666666667
0 0.8776041666666666 0.287962962962963 0.09947916666666666 0.0712962962962963
0 0.9083333333333333 0.29583333333333334 0.10052083333333334 0.07962962962962963
0 0.07578125 0.44537037037037036 0.053125 0.05277777777777778
0 0.9528645833333333 0.3148148148148148 0.08385416666666666 0.1
0 0.9716145833333333 0.3472222222222222 0.04791666666666667 0.06296296296296296