0 0.5559895833333334 0.2726851851851852 0.022916666666666665 0.025
0 0.5408854166666667 0.274537037037037 0.017708333333333333 0.016666666666666666
0 0.5390625 0.2814814814814815 0.021354166666666667 0.013888888888888888
0 0.5346354166666667 0.2875 0.022916666666666665 0.020370370370370372
0 0.5244791666666667 0.2986111111111111 0.028125 0.026851851851851852
0 0.5161458333333333 0.30462962962962964 0.027083333333333334 0.023148148148148147
0 0.50625 0.31296296296296294 0.027083333333333334 0.025
0 0.4921875 0.2564814814814815 0.019270833333333334 0.025925925925925925
0 0.48020833333333335 0.2638888888888889 0.01875 0.027777777777777776
0 0.46979166666666666 0.26851851851851855 0.0234375 0.030555555555555555
0 0.46171875 0.2740740740740741 0.022395833333333334 0.027777777777777776
0 0.45390625 0.2814814814814815 0.022916666666666665 0.030555555555555555