0 0.9575520833333333 0.12083333333333333 0.018229166666666668 0.024074074074074074
0 0.52109375 0.30092592592592593 0.020833333333333332 0.021296296296296296
0 0.5401041666666667 0.30462962962962964 0.021354166666666667 0.024074074074074074
0 0.5471354166666667 0.3050925925925926 0.022395833333333334 0.025925925925925925
0 0.5625 0.30925925925925923 0.027604166666666666 0.027777777777777776
0 0.49635416666666665 0.33564814814814814 0.019791666666666666 0.018518518518518517
0 0.5026041666666666 0.3388888888888889 0.027083333333333334 0.021296296296296296
0 0.28619791666666666 0.46111111111111114 0.05625 0.05925925925925926
0 0.5497395833333333 0.3648148148148148 0.0421875 0.05185185185185185
0 0.22578125 0.6925925925925925 0.09479166666666666 0.10185185185185185
0 0.7583333333333333 0.586574074074074 0.14583333333333334 0.21944444444444444