0 0.4825520833333333 0.16203703703703703 0.020833333333333332 0.041666666666666664
0 0.4234375 0.18935185185185185 0.020833333333333332 0.022222222222222223
0 0.43072916666666666 0.19212962962962962 0.015104166666666667 0.013888888888888888
0 0.49192708333333335 0.17175925925925925 0.009375 0.008333333333333333
0 0.49895833333333334 0.17546296296296296 0.013020833333333334 0.012037037037037037
0 0.434375 0.2023148148148148 0.019791666666666666 0.016666666666666666
0 0.5109375 0.17916666666666667 0.014583333333333334 0.020370370370370372
0 0.44453125 0.20972222222222223 0.015625 0.019444444444444445
0 0.53046875 0.1837962962962963 0.04635416666666667 0.04259259259259259
0 0.4549479166666667 0.21481481481481482 0.017708333333333333 0.016666666666666666
0 0.46380208333333334 0.22037037037037038 0.017708333333333333 0.023148148148148147
0 0.471875 0.23194444444444445 0.022916666666666665 0.021296296296296296
0 0.24557291666666667 0.4671296296296296 0.0390625 0.08148148148148149
0 0.43463541666666666 0.07824074074074074 0.008854166666666666 0.013888888888888888
0 0.4197916666666667 0.09166666666666666 0.009375 0.014814814814814815
0 0.4484375 0.08287037037037037 0.018229166666666668 0.014814814814814815
0 0.43046875 0.09907407407407408 0.010416666666666666 0.016666666666666666
0 0.44192708333333336 0.09537037037037037 0.011458333333333333 0.012962962962962963
0 0.42473958333333334 0.10185185185185185 0.0109375 0.010185185185185186