0 0.9682291666666667 0.1638888888888889 0.017708333333333333 0.023148148148148147
0 0.5268229166666667 0.30324074074074076 0.020833333333333332 0.019444444444444445
0 0.5458333333333333 0.3087962962962963 0.021354166666666667 0.022222222222222223
0 0.5528645833333333 0.30972222222222223 0.022395833333333334 0.024074074074074074
0 0.56796875 0.31527777777777777 0.027083333333333334 0.025
0 0.5013020833333334 0.3351851851851852 0.019791666666666666 0.016666666666666666
0 0.5072916666666667 0.33935185185185185 0.027083333333333334 0.019444444444444445
0 0.2875 0.44166666666666665 0.05572916666666667 0.05462962962962963
0 0.5536458333333333 0.36944444444444446 0.04114583333333333 0.049074074074074076
0 0.22057291666666667 0.6671296296296296 0.09322916666666667 0.09444444444444444
0 0.75546875 0.6101851851851852 0.1421875 0.20925925925925926