0 0.97734375 0.20787037037037037 0.0171875 0.022222222222222223
0 0.5325520833333334 0.3060185185185185 0.0203125 0.017592592592592594
0 0.5513020833333333 0.31296296296296294 0.020833333333333332 0.021296296296296296
0 0.5583333333333333 0.3148148148148148 0.021875 0.022222222222222223
0 0.5731770833333333 0.32175925925925924 0.027083333333333334 0.023148148148148147
0 0.50625 0.33564814814814814 0.019270833333333334 0.014814814814814815
0 0.5119791666666667 0.3402777777777778 0.0265625 0.016666666666666666
0 0.28958333333333336 0.4217592592592593 0.0546875 0.05
0 0.5572916666666666 0.37453703703703706 0.040625 0.04537037037037037
0 0.21588541666666666 0.6407407407407407 0.09166666666666666 0.08703703703703704
0 0.7518229166666667 0.6337962962962963 0.13802083333333334 0.19907407407407407