0 0.44192708333333336 0.274537037037037 0.022916666666666665 0.025925925925925925
0 0.45703125 0.2759259259259259 0.018229166666666668 0.017592592592592594
0 0.4588541666666667 0.2828703703703704 0.021354166666666667 0.014814814814814815
0 0.46328125 0.28888888888888886 0.022916666666666665 0.021296296296296296
0 0.4734375 0.29953703703703705 0.028645833333333332 0.027777777777777776
0 0.4817708333333333 0.3050925925925926 0.027083333333333334 0.024074074074074074
0 0.49192708333333335 0.31342592592592594 0.027083333333333334 0.025925925925925925
0 0.50546875 0.2564814814814815 0.019791666666666666 0.025925925925925925
0 0.5174479166666667 0.26342592592592595 0.01875 0.028703703703703703
0 0.528125 0.2675925925925926 0.0234375 0.03148148148148148
0 0.5359375 0.2726851851851852 0.022916666666666665 0.028703703703703703
0 0.54375 0.2800925925925926 0.022916666666666665 0.03148148148148148