0 0.013541666666666667 0.2884259259259259 0.027083333333333334 0.03611111111111111
0 0.41510416666666666 0.16666666666666666 0.0203125 0.026851851851851852
0 0.48411458333333335 0.14305555555555555 0.01875 0.02962962962962963
0 0.4002604166666667 0.18194444444444444 0.025 0.03425925925925926
0 0.4786458333333333 0.16064814814814815 0.028125 0.03518518518518519
0 0.05911458333333333 0.31296296296296294 0.024479166666666666 0.03796296296296296
0 0.38307291666666665 0.20555555555555555 0.020833333333333332 0.03148148148148148
0 0.37395833333333334 0.21898148148148147 0.019791666666666666 0.022222222222222223
0 0.4388020833333333 0.21805555555555556 0.03333333333333333 0.03518518518518519
0 0.584375 0.26990740740740743 0.0515625 0.06111111111111111
0 0.28411458333333334 0.5356481481481481 0.04479166666666667 0.07407407407407407
0 0.6473958333333333 0.5 0.08697916666666666 0.13055555555555556