0 0.60234375 0.21342592592592594 0.024479166666666666 0.024074074074074074
0 0.6755208333333333 0.23287037037037037 0.023958333333333335 0.025925925925925925
0 0.6091145833333333 0.22361111111111112 0.021875 0.023148148148148147
0 0.6153645833333333 0.23425925925925925 0.023958333333333335 0.027777777777777776
0 0.6880208333333333 0.2513888888888889 0.016666666666666666 0.022222222222222223
0 0.6971354166666667 0.26157407407407407 0.026041666666666668 0.025
0 0.6223958333333334 0.2518518518518518 0.025 0.026851851851851852
0 0.7036458333333333 0.275 0.022395833333333334 0.022222222222222223
0 0.6296875 0.2671296296296296 0.027083333333333334 0.027777777777777776
0 0.7088541666666667 0.2875 0.029166666666666667 0.026851851851851852
0 0.6377604166666667 0.28194444444444444 0.0328125 0.027777777777777776
0 0.6463541666666667 0.29768518518518516 0.0296875 0.027777777777777776
0 0.41015625 0.3819444444444444 0.042708333333333334 0.049074074074074076
0 0.27760416666666665 0.4152777777777778 0.05625 0.06666666666666667