0 0.32916666666666666 0.27870370370370373 0.01875 0.025
0 0.08932291666666667 0.35555555555555557 0.0453125 0.040740740740740744
0 0.6716145833333333 0.25092592592592594 0.022916666666666665 0.021296296296296296
0 0.6651041666666667 0.26157407407407407 0.022395833333333334 0.023148148148148147
0 0.646875 0.2726851851851852 0.0234375 0.024074074074074074
0 0.7484375 0.25416666666666665 0.025 0.030555555555555555
0 0.11276041666666667 0.37777777777777777 0.040625 0.046296296296296294
0 0.7393229166666667 0.26157407407407407 0.022395833333333334 0.026851851851851852
0 0.73359375 0.27175925925925926 0.0265625 0.02962962962962963
0 0.6325520833333333 0.2916666666666667 0.028125 0.025925925925925925
0 0.1296875 0.3875 0.0421875 0.044444444444444446
0 0.7302083333333333 0.2814814814814815 0.020833333333333332 0.023148148148148147
0 0.7127604166666667 0.29953703703703705 0.030729166666666665 0.03425925925925926
0 0.14661458333333333 0.4064814814814815 0.050520833333333334 0.05740740740740741
0 0.703125 0.31157407407407406 0.03125 0.03518518518518519
0 0.69296875 0.3236111111111111 0.030208333333333334 0.032407407407407406
0 0.18098958333333334 0.44675925925925924 0.04583333333333333 0.046296296296296294
0 0.67421875 0.4115740740740741 0.04635416666666667 0.04351851851851852