0 0.5033854166666667 0.10092592592592593 0.022395833333333334 0.023148148148148147
0 0.49322916666666666 0.10833333333333334 0.0234375 0.020370370370370372
0 0.47994791666666664 0.125 0.0234375 0.022222222222222223
0 0.5606770833333333 0.12037037037037036 0.028645833333333332 0.028703703703703703
0 0.4700520833333333 0.13425925925925927 0.021875 0.025
0 0.125 0.15694444444444444 0.021354166666666667 0.030555555555555555
0 0.5546875 0.13194444444444445 0.025 0.025925925925925925
0 0.45807291666666666 0.1425925925925926 0.0265625 0.027777777777777776
0 0.5484375 0.14074074074074075 0.022916666666666665 0.024074074074074074
0 0.5359375 0.1476851851851852 0.024479166666666666 0.025925925925925925
0 0.5270833333333333 0.15925925925925927 0.030208333333333334 0.030555555555555555
0 0.7161458333333334 0.15601851851851853 0.0234375 0.03518518518518519
0 0.5197916666666667 0.16805555555555557 0.027604166666666666 0.030555555555555555
0 0.50859375 0.18287037037037038 0.0296875 0.025925925925925925
0 0.15963541666666667 0.20555555555555555 0.025520833333333333 0.03425925925925926
0 0.20546875 0.24675925925925926 0.03177083333333333 0.040740740740740744
0 0.041666666666666664 0.053703703703703705 0.021354166666666667 0.03888888888888889
0 0.7653645833333333 0.35138888888888886 0.0796875 0.12407407407407407
0 0.29765625 0.399537037037037 0.030729166666666665 0.05277777777777778
0 0.31328125 0.5453703703703704 0.03802083333333333 0.07592592592592592
0 0.5401041666666667 0.6912037037037037 0.06770833333333333 0.07962962962962963
0 0.21328125 0.8199074074074074 0.08125 0.13148148148148148
0 0.8966145833333333 0.8537037037037037 0.20572916666666666 0.25555555555555554