0 0.76501953125 0.3021203703703704 0.0554296875 0.044981481481481476
0 0.14181640625 0.03175 0.0570703125 0.0635
0 0.037343749999999995 0.4394166666666667 0.057109375 0.05290740740740741
0 0.118798828125 0.45555555555555555 0.05986328125 0.05555555555555555
0 0.027421875 0.5179907407407407 0.05484375 0.09524074074074074
0 0.5280419921875 0.5195740740740741 0.024833984375 0.12433333333333334
0 0.959892578125 0.5219537037037038 0.06236328125 0.06612962962962964
0 0.238056640625 0.8063518518518519 0.05423828125 0.09788888888888889
0 0.5698876953125 0.8619074074074075 0.020634765625 0.1164074074074074
0 0.0716552734375 0.1259259259259259 0.061279296875 0.05555555555555555
0 0.50154296875 0.01587037037037037 0.0206640625 0.03174074074074074