0 0.325263671875 0.23594444444444443 0.03919921875 0.07188888888888889
0 0.8700048828125 0.30160185185185184 0.050556640625 0.062462962962962956
0 0.302568359375 0.3046481481481481 0.05435546875 0.07966666666666668
0 0.3640185546875 0.3069537037037037 0.028818359375 0.09538888888888888
0 0.9175048828125 0.32828703703703704 0.049853515625 0.0787962962962963
0 0.238759765625 0.045231481481481484 0.02634765625 0.031203703703703706
0 0.313056640625 0.46225925925925926 0.09486328125 0.08748148148148148
0 0.4357861328125 0.4677222222222222 0.084462890625 0.10951851851851852
0 0.2024951171875 0.5386666666666666 0.121787109375 0.11807407407407407
0 0.6217138671875 0.6216296296296296 0.114521484375 0.11362962962962962
0 0.2860693359375 0.6279166666666667 0.117060546875 0.12250000000000001
0 0.2297412109375 0.07124074074074074 0.021982421875 0.03507407407407408
0 0.087099609375 0.8342685185185185 0.17419921875 0.16112962962962965
0 0.2911669921875 0.8717314814814815 0.127255859375 0.1805
0 0.267392578125 0.12223148148148147 0.02697265625 0.03705555555555556
0 0.2166162109375 0.013888888888888888 0.019169921875 0.027777777777777776