0 0.143857421875 0.031037037037037033 0.05919921875 0.05837037037037037
0 0.76189453125 0.3028703703703704 0.0569921875 0.046481481481481485
0 0.038828125000000005 0.43651851851851853 0.058125 0.05081481481481482
0 0.4998779296875 0.04577777777777778 0.025146484375 0.09155555555555556
0 0.119599609375 0.454537037037037 0.05755859375 0.04981481481481481
0 0.022890625 0.5108425925925927 0.04578125 0.08094444444444444
0 0.937412109375 0.5302777777777778 0.06427734375 0.07166666666666667
0 0.52818359375 0.5673425925925926 0.0270703125 0.11987037037037038
0 0.2288671875 0.7854814814814816 0.0534375 0.09688888888888889
0 0.567919921875 0.8936296296296297 0.02255859375 0.11318518518518518
0 0.0737744140625 0.12794444444444444 0.059658203125 0.05588888888888889