0 0.32341796875 0.2307037037037037 0.0355078125 0.0502962962962963
0 0.8719189453125 0.3073425925925926 0.048525390625 0.06283333333333334
0 0.3613330078125 0.30872222222222223 0.035166015625 0.06559259259259259
0 0.3038232421875 0.30900925925925926 0.041240234375 0.06987037037037036
0 0.914736328125 0.33105555555555555 0.05798828125 0.06581481481481481
0 0.3090966796875 0.4680925925925926 0.090849609375 0.08433333333333333
0 0.4337890625 0.46921296296296294 0.078515625 0.09768518518518518
0 0.1969580078125 0.5464814814814816 0.106806640625 0.08925925925925926
0 0.6298291015625 0.6206481481481481 0.101455078125 0.10425925925925926
0 0.2902099609375 0.6266388888888889 0.111669921875 0.12364814814814815
0 0.102275390625 0.8328611111111112 0.16158203125 0.1583148148148148
0 0.30350097656249997 0.8762407407407408 0.118720703125 0.1561851851851852