0 0.3052978515625 0.19980555555555554 0.034423828125 0.04775925925925926
0 0.35408203125 0.27182407407407405 0.0304296875 0.05846296296296297
0 0.303798828125 0.30625 0.03728515625 0.07175925925925926
0 0.81533203125 0.3183611111111111 0.0505859375 0.06635185185185184
0 0.8384912109375 0.35388888888888886 0.061748046875 0.07444444444444445
0 0.20417968749999998 0.49050925925925926 0.0978125 0.09212962962962963
0 0.3545166015625 0.49251851851851847 0.082080078125 0.10725925925925926
0 0.7776025390625 0.5507407407407408 0.084501953125 0.08296296296296296
0 0.06459472656250001 0.5893240740740741 0.121376953125 0.10827777777777778
0 0.3004345703125 0.6067870370370371 0.108681640625 0.11357407407407408
0 0.3897509765625 0.706212962962963 0.113486328125 0.12353703703703703
0 0.5301904296875 0.756212962962963 0.097490234375 0.13464814814814813
0 0.2552783203125 0.10505555555555557 0.020322265625 0.024925925925925928