0 0.27271484375 0.19247222222222224 0.0337109375 0.0405
0 0.25705078125 0.3181111111111111 0.0394921875 0.06955555555555556
0 0.660068359375 0.3722037037037037 0.06037109375 0.08144444444444444
0 0.5580224609375 0.38132407407407404 0.069169921875 0.06635185185185184
0 0.37412109375 0.3916944444444444 0.0412109375 0.06857407407407408
0 0.307216796875 0.4494259259259259 0.04607421875 0.07662962962962963
0 0.7621630859375 0.4506111111111111 0.075107421875 0.07899999999999999
0 0.4458544921875 0.46520370370370373 0.083115234375 0.08225925925925927
0 0.187236328125 0.05446296296296296 0.01509765625 0.020037037037037037
0 0.06294921875 0.7832870370370371 0.1258984375 0.15546296296296297
0 0.2053515625 0.11328703703703703 0.018125 0.026574074074074073
0 0.231513671875 0.11942592592592592 0.01966796875 0.024037037037037037