0 0.3866064453125 0.21799074074074073 0.038837890625 0.039685185185185184
0 0.7625341796875 0.2359814814814815 0.038740234375 0.06085185185185185
0 0.0818359375 0.45158333333333334 0.073828125 0.08464814814814815
0 0.2142041015625 0.46878703703703706 0.070986328125 0.08201851851851852
0 0.1618994140625 0.4984166666666666 0.073798828125 0.08201851851851852
0 0.901005859375 0.5068796296296296 0.13208984375 0.11375925925925925
0 0.0992724609375 0.5436481481481481 0.079404296875 0.0872962962962963
0 0.043056640625 0.5955 0.08220703125 0.10581481481481482
0 0.0114208984375 0.6476203703703703 0.022841796875 0.07672222222222222
0 0.8171728515625 0.8201018518518519 0.165595703125 0.19575925925925924
0 0.766162109375 0.1608425925925926 0.03037109375 0.04761111111111111