0 0.681513671875 0.19215740740740742 0.05638671875 0.0732037037037037
0 0.289287109375 0.21225 0.05708984375 0.08005555555555555
0 0.366142578125 0.21506481481481482 0.04087890625 0.05975925925925926
0 0.4008984375 0.2785648148148148 0.043984375 0.07564814814814814
0 0.5768505859375 0.2899259259259259 0.093154296875 0.07244444444444444
0 0.900498046875 0.3046388888888889 0.07052734375 0.09446296296296296
0 0.9754833984375 0.33923148148148147 0.048623046875 0.07475925925925926
0 0.8725146484375 0.4341574074074074 0.082919921875 0.10535185185185185
0 0.2889111328125 0.4626388888888889 0.120791015625 0.1437962962962963
0 0.51060546875 0.4690925925925926 0.1325390625 0.11225925925925925
0 0.0606494140625 0.5688148148148148 0.121298828125 0.15614814814814815
0 0.3503857421875 0.14866666666666667 0.036708984375 0.064
0 0.8217041015625 0.17434259259259258 0.051611328125 0.07461111111111111