0 0.3917919921875 0.4053611111111111 0.072646484375 0.06257407407407407
0 0.0428466796875 0.47002777777777777 0.072021484375 0.07338888888888889
0 0.090263671875 0.48125 0.05748046875 0.08842592592592592
0 0.4846044921875 0.5281388888888888 0.041474609375 0.09331481481481482
0 0.5370751953125 0.5414722222222222 0.050712890625 0.08664814814814814
0 0.585458984375 0.547425925925926 0.04787109375 0.08003703703703703
0 0.688095703125 0.5632592592592593 0.05197265625 0.07466666666666667
0 0.78751953125 0.5750833333333334 0.0437890625 0.10201851851851852
0 0.7393701171875 0.5749259259259258 0.054912109375 0.0905925925925926
0 0.0435595703125 0.5822314814814814 0.087119140625 0.11631481481481482
0 0.885185546875 0.5868240740740741 0.06333984375 0.09587037037037037
0 0.466904296875 0.6396111111111111 0.05490234375 0.10144444444444445
0 0.527353515625 0.6467592592592593 0.05470703125 0.11944444444444445
0 0.6549462890625 0.6569907407407407 0.050126953125 0.11027777777777777
0 0.590478515625 0.6590462962962963 0.06181640625 0.11068518518518519
0 0.7625341796875 0.6726944444444445 0.069990234375 0.09353703703703703
0 0.833310546875 0.678787037037037 0.06115234375 0.13535185185185186
0 0.8864599609375 0.689787037037037 0.085419921875 0.13512962962962963
0 0.956962890625 0.7054259259259259 0.08580078125 0.13677777777777778