0 0.942822265625 0.2576851851851852 0.04580078125 0.05240740740740741
0 0.2652734375 0.31684259259259256 0.053984375 0.07442592592592592
0 0.3287939453125 0.37660185185185185 0.036494140625 0.05690740740740741
0 0.92994140625 0.39964814814814814 0.0727734375 0.06966666666666667
0 0.5558837890625 0.41711111111111115 0.076611328125 0.08237037037037036
0 0.446396484375 0.4213888888888889 0.07638671875 0.07981481481481481
0 0.354072265625 0.5055000000000001 0.08900390625 0.09618518518518518
0 0.1879638671875 0.6844351851851852 0.135693359375 0.13924074074074075
0 0.2231005859375 0.08464814814814815 0.026279296875 0.02485185185185185
0 0.0888232421875 0.8712777777777778 0.169833984375 0.1832962962962963
0 0.2024267578125 0.09311111111111112 0.020087890625 0.030666666666666665
0 0.25306640625 0.15475925925925924 0.0237109375 0.042851851851851856