0 0.18423828125 0.03298148148148149 0.0188671875 0.04003703703703704
0 0.26236328125 0.31975 0.0501171875 0.09135185185185185
0 0.347197265625 0.33608333333333335 0.04791015625 0.06846296296296296
0 0.3214306640625 0.399 0.037392578125 0.0905925925925926
0 0.8922216796875 0.40749074074074076 0.067646484375 0.07794444444444446
0 0.57564453125 0.41641666666666666 0.0673046875 0.09209259259259259
0 0.4707421875 0.4224537037037037 0.08015625 0.08935185185185185
0 0.37046875 0.49749074074074073 0.10421875 0.09127777777777778
0 0.1675537109375 0.7107037037037036 0.167138671875 0.16214814814814815
0 0.2208447265625 0.09140740740740741 0.023720703125 0.04948148148148148
0 0.029521484375 0.920675925925926 0.05904296875 0.13394444444444445
0 0.2001416015625 0.10233333333333333 0.025283203125 0.04911111111111111
0 0.249892578125 0.16687962962962963 0.03494140625 0.05227777777777778