0 0.300908203125 0.1905925925925926 0.03345703125 0.05525925925925926
0 0.3527099609375 0.2691851851851852 0.033544921875 0.0642962962962963
0 0.3009716796875 0.30625 0.053115234375 0.06435185185185185
0 0.795810546875 0.30679629629629634 0.06623046875 0.07655555555555556
0 0.808115234375 0.3642777777777778 0.08302734375 0.0692962962962963
0 0.3244677734375 0.49233333333333335 0.115732421875 0.08466666666666667
0 0.15348144531250002 0.5049074074074074 0.127275390625 0.1061111111111111
0 0.8212060546875 0.5268518518518519 0.091630859375 0.08703703703703704
0 0.0374560546875 0.5872314814814815 0.074912109375 0.08557407407407408
0 0.302080078125 0.6058425925925925 0.12955078125 0.1265
0 0.4711279296875 0.6615925925925926 0.123896484375 0.11577777777777779
0 0.5968359375 0.7171944444444444 0.10578125 0.12698148148148147
0 0.2562841796875 0.11107407407407408 0.026240234375 0.03696296296296296