0 0.3269189453125 0.21818518518518518 0.042509765625 0.040074074074074074
0 0.50572265625 0.3449259259259259 0.0758984375 0.08244444444444445
0 0.031220703125 0.4613425925925926 0.06244140625 0.08194444444444444
0 0.826767578125 0.46588888888888885 0.11642578125 0.10214814814814814
0 0.16330078125 0.46959259259259256 0.0766015625 0.07992592592592591
0 0.1105615234375 0.5026388888888889 0.080498046875 0.08675925925925926
0 0.046611328125 0.5502777777777778 0.08736328125 0.08944444444444444
0 0.017470703125 0.6009722222222221 0.03494140625 0.09083333333333332
0 0.7455810546875 0.06483333333333333 0.043896484375 0.03707407407407407
0 0.7658544921875 0.7483425925925926 0.148896484375 0.17075925925925925
0 0.7635400390625 0.09675925925925925 0.017314453125 0.030555555555555555