0 0.044169921875 0.4028333333333333 0.08833984375 0.06862962962962964
0 0.2195703125 0.4351203703703704 0.071953125 0.07024074074074074
0 0.257958984375 0.4544722222222222 0.06279296875 0.0756111111111111
0 0.0313525390625 0.4679722222222222 0.062705078125 0.07668518518518518
0 0.2060595703125 0.5346574074074074 0.089853515625 0.09894444444444445
0 0.6210009765625 0.5455277777777777 0.040830078125 0.09105555555555556
0 0.6725390625 0.5607407407407408 0.048203125 0.10296296296296296
0 0.726640625 0.5790648148148148 0.048984375 0.09516666666666666
0 0.8373095703125 0.6033055555555557 0.063291015625 0.11031481481481481
0 0.8934375 0.6315925925925926 0.0603125 0.10762962962962963
0 0.953017578125 0.6311481481481481 0.06228515625 0.11044444444444444
0 0.600009765625 0.6429537037037036 0.05158203125 0.10442592592592592
0 0.66068359375 0.6662592592592592 0.0616015625 0.12881481481481483
0 0.727626953125 0.6938425925925926 0.06462890625 0.11361111111111111
0 0.79626953125 0.701712962962963 0.0515234375 0.11453703703703703
0 0.9251416015625 0.7484537037037038 0.074892578125 0.12283333333333334
0 0.9828076171875 0.7589166666666667 0.033974609375 0.14375925925925925