0 0.0160693359375 0.4081018518518518 0.032138671875 0.05324074074074074
0 0.164365234375 0.5342592592592592 0.08654296875 0.08333333333333333
0 0.5845849609375 0.5428240740740741 0.046123046875 0.08564814814814815
0 0.6363330078125 0.5555555555555556 0.046103515625 0.09259259259259259
0 0.690400390625 0.5756944444444444 0.04486328125 0.09953703703703703
0 0.7971923828125 0.5895833333333333 0.053369140625 0.09027777777777778
0 0.8519873046875 0.6111111111111112 0.059443359375 0.09259259259259259
0 0.905087890625 0.6247685185185186 0.06017578125 0.09027777777777778
0 0.990126953125 0.6324074074074074 0.01931640625 0.06481481481481481
0 0.5667626953125 0.6398148148148148 0.053447265625 0.10185185185185185
0 0.6272998046875 0.6585648148148148 0.053427734375 0.11342592592592593
0 0.694423828125 0.6766203703703704 0.05095703125 0.1087962962962963
0 0.7597216796875 0.6851851851851852 0.054599609375 0.1111111111111111
0 0.8893359375 0.7185185185185186 0.08140625 0.12962962962962962
0 0.9542626953125 0.7347222222222223 0.086259765625 0.125