0 0.3047900390625 0.357 0.056845703125 0.04362962962962963
0 0.223720703125 0.3789351851851852 0.03728515625 0.04675925925925926
0 0.2606005859375 0.38881481481481484 0.064169921875 0.059111111111111114
0 0.2808251953125 0.41394444444444445 0.065556640625 0.053814814814814815
0 0.3277685546875 0.48086111111111113 0.040302734375 0.09135185185185185
0 0.43177734375 0.492425925925926 0.0686328125 0.07003703703703704
0 0.8552587890625 0.6099907407407407 0.058173828125 0.09405555555555556
0 0.918408203125 0.6426018518518518 0.06337890625 0.10001851851851852
0 0.9793603515625 0.6781666666666666 0.040751953125 0.1118888888888889
0 0.8258740234375 0.71525 0.065810546875 0.11568518518518518
0 0.9022509765625 0.7582037037037037 0.072080078125 0.14233333333333334
0 0.975517578125 0.8065462962962963 0.04869140625 0.14272222222222222