0 0.3877685546875 0.019157407407407404 0.015771484375 0.0235
0 0.4335302734375 0.19226851851851853 0.023310546875 0.03638888888888889
0 0.3012109375 0.1973888888888889 0.02234375 0.054037037037037036
0 0.4190185546875 0.22792592592592592 0.023583984375 0.04103703703703704
0 0.4508056640625 0.29127777777777775 0.030517578125 0.045518518518518514
0 0.4144189453125 0.31306481481481485 0.030009765625 0.052055555555555556
0 0.5856689453125 0.5098333333333334 0.046337890625 0.07892592592592593
0 0.324013671875 0.006462962962962964 0.01521484375 0.012925925925925928
0 0.370693359375 0.07227777777777777 0.01677734375 0.02603703703703704
0 0.66623046875 0.8136759259259259 0.0648828125 0.12364814814814815
0 0.2476708984375 0.013777777777777778 0.012919921875 0.027555555555555555
0 0.3506005859375 0.13772222222222222 0.017607421875 0.030999999999999996