0 0.2336962890625 0.022916666666666665 0.018173828125 0.034722222222222224
0 0.4087109375 0.21643518518518517 0.0303125 0.04398148148148148
0 0.3046044921875 0.27060185185185187 0.029130859375 0.06712962962962964
0 0.439833984375 0.27847222222222223 0.03396484375 0.05324074074074074
0 0.400537109375 0.29444444444444445 0.03154296875 0.05555555555555555
0 0.3574560546875 0.050694444444444445 0.015693359375 0.034722222222222224
0 0.58580078125 0.5171296296296296 0.0485546875 0.0787037037037037
0 0.65439453125 0.7974537037037037 0.0705078125 0.13194444444444445
0 0.3814990234375 0.011574074074074073 0.016904296875 0.023148148148148147
0 0.3349951171875 0.11064814814814815 0.015693359375 0.032407407407407406
0 0.42091796875 0.1763888888888889 0.0254296875 0.041666666666666664